# Number of parameters = 386 Objective function value = 310.254817067189  Maximum gradient component = 0.000155584924341968
# ln_q_srv:
 -0.0717680000000000
# natmort_f:
0.120000000000
# natmort_m:
0.127699380501
# Linf_f:
38.0340000000
# K_f:
0.137000000000
# t0_f:
0.297000000000
# Linf_m:
34.0300000000
# K_m:
0.161000000000
# t0_m:
0.515000000000
# age_incr:
 0.00000000000 0.00000000000 0.00000000000 0.00000000000 0.00000000000 0.00000000000 0.00000000000 0.00000000000 0.00000000000 0.00000000000 0.00000000000
# yr_incr:
 0.00000000000 0.00000000000 0.00000000000 0.00000000000 0.00000000000 0.00000000000 0.00000000000 0.00000000000 0.00000000000 0.00000000000 0.00000000000 0.00000000000 0.00000000000 0.00000000000 0.00000000000 0.00000000000 0.00000000000 0.00000000000 0.00000000000 0.00000000000 0.00000000000 0.00000000000 0.00000000000 0.00000000000 0.00000000000 0.00000000000 0.00000000000 0.00000000000 0.00000000000 0.00000000000 0.00000000000 0.00000000000 0.00000000000 0.00000000000 0.00000000000 0.00000000000 0.00000000000 0.00000000000 0.00000000000 0.00000000000 0.00000000000 0.00000000000 0.00000000000 0.00000000000 0.00000000000 0.00000000000 0.00000000000 0.00000000000 0.00000000000 0.00000000000 0.00000000000 0.00000000000 0.00000000000 0.00000000000 0.00000000000 0.00000000000 0.00000000000 0.00000000000 0.00000000000 0.00000000000 0.00000000000 0.00000000000 0.00000000000 0.00000000000 0.00000000000 0.00000000000 0.00000000000 0.00000000000 0.00000000000 0.00000000000
# growth_alpha:
0.380000000000
# q_alpha:
 0.159330525137
# q_beta[1]:
 0.0741903120618 0.00791929787361 -0.00370241382327
# mean_log_rec:
0.804493806183
# rec_dev:
 -0.304174159568 -0.612610056939 -0.803064351018 0.333693920336 0.0680627329748 -0.177083417062 -0.190397965004 -0.625140482939 -0.0851216488101 -0.680705187845 -0.745347684409 -0.459718981415 -0.389745996285 0.259145534645 0.681740840475 0.656598598579 0.926303376501 1.02318646343 0.778865253798 0.386332113757 0.647125040713 0.801094952152 0.322444267825 0.484083714473 0.0233735438989 -0.376039572198 0.111205204024 -0.0724623281824 0.948843735759 -0.441893939735 0.825609209067 -0.0767598746044 -0.329952850712 -0.0296071600547 0.255298655100 0.367353115742 -0.263874997328 -0.155728726171 0.463300695697 0.00282973699951 -0.120293503954 -0.0628071165928 0.724923738838 -0.0319100768877 -0.153571451661 -0.0209684386001 0.302046388889 -0.0580753071150 0.208287723046 0.171664124135 0.549851883505 -0.228490698687 -0.175367208255 -0.0770761519067 -0.149606218173 -0.0445823272400 0.156836912896 -0.697462500545 -1.12155883256 -0.826929416757 -0.955035039161 -0.545706131749 -0.295208820362 0.315982961410 -0.394794801324 -0.0366553776650 0.143488703761 -0.0858509831386 -0.0199762058505 -0.0177931016163 -0.000424024908250
# mean_log_init:
-0.559872565545
# init_dev_m:
 0.446697143257 0.0990720539502 0.0187283333927 -0.0172906285358 -0.0248696081088 -0.0283690185959 -0.0306387169350 -0.0333623564741 -0.0355101805851 -0.0367356099501 -0.0387074195946 -0.0394345877852 -0.0401219841002 -0.0404599040418 -0.0405902606531 -0.0406721770966 -0.0407367526626 -0.0407727632099 -0.0407962934680
# init_dev_f:
 0.463113360944 0.102464042550 0.0195835965792 -0.0175660618204 -0.0253760324863 -0.0289542953430 -0.0312712875244 -0.0340554976387 -0.0362470107039 -0.0374930603706 -0.0395017076257 -0.0402398188292 -0.0409369167343 -0.0412786664942 -0.0414100268235 -0.0414924126406 -0.0415572507326 -0.0415933379071 -0.0416168758220
# log_avg_fmort:
 -2.45064210975
# fmort_dev:
 -2.69552909036 -2.51828310288 -1.96467806492 -1.94245600872 -1.28233929258 0.261695798154 1.43777611107 2.12132882187 3.71272807731 1.33329969537 1.14824451659 0.887738967643 1.44109355553 1.69936497861 1.14624212365 1.97091472633 1.59512767910 1.82058838666 0.853817686884 1.20325318101 -0.0179110080313 0.175308584993 0.0123684739670 -0.588953515014 0.127703108739 -0.382581604802 -0.573629636560 -0.588571866578 -0.735154095149 -0.670574972578 -0.245420504822 0.154688298363 0.117566189486 0.0764624165309 0.354282424637 0.0832244503853 -0.583812378681 -0.450820476251 -0.199967386449 -0.381485319605 -0.0563599355919 -0.158477075874 -0.203324291490 0.254845634449 -0.145083520529 -0.499070552648 -0.359931199135 -0.680352055215 -0.523002241415 -0.681046138637 -0.773913248921 -0.631398373717 -0.597720484627 -0.354965391381 -0.112031256111 -0.506633910437 -0.389397917983 -0.160553537494 -0.183323414964 -0.0142876856149 0.000562350421205 -0.173107889094 -0.0896793705104 -0.125029761613 -0.0854315981306 -0.0328451940921 0.0224899746156 -0.162686382953 0.135227954786 -0.125090830169 -0.501032606147
# sel_slope_fsh_f:
 1.19216893686
# sel50_fsh_f:
 8.21752643180
# sel_slope_fsh_devs_f:
 6.66638061642e-06 4.54888151955e-05 0.000209868509311 0.000439329208408 0.00124800206593 0.00443744919896 -0.00150551383886 -0.103395874290 0.178066195130 0.0206724901305 -0.472584350296 0.153340872899 0.0899395573742 0.0326004197090 0.0385571814715 0.161124569013 0.113864517432 0.437548970544 0.219649162180 0.296213198397 0.0427201387163 0.224265934370 0.0159067420946 -0.219901991826 -0.0416239543011 -0.0578242019282 -0.233316695421 -0.220628699927 -0.126356804530 -0.0452998077332 0.00389663437382 0.0203310950619 0.111335879150 0.0738337423504 0.117328697368 0.119505585305 0.0776594190968 -0.255564694337 -0.0199173893559 -0.227558176195 -0.00504560131836 -0.0474152935352 -0.00823873095877 0.0563557202786 -0.0440454960580 -0.0728797295828 0.0122018522041 -0.0561644581266 0.0344704298689 0.00144943174332 -0.0559364613120 -0.131818108907 -0.00536632002079 -0.0466987038474 -0.0178914613260 0.0404580811621 -0.0195543544029 -0.0193214921369 0.0181284348490 0.0360704744358 0.0574766139651 0.00586428292878 0.0197731901792 -0.0142279251886 0.00489495161202 -0.0795607793666 -0.0236116890258 -0.0470132328582 -0.00403760947988 -0.120519914215 0.00293397913982
# sel50_fsh_devs_f:
 -8.46607151868e-05 -6.58102537372e-05 1.88716801919e-05 0.000327037776211 0.00178350631606 0.0151621665815 0.0613897635346 0.0262172101164 0.403246572618 -0.0515180666153 -0.204623972409 0.0819714569716 0.114741943217 0.0431429132618 0.0776313191488 0.0983831458912 -0.0406540065516 -0.137636427903 -0.0239423612051 -0.0259696996468 -0.117045334141 -0.0652576296747 0.0525877155260 -0.0903539980667 -0.0448338372081 -0.0600331278723 -0.0191961748528 -0.0437992272476 -0.119325528239 -0.150364965276 -0.0695156707244 -0.0582593795597 -0.0695147941056 0.0140889369277 0.0263597342232 0.101706822243 0.0601643667553 -0.0117188937135 0.00196536469650 0.0846494405482 0.0692506818542 0.0118170212497 0.0187152383233 0.00516760915914 0.0725584444022 0.165743709792 0.101493946365 0.0891778416259 0.129715618487 0.0375292458972 0.0526413369822 0.00989864245952 -0.0522266528477 -0.0119974321321 -0.0535240321868 -0.0121125499139 -0.0485345751363 -0.0405170807317 -0.0613921537129 -0.00406001546775 0.0224933902750 0.0720951552137 0.00869403924878 -0.0293579600035 -0.00926758689415 -0.0291966483977 -0.0864393810254 -0.122084638837 -0.113982199077 -0.0619066980656 0.00778296660103
# sel_slope_fsh_m:
 0.800000000000
# male_sel_offset:
0.00000000000
# sel_slope_fsh_devs_m:
 0.00000000000 0.00000000000 0.00000000000 0.00000000000 0.00000000000 0.00000000000 0.00000000000 0.00000000000 0.00000000000 0.00000000000 0.00000000000 0.00000000000 0.00000000000 0.00000000000 0.00000000000 0.00000000000 0.00000000000 0.00000000000 0.00000000000 0.00000000000 0.00000000000 0.00000000000 0.00000000000 0.00000000000 0.00000000000 0.00000000000 0.00000000000 0.00000000000 0.00000000000 0.00000000000 0.00000000000 0.00000000000 0.00000000000 0.00000000000 0.00000000000 0.00000000000 0.00000000000 0.00000000000 0.00000000000 0.00000000000 0.00000000000 0.00000000000 0.00000000000 0.00000000000 0.00000000000 0.00000000000 0.00000000000 0.00000000000 0.00000000000 0.00000000000 0.00000000000 0.00000000000 0.00000000000 0.00000000000 0.00000000000 0.00000000000 0.00000000000 0.00000000000 0.00000000000 0.00000000000 0.00000000000 0.00000000000 0.00000000000 0.00000000000 0.00000000000 0.00000000000 0.00000000000 0.00000000000 0.00000000000 0.00000000000 0.00000000000
# sel50_fsh_m:
 5.00000000000
# sel50_fsh_devs_m:
 0.00000000000 0.00000000000 0.00000000000 0.00000000000 0.00000000000 0.00000000000 0.00000000000 0.00000000000 0.00000000000 0.00000000000 0.00000000000 0.00000000000 0.00000000000 0.00000000000 0.00000000000 0.00000000000 0.00000000000 0.00000000000 0.00000000000 0.00000000000 0.00000000000 0.00000000000 0.00000000000 0.00000000000 0.00000000000 0.00000000000 0.00000000000 0.00000000000 0.00000000000 0.00000000000 0.00000000000 0.00000000000 0.00000000000 0.00000000000 0.00000000000 0.00000000000 0.00000000000 0.00000000000 0.00000000000 0.00000000000 0.00000000000 0.00000000000 0.00000000000 0.00000000000 0.00000000000 0.00000000000 0.00000000000 0.00000000000 0.00000000000 0.00000000000 0.00000000000 0.00000000000 0.00000000000 0.00000000000 0.00000000000 0.00000000000 0.00000000000 0.00000000000 0.00000000000 0.00000000000 0.00000000000 0.00000000000 0.00000000000 0.00000000000 0.00000000000 0.00000000000 0.00000000000 0.00000000000 0.00000000000 0.00000000000 0.00000000000
# sel_slope_srv:
 1.64950040596
# sel50_srv:
 4.29400136199
# sel_slope_srv_m:
 0.00000000000
# sel50_srv_m:
 0.00000000000
# F40:
 0.120000000000
# F35:
 0.160000000000
# F30:
 0.210000000000
# R_logalpha:
-4.54156922384
# R_logbeta:
-6.41601188097
# sigmaR:
0.600000000000
# wt_fsh_fut_f:
 6.00000000000 8.00000000000 20.0000000000 31.0000000000 138.000000000 204.000000000 242.000000000 339.000000000 377.000000000 432.000000000 445.000000000 510.000000000 493.000000000 557.000000000 588.000000000 605.000000000 643.000000000 619.000000000 637.000000000 658.000000000
# wt_fsh_fut_m:
 0.00000000000 4.00000000000 15.0000000000 34.0000000000 149.000000000 199.000000000 257.000000000 292.000000000 336.000000000 381.000000000 380.000000000 408.000000000 398.000000000 388.000000000 453.000000000 406.000000000 507.000000000 456.000000000 445.000000000 550.000000000
# wt_pop_fut_f:
 6.00000000000 6.00000000000 19.0000000000 40.0000000000 85.0000000000 132.000000000 211.000000000 312.000000000 365.000000000 439.000000000 534.000000000 525.000000000 576.000000000 597.000000000 611.000000000 651.000000000 723.000000000 720.000000000 821.000000000 868.000000000
# wt_pop_fut_m:
 4.00000000000 7.00000000000 12.0000000000 30.0000000000 83.0000000000 137.000000000 197.000000000 222.000000000 330.000000000 317.000000000 394.000000000 452.000000000 476.000000000 441.000000000 445.000000000 578.000000000 469.000000000 495.000000000 638.000000000 563.000000000
# log_msy_sel_f:
 -7.77768552491 -6.63212125868 -5.48874173714 -4.35207963487 -3.23573465674 -2.17747026775 -1.26172671486 -0.602345366932 -0.237805207052 -0.0827493879693 -0.0272288544094 -0.00880452474901 -0.00283933352439 -0.000917752968360 -0.000297808891877 -9.70671569784e-05 -3.17818003197e-05 -3.17825362014e-05 -3.17824253334e-05 -3.17832197375e-05
# log_msy_sel_m:
 -7.77768552484 -6.63212126116 -5.48874173702 -4.35207963749 -3.23573465535 -2.17747026726 -1.26172671537 -0.602345367073 -0.237805206841 -0.0827493885791 -0.0272288541152 -0.00880452470994 -0.00283933327906 -0.000917753379733 -0.000297810652691 -9.70685762767e-05 -3.17821229046e-05 -3.17832782309e-05 -3.17820004530e-05 -3.17825783244e-05
# rec_dev_future:
 0.00000000000 0.00000000000 0.00000000000 0.00000000000 0.00000000000 0.00000000000 0.00000000000 0.00000000000 0.00000000000 0.00000000000
