ParName   Value   Gradient
natmort_m     0.127699 -5.46665e-06
q_alpha(1)     0.159331  1.94585e-06
q_beta[1](1)    0.0741903 -6.68056e-07
q_beta[1](2)    0.0079193  -1.9924e-06
q_beta[1](3)  -0.00370241 -2.47441e-06
mean_log_rec     0.804494  7.04241e-06
rec_dev(1954)    -0.304174 -1.28986e-07
rec_dev(1955)     -0.61261  2.55067e-06
rec_dev(1956)    -0.803064  6.44391e-07
rec_dev(1957)     0.333694  4.46954e-06
rec_dev(1958)    0.0680627  6.10993e-06
rec_dev(1959)    -0.177083   6.0887e-06
rec_dev(1960)    -0.190398  5.65715e-06
rec_dev(1961)     -0.62514 -1.10584e-07
rec_dev(1962)   -0.0851216  3.68417e-06
rec_dev(1963)    -0.680705  8.18783e-07
rec_dev(1964)    -0.745348  2.33069e-06
rec_dev(1965)    -0.459719  5.03118e-06
rec_dev(1966)    -0.389746  3.48574e-06
rec_dev(1967)     0.259146  2.77845e-06
rec_dev(1968)     0.681741  1.51983e-06
rec_dev(1969)     0.656599  1.21873e-06
rec_dev(1970)     0.926303  3.67402e-06
rec_dev(1971)      1.02319  2.30851e-07
rec_dev(1972)     0.778865 -3.04856e-06
rec_dev(1973)     0.386332 -2.20806e-07
rec_dev(1974)     0.647125 -6.57775e-07
rec_dev(1975)     0.801095  1.14396e-06
rec_dev(1976)     0.322444     2.39e-06
rec_dev(1977)     0.484084  2.78899e-06
rec_dev(1978)    0.0233735  1.55314e-06
rec_dev(1979)     -0.37604  3.40958e-07
rec_dev(1980)     0.111205 -1.62225e-06
rec_dev(1981)   -0.0724623 -4.31221e-07
rec_dev(1982)     0.948844 -3.22375e-07
rec_dev(1983)    -0.441894  2.51891e-07
rec_dev(1984)     0.825609  1.99282e-06
rec_dev(1985)   -0.0767599  6.55411e-07
rec_dev(1986)    -0.329953  8.90043e-07
rec_dev(1987)   -0.0296072  1.40569e-06
rec_dev(1988)     0.255299  3.15267e-06
rec_dev(1989)     0.367353  4.64795e-06
rec_dev(1990)    -0.263875  2.86425e-06
rec_dev(1991)    -0.155729  4.14697e-06
rec_dev(1992)     0.463301  6.10276e-06
rec_dev(1993)   0.00282974  3.64181e-06
rec_dev(1994)    -0.120294  2.32791e-06
rec_dev(1995)   -0.0628071  2.36926e-06
rec_dev(1996)     0.724924  3.97362e-06
rec_dev(1997)   -0.0319101  2.66625e-06
rec_dev(1998)    -0.153571  1.90702e-06
rec_dev(1999)   -0.0209684  1.89837e-06
rec_dev(2000)     0.302046   5.0263e-06
rec_dev(2001)   -0.0580753  4.00695e-06
rec_dev(2002)     0.208288  4.27664e-06
rec_dev(2003)     0.171664  5.16187e-06
rec_dev(2004)     0.549852   4.6355e-06
rec_dev(2005)    -0.228491  4.11933e-06
rec_dev(2006)    -0.175367  3.88109e-06
rec_dev(2007)   -0.0770762  3.69633e-06
rec_dev(2008)    -0.149606  3.60753e-06
rec_dev(2009)   -0.0445823  3.80355e-06
rec_dev(2010)     0.156837  5.46907e-06
rec_dev(2011)    -0.697463  2.38814e-06
rec_dev(2012)     -1.12156  2.00315e-06
rec_dev(2013)    -0.826929  1.93154e-06
rec_dev(2014)    -0.955035  2.07258e-06
rec_dev(2015)    -0.545706  3.18869e-06
rec_dev(2016)    -0.295209  3.39255e-06
rec_dev(2017)     0.315983  6.52731e-06
rec_dev(2018)    -0.394795   3.6696e-07
rec_dev(2019)   -0.0366554  1.78599e-06
rec_dev(2020)     0.143489  2.05364e-07
rec_dev(2021)    -0.085851 -8.40139e-07
rec_dev(2022)   -0.0199762 -3.97498e-07
rec_dev(2023)   -0.0177931 -1.16195e-07
rec_dev(2024) -0.000424025  1.10526e-07
mean_log_init    -0.559873  1.39434e-07
init_dev_m(2)     0.446697 -1.30407e-07
init_dev_m(3)    0.0990721  2.28448e-07
init_dev_m(4)    0.0187283 -1.53346e-07
init_dev_m(5)   -0.0172906 -2.13509e-07
init_dev_m(6)   -0.0248696   6.8288e-08
init_dev_m(7)    -0.028369  2.11057e-07
init_dev_m(8)   -0.0306387 -2.54377e-07
init_dev_m(9)   -0.0333624 -1.46838e-07
init_dev_m(10)   -0.0355102 -1.18131e-07
init_dev_m(11)   -0.0367356   2.2663e-07
init_dev_m(12)   -0.0387074  2.05569e-07
init_dev_m(13)   -0.0394346  1.96978e-08
init_dev_m(14)    -0.040122  1.90421e-07
init_dev_m(15)   -0.0404599  2.43953e-07
init_dev_m(16)   -0.0405903 -4.36762e-08
init_dev_m(17)   -0.0406722   1.7574e-07
init_dev_m(18)   -0.0407368 -1.96286e-08
init_dev_m(19)   -0.0407728  7.26564e-08
init_dev_m(20)   -0.0407963  2.13782e-07
init_dev_f(2)     0.463113   1.0371e-06
init_dev_f(3)     0.102464 -2.55354e-07
init_dev_f(4)    0.0195836  1.58318e-08
init_dev_f(5)   -0.0175661 -2.34101e-07
init_dev_f(6)    -0.025376  3.76996e-07
init_dev_f(7)   -0.0289543  1.80856e-07
init_dev_f(8)   -0.0312713  -4.7139e-08
init_dev_f(9)   -0.0340555 -1.23516e-07
init_dev_f(10)    -0.036247  2.81643e-07
init_dev_f(11)   -0.0374931  2.82964e-07
init_dev_f(12)   -0.0395017  3.10078e-07
init_dev_f(13)   -0.0402398  3.62986e-07
init_dev_f(14)   -0.0409369  1.34126e-07
init_dev_f(15)   -0.0412787  2.94438e-07
init_dev_f(16)     -0.04141  6.01611e-07
init_dev_f(17)   -0.0414924 -5.82692e-07
init_dev_f(18)   -0.0415573  9.75094e-08
init_dev_f(19)   -0.0415933   2.5102e-07
init_dev_f(20)   -0.0416169 -3.38104e-08
log_avg_fmort(1)     -2.45064  8.26119e-07
fmort_dev(1,1954)     -2.69553 -2.89222e-06
fmort_dev(1,1955)     -2.51828 -8.20454e-07
fmort_dev(1,1956)     -1.96468  7.92096e-06
fmort_dev(1,1957)     -1.94246  7.99046e-07
fmort_dev(1,1958)     -1.28234 -2.03964e-06
fmort_dev(1,1959)     0.261696 -3.41784e-07
fmort_dev(1,1960)      1.43778  -2.1872e-06
fmort_dev(1,1961)      2.12133  3.49354e-06
fmort_dev(1,1962)      3.71273  1.47434e-06
fmort_dev(1,1963)       1.3333 -1.83794e-05
fmort_dev(1,1964)      1.14824  6.05161e-06
fmort_dev(1,1965)     0.887739 -6.11358e-06
fmort_dev(1,1966)      1.44109 -1.18722e-06
fmort_dev(1,1967)      1.69936  3.95876e-06
fmort_dev(1,1968)      1.14624  7.35727e-06
fmort_dev(1,1969)      1.97091   6.4949e-06
fmort_dev(1,1970)      1.59513 -1.29415e-06
fmort_dev(1,1971)      1.82059 -1.25118e-05
fmort_dev(1,1972)     0.853818  5.47101e-06
fmort_dev(1,1973)      1.20325  9.66216e-06
fmort_dev(1,1974)    -0.017911  -1.4298e-07
fmort_dev(1,1975)     0.175309 -5.66554e-06
fmort_dev(1,1976)    0.0123685  9.94996e-06
fmort_dev(1,1977)    -0.588954  8.12747e-06
fmort_dev(1,1978)     0.127703  9.18698e-06
fmort_dev(1,1979)    -0.382582  8.45948e-06
fmort_dev(1,1980)     -0.57363 -3.27101e-05
fmort_dev(1,1981)    -0.588572 -1.65783e-05
fmort_dev(1,1982)    -0.735154  1.38351e-06
fmort_dev(1,1983)    -0.670575  1.71166e-06
fmort_dev(1,1984)    -0.245421  3.80402e-06
fmort_dev(1,1985)     0.154688  3.48023e-06
fmort_dev(1,1986)     0.117566  4.29879e-06
fmort_dev(1,1987)    0.0764624  6.22785e-06
fmort_dev(1,1988)     0.354282  6.56923e-06
fmort_dev(1,1989)    0.0832245 -5.40263e-06
fmort_dev(1,1990)    -0.583812  1.56282e-05
fmort_dev(1,1991)     -0.45082 -2.91876e-05
fmort_dev(1,1992)    -0.199967 -7.64121e-06
fmort_dev(1,1993)    -0.381485  3.61984e-07
fmort_dev(1,1994)   -0.0563599  3.56418e-07
fmort_dev(1,1995)    -0.158477 -2.87141e-06
fmort_dev(1,1996)    -0.203324 -3.84918e-06
fmort_dev(1,1997)     0.254846 -1.17285e-05
fmort_dev(1,1998)    -0.145084 -2.05321e-06
fmort_dev(1,1999)    -0.499071 -1.16507e-06
fmort_dev(1,2000)    -0.359931  1.19663e-05
fmort_dev(1,2001)    -0.680352  1.90332e-05
fmort_dev(1,2002)    -0.523002 -9.07728e-06
fmort_dev(1,2003)    -0.681046   1.5429e-06
fmort_dev(1,2004)    -0.773913 -6.35608e-07
fmort_dev(1,2005)    -0.631398 -4.99236e-06
fmort_dev(1,2006)     -0.59772  3.25388e-06
fmort_dev(1,2007)    -0.354965  -5.4283e-07
fmort_dev(1,2008)    -0.112031 -1.90015e-06
fmort_dev(1,2009)    -0.506634  5.38501e-06
fmort_dev(1,2010)    -0.389398  1.36385e-06
fmort_dev(1,2011)    -0.160554 -3.30336e-06
fmort_dev(1,2012)    -0.183323 -1.69165e-06
fmort_dev(1,2013)   -0.0142877 -9.38013e-07
fmort_dev(1,2014)   0.00056235 -4.08381e-06
fmort_dev(1,2015)    -0.173108  1.32495e-06
fmort_dev(1,2016)   -0.0896794  8.68628e-06
fmort_dev(1,2017)     -0.12503 -5.45316e-06
fmort_dev(1,2018)   -0.0854316 -1.34906e-06
fmort_dev(1,2019)   -0.0328452 -1.04194e-06
fmort_dev(1,2020)      0.02249  6.16559e-07
fmort_dev(1,2021)    -0.162686  2.22883e-06
fmort_dev(1,2022)     0.135228 -2.24887e-06
fmort_dev(1,2023)    -0.125091  1.42411e-05
fmort_dev(1,2024)    -0.501033    2.014e-05
sel_slope_fsh_f(1)      1.19217 -1.04061e-05
sel50_fsh_f(1)      8.21753 -3.12899e-06
sel_slope_fsh_devs_f(1,1954)  6.66638e-06  -1.4288e-07
sel_slope_fsh_devs_f(1,1955)  4.54888e-05 -1.87067e-07
sel_slope_fsh_devs_f(1,1956)  0.000209869 -2.53128e-08
sel_slope_fsh_devs_f(1,1957)  0.000439329  2.49791e-07
sel_slope_fsh_devs_f(1,1958)     0.001248 -8.08726e-08
sel_slope_fsh_devs_f(1,1959)   0.00443745 -6.90457e-08
sel_slope_fsh_devs_f(1,1960)  -0.00150551  9.75956e-08
sel_slope_fsh_devs_f(1,1961)    -0.103396 -1.52082e-07
sel_slope_fsh_devs_f(1,1962)     0.178066  5.95463e-07
sel_slope_fsh_devs_f(1,1963)    0.0206725  4.46736e-07
sel_slope_fsh_devs_f(1,1964)    -0.472584  1.02204e-07
sel_slope_fsh_devs_f(1,1965)     0.153341  -8.9214e-07
sel_slope_fsh_devs_f(1,1966)    0.0899396  -1.1935e-07
sel_slope_fsh_devs_f(1,1967)    0.0326004  2.36751e-08
sel_slope_fsh_devs_f(1,1968)    0.0385572 -4.20595e-08
sel_slope_fsh_devs_f(1,1969)     0.161125 -2.00209e-07
sel_slope_fsh_devs_f(1,1970)     0.113865  5.49143e-07
sel_slope_fsh_devs_f(1,1971)     0.437549  2.25118e-07
sel_slope_fsh_devs_f(1,1972)     0.219649 -4.80488e-07
sel_slope_fsh_devs_f(1,1973)     0.296213 -2.51816e-07
sel_slope_fsh_devs_f(1,1974)    0.0427201 -2.67108e-07
sel_slope_fsh_devs_f(1,1975)     0.224266  2.43304e-07
sel_slope_fsh_devs_f(1,1976)    0.0159067 -1.47433e-06
sel_slope_fsh_devs_f(1,1977)    -0.219902  5.09935e-07
sel_slope_fsh_devs_f(1,1978)    -0.041624  5.00791e-08
sel_slope_fsh_devs_f(1,1979)   -0.0578242 -4.84454e-08
sel_slope_fsh_devs_f(1,1980)    -0.233317 -1.30223e-06
sel_slope_fsh_devs_f(1,1981)    -0.220629 -4.71987e-07
sel_slope_fsh_devs_f(1,1982)    -0.126357 -2.91353e-07
sel_slope_fsh_devs_f(1,1983)   -0.0452998 -7.58416e-08
sel_slope_fsh_devs_f(1,1984)   0.00389663 -1.17132e-07
sel_slope_fsh_devs_f(1,1985)    0.0203311 -1.69427e-08
sel_slope_fsh_devs_f(1,1986)     0.111336 -2.87728e-07
sel_slope_fsh_devs_f(1,1987)    0.0738337 -1.54628e-07
sel_slope_fsh_devs_f(1,1988)     0.117329 -1.83504e-07
sel_slope_fsh_devs_f(1,1989)     0.119506  3.41383e-07
sel_slope_fsh_devs_f(1,1990)    0.0776594 -1.66457e-07
sel_slope_fsh_devs_f(1,1991)    -0.255565 -3.54593e-07
sel_slope_fsh_devs_f(1,1992)   -0.0199174  -2.2039e-09
sel_slope_fsh_devs_f(1,1993)    -0.227558 -6.01793e-07
sel_slope_fsh_devs_f(1,1994)   -0.0050456 -1.36145e-07
sel_slope_fsh_devs_f(1,1995)   -0.0474153  2.53254e-07
sel_slope_fsh_devs_f(1,1996)  -0.00823873 -2.59231e-07
sel_slope_fsh_devs_f(1,1997)    0.0563557  3.42817e-07
sel_slope_fsh_devs_f(1,1998)   -0.0440455   1.6873e-07
sel_slope_fsh_devs_f(1,1999)   -0.0728797 -2.72868e-07
sel_slope_fsh_devs_f(1,2000)    0.0122019  2.33464e-07
sel_slope_fsh_devs_f(1,2001)   -0.0561645  4.70322e-08
sel_slope_fsh_devs_f(1,2002)    0.0344704  4.08379e-07
sel_slope_fsh_devs_f(1,2003)   0.00144943 -2.60727e-07
sel_slope_fsh_devs_f(1,2004)   -0.0559365  1.22296e-07
sel_slope_fsh_devs_f(1,2005)    -0.131818  2.33294e-07
sel_slope_fsh_devs_f(1,2006)  -0.00536632 -5.07139e-07
sel_slope_fsh_devs_f(1,2007)   -0.0466987  8.33185e-08
sel_slope_fsh_devs_f(1,2008)   -0.0178915 -8.69577e-08
sel_slope_fsh_devs_f(1,2009)    0.0404581 -8.58447e-08
sel_slope_fsh_devs_f(1,2010)   -0.0195544 -2.94947e-07
sel_slope_fsh_devs_f(1,2011)   -0.0193215 -1.35482e-07
sel_slope_fsh_devs_f(1,2012)    0.0181284   4.2681e-07
sel_slope_fsh_devs_f(1,2013)    0.0360705    2.838e-07
sel_slope_fsh_devs_f(1,2014)    0.0574766   1.4879e-08
sel_slope_fsh_devs_f(1,2015)   0.00586428 -6.20529e-07
sel_slope_fsh_devs_f(1,2016)    0.0197732 -2.54505e-07
sel_slope_fsh_devs_f(1,2017)   -0.0142279 -1.54862e-08
sel_slope_fsh_devs_f(1,2018)   0.00489495 -3.65446e-07
sel_slope_fsh_devs_f(1,2019)   -0.0795608  1.89471e-07
sel_slope_fsh_devs_f(1,2020)   -0.0236117 -1.06997e-07
sel_slope_fsh_devs_f(1,2021)   -0.0470132 -2.30515e-07
sel_slope_fsh_devs_f(1,2022)  -0.00403761 -3.39852e-05
sel_slope_fsh_devs_f(1,2023)     -0.12052 -3.24962e-05
sel_slope_fsh_devs_f(1,2024)   0.00293398 -3.81948e-05
sel50_fsh_devs_f(1,1954) -8.46607e-05  1.13951e-06
sel50_fsh_devs_f(1,1955) -6.58103e-05  3.57107e-07
sel50_fsh_devs_f(1,1956)  1.88717e-05 -1.09784e-06
sel50_fsh_devs_f(1,1957)  0.000327038  5.85131e-07
sel50_fsh_devs_f(1,1958)   0.00178351  3.61832e-07
sel50_fsh_devs_f(1,1959)    0.0151622  5.79174e-07
sel50_fsh_devs_f(1,1960)    0.0613898  1.60251e-06
sel50_fsh_devs_f(1,1961)    0.0262172 -6.84822e-07
sel50_fsh_devs_f(1,1962)     0.403247  6.82074e-06
sel50_fsh_devs_f(1,1963)   -0.0515181  2.62582e-05
sel50_fsh_devs_f(1,1964)    -0.204624 -2.47353e-06
sel50_fsh_devs_f(1,1965)    0.0819715  1.58372e-06
sel50_fsh_devs_f(1,1966)     0.114742  2.16255e-06
sel50_fsh_devs_f(1,1967)    0.0431429 -9.18795e-06
sel50_fsh_devs_f(1,1968)    0.0776313 -1.07481e-05
sel50_fsh_devs_f(1,1969)    0.0983831 -1.42885e-05
sel50_fsh_devs_f(1,1970)    -0.040654  8.65493e-06
sel50_fsh_devs_f(1,1971)    -0.137636  1.46686e-05
sel50_fsh_devs_f(1,1972)   -0.0239424 -1.14041e-05
sel50_fsh_devs_f(1,1973)   -0.0259697 -1.75786e-05
sel50_fsh_devs_f(1,1974)    -0.117045 -3.04635e-06
sel50_fsh_devs_f(1,1975)   -0.0652576  1.13098e-05
sel50_fsh_devs_f(1,1976)    0.0525877 -2.63729e-05
sel50_fsh_devs_f(1,1977)    -0.090354 -8.93675e-06
sel50_fsh_devs_f(1,1978)   -0.0448338 -8.00913e-06
sel50_fsh_devs_f(1,1979)   -0.0600331 -7.66954e-06
sel50_fsh_devs_f(1,1980)   -0.0191962  1.73406e-05
sel50_fsh_devs_f(1,1981)   -0.0437992  6.87037e-06
sel50_fsh_devs_f(1,1982)    -0.119326 -9.77839e-07
sel50_fsh_devs_f(1,1983)    -0.150365  3.61729e-08
sel50_fsh_devs_f(1,1984)   -0.0695157 -1.17713e-06
sel50_fsh_devs_f(1,1985)   -0.0582594 -1.55844e-06
sel50_fsh_devs_f(1,1986)   -0.0695148 -1.40727e-06
sel50_fsh_devs_f(1,1987)    0.0140889 -4.94519e-07
sel50_fsh_devs_f(1,1988)    0.0263597 -3.97431e-06
sel50_fsh_devs_f(1,1989)     0.101707  8.01081e-06
sel50_fsh_devs_f(1,1990)    0.0601644 -1.32558e-05
sel50_fsh_devs_f(1,1991)   -0.0117189   2.5417e-05
sel50_fsh_devs_f(1,1992)   0.00196536   7.4916e-06
sel50_fsh_devs_f(1,1993)    0.0846494 -1.85541e-06
sel50_fsh_devs_f(1,1994)    0.0692507 -6.01274e-07
sel50_fsh_devs_f(1,1995)     0.011817  4.02928e-06
sel50_fsh_devs_f(1,1996)    0.0187152  3.62024e-06
sel50_fsh_devs_f(1,1997)   0.00516761  1.34186e-05
sel50_fsh_devs_f(1,1998)    0.0725584  6.10104e-06
sel50_fsh_devs_f(1,1999)     0.165744  1.72321e-06
sel50_fsh_devs_f(1,2000)     0.101494 -8.24808e-06
sel50_fsh_devs_f(1,2001)    0.0891778  -1.7797e-05
sel50_fsh_devs_f(1,2002)     0.129716   1.0386e-05
sel50_fsh_devs_f(1,2003)    0.0375292  1.11238e-06
sel50_fsh_devs_f(1,2004)    0.0526413  1.29146e-06
sel50_fsh_devs_f(1,2005)   0.00989864  3.36494e-06
sel50_fsh_devs_f(1,2006)   -0.0522267 -1.71023e-06
sel50_fsh_devs_f(1,2007)   -0.0119974  -1.7467e-07
sel50_fsh_devs_f(1,2008)    -0.053524  1.01135e-06
sel50_fsh_devs_f(1,2009)   -0.0121125 -4.65777e-06
sel50_fsh_devs_f(1,2010)   -0.0485346 -4.01988e-08
sel50_fsh_devs_f(1,2011)   -0.0405171 -6.64605e-07
sel50_fsh_devs_f(1,2012)   -0.0613922  1.08871e-06
sel50_fsh_devs_f(1,2013)  -0.00406002  1.11231e-06
sel50_fsh_devs_f(1,2014)    0.0224934  2.95094e-06
sel50_fsh_devs_f(1,2015)    0.0720952 -1.69901e-06
sel50_fsh_devs_f(1,2016)   0.00869404 -4.62903e-06
sel50_fsh_devs_f(1,2017)    -0.029358  6.88037e-06
sel50_fsh_devs_f(1,2018)  -0.00926759  5.56788e-07
sel50_fsh_devs_f(1,2019)   -0.0291966  2.18155e-07
sel50_fsh_devs_f(1,2020)   -0.0864394 -1.13892e-06
sel50_fsh_devs_f(1,2021)    -0.122085 -1.96281e-07
sel50_fsh_devs_f(1,2022)    -0.113982  -0.00014324
sel50_fsh_devs_f(1,2023)   -0.0619067 -0.000118554
sel50_fsh_devs_f(1,2024)   0.00778297 -0.000152268
sel_slope_srv(1)       1.6495 -3.99932e-08
sel50_srv(1)        4.294 -1.52542e-07
R_logalpha     -4.54157 -3.29008e-07
R_logbeta     -6.41601  8.44131e-07
log_msy_sel_f(1)     -7.77769 -9.04883e-08
log_msy_sel_f(2)     -6.63212  3.29766e-07
log_msy_sel_f(3)     -5.48874 -3.11881e-07
log_msy_sel_f(4)     -4.35208  3.34416e-07
log_msy_sel_f(5)     -3.23573 -6.90542e-07
log_msy_sel_f(6)     -2.17747 -4.45557e-07
log_msy_sel_f(7)     -1.26173  4.97497e-08
log_msy_sel_f(8)    -0.602345   2.0496e-07
log_msy_sel_f(9)    -0.237805  2.37569e-07
log_msy_sel_f(10)   -0.0827494  6.09657e-08
log_msy_sel_f(11)   -0.0272289  1.58561e-08
log_msy_sel_f(12)  -0.00880452  8.37666e-08
log_msy_sel_f(13)  -0.00283933 -7.50241e-08
log_msy_sel_f(14) -0.000917753  7.15077e-08
log_msy_sel_f(15) -0.000297809  2.76038e-07
log_msy_sel_f(16) -9.70672e-05  3.17376e-07
log_msy_sel_f(17) -3.17818e-05  3.82958e-07
log_msy_sel_f(18) -3.17825e-05  8.86051e-08
log_msy_sel_f(19) -3.17824e-05  1.32952e-07
log_msy_sel_f(20) -3.17832e-05 -1.84809e-07
log_msy_sel_m(1)     -7.77769 -6.17948e-08
log_msy_sel_m(2)     -6.63212 -6.63401e-07
log_msy_sel_m(3)     -5.48874 -2.66884e-07
log_msy_sel_m(4)     -4.35208 -7.13196e-07
log_msy_sel_m(5)     -3.23573 -1.32903e-07
log_msy_sel_m(6)     -2.17747 -2.51836e-07
log_msy_sel_m(7)     -1.26173 -1.56252e-07
log_msy_sel_m(8)    -0.602345   1.4855e-07
log_msy_sel_m(9)    -0.237805  3.22029e-07
log_msy_sel_m(10)   -0.0827494 -1.82983e-07
log_msy_sel_m(11)   -0.0272289  1.33563e-07
log_msy_sel_m(12)  -0.00880452  9.93941e-08
log_msy_sel_m(13)  -0.00283933  2.31058e-08
log_msy_sel_m(14) -0.000917753 -9.30414e-08
log_msy_sel_m(15) -0.000297811 -4.28288e-07
log_msy_sel_m(16) -9.70686e-05 -2.50344e-07
log_msy_sel_m(17) -3.17821e-05  2.53924e-07
log_msy_sel_m(18) -3.17833e-05 -2.08207e-07
log_msy_sel_m(19)  -3.1782e-05  3.02904e-07
log_msy_sel_m(20) -3.17826e-05  7.17559e-08
rec_dev_future(2025)            0            0
rec_dev_future(2026)            0            0
rec_dev_future(2027)            0            0
rec_dev_future(2028)            0            0
rec_dev_future(2029)            0            0
rec_dev_future(2030)            0            0
rec_dev_future(2031)            0            0
rec_dev_future(2032)            0            0
rec_dev_future(2033)            0            0
rec_dev_future(2034)            0            0
