# Number of parameters = 516 Objective function value = 1332.08312574579  Maximum gradient component = 0.00255071723739605
# ln_q_srv:
 -0.0717680000000000
# natmort_f:
0.120000000000
# natmort_m:
0.139356227603
# Linf_f:
40.4644535000
# K_f:
0.126336700000
# t0_f:
0.594268800000
# Linf_m:
36.0729742000
# K_m:
0.138976400000
# t0_m:
0.357008100000
# age_incr:
 0.00000000000 0.00000000000 0.00000000000 0.00000000000 0.00000000000 0.00000000000 0.00000000000 0.00000000000 0.00000000000 0.00000000000 0.00000000000
# yr_incr:
 0.00000000000 0.00000000000 0.00000000000 0.00000000000 0.00000000000 0.00000000000 0.00000000000 0.00000000000 0.00000000000 0.00000000000 0.00000000000 0.00000000000 0.00000000000 0.00000000000 0.00000000000 0.00000000000 0.00000000000 0.00000000000 0.00000000000 0.00000000000 0.00000000000 0.00000000000 0.00000000000 0.00000000000 0.00000000000 0.00000000000 0.00000000000 0.00000000000 0.00000000000 0.00000000000 0.00000000000 0.00000000000 0.00000000000 0.00000000000 0.00000000000 0.00000000000 0.00000000000 0.00000000000 0.00000000000 0.00000000000 0.00000000000 0.00000000000 0.00000000000 0.00000000000 0.00000000000 0.00000000000 0.00000000000 0.00000000000 0.00000000000 0.00000000000 0.00000000000 0.00000000000 0.00000000000 0.00000000000 0.00000000000 0.00000000000 0.00000000000 0.00000000000 0.00000000000 0.00000000000 0.00000000000 0.00000000000 0.00000000000 0.00000000000 0.00000000000 0.00000000000 0.00000000000 0.00000000000
# growth_alpha:
0.380000000000
# q_alpha:
 -0.239648976951
# q_beta[1]:
 0.0667960110934 0.0106148244569 -0.00995246640791
# mean_log_rec:
0.989066648442
# rec_dev:
 -0.268891291544 -0.475138294626 -0.623562976865 0.693466306789 0.288260052794 -0.138883411543 -0.301694630872 -0.890614911143 -0.245118861535 -0.894644213130 -0.973673387473 -0.700488398018 -0.653810997259 0.109306026975 0.555674959173 0.591423146978 0.871559599478 0.978576939355 0.735579420373 0.368214877931 0.654845384911 0.818360139471 0.385214013025 0.599340562793 0.188461878525 -0.272411588361 0.403459583969 0.106792781284 1.19259845817 -0.600449735336 0.960456338165 -0.146060020041 -0.403381066820 -0.0421473744989 0.287890062138 0.332610451689 -0.449640776504 -0.312550655542 0.491634290595 -0.0618965337426 -0.220268080085 -0.221506509168 0.688765119182 -0.188401331750 -0.362298191136 -0.149421756737 0.198864867994 -0.222588431953 0.0662593431477 0.0302626602498 0.457490848295 -0.372638320509 -0.302088246949 -0.200713225414 -0.267135583774 -0.102987731590 0.227381127343 -0.791666752303 -1.66627180632 -0.833807090515 -0.879110851138 -0.188451152665 0.155214063820 1.12057523267 -0.0535269591536 1.03881287610 -0.108236241006 -0.0111367762988 -3.77929997555e-05
# mean_log_init:
-0.685900637464
# init_dev_m:
 0.492079957227 0.114639370753 0.00361709336119 -0.00961478919985 -0.0421054147183 -0.0502866500545 -0.0538350746002 -0.0575571906008 -0.0606310798979 -0.0631659244846 -0.0661163530183 -0.0689241593457 -0.0706427598503 -0.0713671781064 -0.0716338480631 -0.0717999020144 -0.0719303849990 -0.0720029840865 -0.0720502813444
# init_dev_f:
 1.03527594933 0.267448215749 0.0450505835000 0.0208870584793 -0.0414701111834 -0.0528026820122 -0.0563740120585 -0.0602195846773 -0.0634104910834 -0.0660425641129 -0.0691193154726 -0.0720432028546 -0.0738234931529 -0.0745682734327 -0.0748399010953 -0.0750081094465 -0.0751398067838 -0.0752126993820 -0.0752599276131
# log_avg_fmort:
 -2.44446811091
# fmort_dev:
 -2.53795044883 -2.35449141699 -1.79426676138 -1.76534013846 -1.09808330708 0.463017224242 1.70287326158 2.71379808954 4.05472149610 1.39987813030 1.29191168907 1.05207611563 1.68368514727 1.96314377042 1.85740781366 2.04576269919 2.15755277730 1.95525798714 1.28620322607 1.55602657464 0.389930919886 0.277957054745 0.244418623623 -0.526039763654 0.133828311962 -0.415345254508 -0.320367735916 -0.552280632499 -0.824978471138 -0.797258622849 -0.354716573247 0.0340536198186 -0.0522997594103 -0.0715869482573 0.156307981262 -0.140388309920 -0.859541649661 -0.652137379552 -0.518164207712 -0.623484884677 -0.361161247001 -0.487553144504 -0.542225022426 -0.0414856662437 -0.446623636367 -0.780457877947 -0.643280924918 -0.930016735448 -0.769115239563 -0.912933035063 -0.986971878725 -0.810609365320 -0.782178563656 -0.496590334817 -0.257226502378 -0.646211280570 -0.526236241043 -0.261221109826 -0.247024730211 -0.0974617905251 -0.0688992257199 -0.209503298628 -0.115191034712 -0.150514197413 -0.157551634216 -0.128346295241 -0.0248497849865 -0.279908151646 0.000257985938921
# sel_slope_fsh_f:
 1.21038018115
# sel50_fsh_f:
 8.61187632225
# sel_slope_fsh_devs_f:
 2.15711631082e-05 9.67255416251e-05 0.000417607645965 0.000847633972563 0.00268536256743 0.0158605269402 0.0548367934393 0.123243607142 0.209965847042 0.0267754293535 0.332341615335 0.143826621466 0.0606705777027 0.0417758734096 -0.258901904686 0.317648886880 0.367380614254 1.02835223911 1.07872160724 0.143590329907 0.205784915781 0.258578583822 -0.0888579604443 -0.496805776734 -0.0362754856725 -0.106064821164 -0.502070098339 -0.398510209971 -0.179174116587 -0.0145501119340 -0.0830050080426 -0.140060909927 0.202737924654 -0.160020944833 0.0673323890624 0.0649388238347 0.105550938735 -0.657903605128 -0.116638742959 -0.471471695370 0.105343521224 0.0221033689225 0.198411540809 -0.215575664665 -0.0457171278647 -0.107082070901 0.0401438765904 -0.155191381489 -0.0350092754646 -0.0550187982469 -0.118735754199 -0.293404833232 0.0676906960503 -0.275695439069 0.0157544479212 0.229200960033 -0.0755497458035 -0.0232232421747 -0.214633435967 0.0367558515204 0.0593593165048 -0.145347730818 -0.0333971113464 -0.277323369091 -0.0832480974718 -0.118605070241 0.249730123710 0.103582390328 0.00101071245877
# sel50_fsh_devs_f:
 -9.54361685839e-05 -5.38434811066e-05 0.000165655082798 0.000761232314391 0.00361070609723 0.0307663779172 0.126817733846 0.274027374971 0.452454717141 -0.0902144358976 -0.0733171618584 0.0734659178521 0.139301763194 0.136687760072 0.303661671686 0.0489825739953 0.236995249858 -0.271574512655 0.178884284960 0.0825259783464 -0.228127738237 -0.0539790620183 0.0582916245154 -0.143911904968 -0.0949319220410 -0.0931595690671 0.0445589108569 -0.0187703644968 -0.112520029475 -0.200809055761 -0.0647942625247 -0.0283645288470 -0.111945869034 0.0704098208565 0.0200890864255 0.0843399965619 0.0167361729474 0.122932842650 -0.0495991349931 0.0703286596519 -0.0195028279023 -0.0868200500707 -0.0722189206637 0.0194510808334 -0.0184832518903 0.0763615756417 0.0294965498607 0.0183357132067 0.0841163435397 -0.0137257705384 -0.00352065969557 -0.0293072458814 -0.163598369735 0.0180100105375 -0.134858689775 -0.110422814544 -0.0871119419764 -0.0779298442287 -0.0226128333136 -0.00448162416528 0.0195396405849 0.0868310070263 0.00601082844613 0.00849061740467 -0.0386194208519 -0.0737596363962 -0.187179944806 -0.163859959243 0.000743138417745
# sel_slope_fsh_m:
 1.37749553293
# male_sel_offset:
0.00000000000
# sel_slope_fsh_devs_m:
 -1.27434365274e-05 -1.33134760025e-05 -2.51596647969e-05 -3.63595810775e-05 -0.000112600906194 -0.00103040455495 -0.00549424379197 -0.0172536399849 -0.333139142906 -0.0199014880376 1.13155030948 0.422688092294 0.218226491271 0.349759968730 0.336527265705 0.142024597253 0.620824920808 0.379716421467 0.455634964714 0.628403781802 0.128828758012 0.301483233106 -0.147020314365 0.0777307577954 -0.275575614812 -0.190322798443 -0.819970741713 -0.671786194650 -0.263838551837 -0.0927792389582 -0.00282545297739 0.0589305846770 0.201040062261 0.274942084847 0.248538441485 0.138982512347 -0.0836896728120 -0.493064984941 -0.0497729151587 -0.646447225971 -0.350741058280 -0.222672543369 -0.0731211908979 0.377493033624 -0.322044107988 -0.402638333709 -0.144781408444 -0.204764883715 0.0224671570966 0.156472963983 -0.148427178744 -0.224646144663 0.0775742495507 -0.00883597584982 -0.0774456231738 -0.204159928465 0.0704779676737 -0.128866455738 0.0908394909744 -0.0242959312954 0.0914562932423 -0.00817254550742 -0.0923854654674 -0.0429558180290 -0.0614487479529 -0.0301684401626 -0.0223070051890 -0.0945421899833 0.000919648024023
# sel50_fsh_m:
 8.04189871624
# sel50_fsh_devs_m:
 -8.10020726867e-05 -8.74730249230e-05 -0.000136074783555 -0.000133852118879 -0.000298221161101 -0.00203630704864 -0.0105146159348 -0.0334519123241 -0.239343010917 -0.0169047912230 -0.742410102220 0.0302281253940 0.0612332995649 -0.0676723162439 0.0186900227095 0.0978080178689 -0.140040929121 -0.0586549924642 -0.0983528278826 -0.0853891465981 0.282986748506 -0.0931950566874 0.120434222694 0.0122466142372 0.0258695182982 -0.0278191264972 0.285797052739 0.0926121789411 -0.143560517123 -0.157752080293 -0.0616661950319 -0.0695014005122 -0.0847591991674 -0.0152260187319 0.00709605388218 0.108243506244 0.0861926964263 -0.0669060899365 -0.0196458189019 0.200353947264 0.158715810843 0.0332140199624 -0.0142155192716 -0.0454547619529 0.157169947502 0.296812239324 0.141078036992 0.141231560532 0.133178875929 0.00836893183138 0.0725832013401 0.00258155553852 -0.0536900227938 -0.0671688358315 -0.0521375840128 0.0550486147459 -0.0793757703359 -0.0376141870419 -0.0968235164924 -0.0229493847193 0.00347874055444 0.0867294818874 0.0601293018967 0.00941233348238 0.0357103894535 -0.0268711422170 -0.0508125003331 -0.0437874887984 0.00120492169418
# sel_slope_srv:
 1.61847469330
# sel50_srv:
 4.90864847348
# sel_slope_srv_m:
 0.00000000000
# sel50_srv_m:
 0.00000000000
# F40:
 0.120000000000
# F35:
 0.160000000000
# F30:
 0.210000000000
# R_logalpha:
2.18844741303
# R_logbeta:
-5.33800000000
# sigmaR:
0.600000000000
# wt_fsh_fut_f:
 6.00000000000 8.00000000000 19.0000000000 35.0000000000 192.000000000 220.000000000 278.000000000 286.000000000 317.000000000 378.000000000 395.000000000 425.000000000 449.000000000 484.000000000 525.000000000 501.000000000 531.000000000 561.000000000 607.000000000 606.000000000
# wt_fsh_fut_m:
 0.00000000000 8.00000000000 20.0000000000 35.0000000000 186.000000000 218.000000000 252.000000000 236.000000000 292.000000000 310.000000000 327.000000000 357.000000000 374.000000000 396.000000000 371.000000000 408.000000000 370.000000000 428.000000000 503.000000000 473.000000000
# wt_pop_fut_f:
 6.00000000000 6.00000000000 21.0000000000 43.0000000000 103.000000000 188.000000000 248.000000000 321.000000000 365.000000000 453.000000000 438.000000000 478.000000000 540.000000000 564.000000000 592.000000000 637.000000000 602.000000000 635.000000000 650.000000000 667.000000000
# wt_pop_fut_m:
 4.00000000000 8.00000000000 24.0000000000 59.0000000000 110.000000000 180.000000000 232.000000000 250.000000000 267.000000000 332.000000000 331.000000000 374.000000000 420.000000000 428.000000000 435.000000000 455.000000000 462.000000000 449.000000000 431.000000000 448.000000000
# log_msy_sel_f:
 -9.08162083272 -7.71271053144 -6.34487094290 -4.98132146549 -3.63494693132 -2.35400801714 -1.27490320749 -0.567977656261 -0.213701208498 -0.0700720463135 -0.0212790688076 -0.00628329361274 -0.00184268678731 -0.000540395423558 -0.000158750229375 -4.67244246437e-05 -1.37776218476e-05 -1.37761791272e-05 -1.37749243567e-05 -1.37763112502e-05
# log_msy_sel_m:
 -9.02190509995 -7.69590900344 -6.37091007899 -5.04958928891 -3.74171586888 -2.48116447426 -1.36701250199 -0.577434090618 -0.189010850254 -0.0537275592899 -0.0145471245153 -0.00389246482550 -0.00104063204319 -0.000278809531836 -7.49230072349e-05 -2.01956498380e-05 -5.45791088688e-06 -5.45929994816e-06 -5.45718487893e-06 -5.45695011037e-06
# rec_dev_future:
 0.00000000000 0.00000000000 0.00000000000 0.00000000000 0.00000000000 0.00000000000 0.00000000000 0.00000000000 0.00000000000 0.00000000000
