#	yellowfin sole	model datafile	w/	growth	data	included.	
#	includes	temp_q	analysis	data																																																				
# This datafile  includes the changes to the fishery wt at age from 2008-2016 (also used for 2017 and 2018). 
# #	styr																																																												
1954																																																													
#	endyr																																																												
2022																																																													
#	nages																																																												
20																																																													
#	"a,"	"b,"	Females																																																										
#	female	l-w	relationship	wt(g)=0.0059*L(cm)^3.205		  #updated 2021  																																																						
0.0059	3.205																																																												
#	male	l-w	relationship	wt(g)=0.0091*L(cm)^3.068		   #updated 2021 																																																						
#	"a,"	"b,"	Males																																																										
#																																																													
0.0091	3.068																																																												
#	nfsh	(number of fisheries)																																																											
1																																																													
#obs_catch	1954	1955	1956	1957	1958	1959	1960	1961	1962	1963	1964	1965	1966	1967	1968	1969	1970	1971	1972	1973	1974	1975	1976	1977	1978	1979	1980	1981	1982	1983	1984	1985	1986	1987	1988	1989	1990	1991	1992	1993	1994	1995	1996	1997	1998	1999	2000	2001	2002	2003	2004	2005	2006	2007	2008	2009	2010	2011	2012	2013	2014 2015 2016  2017 2018 2019 2020 2021 2022
	12.562	14.690	24.697	24.145	44.153	185.321	456.103	553.742	420.703	85.810	111.777	53.810	102.353	162.228	84.189	167.134	133.079	160.399	47.856	78.240	42.235	64.690	56.221	58.373	138.433	99.019	87.391	97.301	95.712	108.385	159.526	227.107	208.597	181.428	223.156	153.165	83.970	117.303	145.386	105.810	140.050	124.752	129.660	182.814	101.155	69.234	84.070	63.578	74.986	79.806	75.511	94.385	99.160	120.964	148.894	107.513	118.624	151.158	147.187	164.944	156.772	126.937	135.324	132.220	131.496	128.051	133.799 108.788 127.713
#	nyrs_fsh_c (combined	sex	age)																																																										
11																																																													
#	nyrs_fsh_split	sex	age																																																										
47																																																													
#	yrs_fsh_age_combined																																																												
1964	1965	1966	1967	1968	1969	1970	1971	1972	1973	1974																																																			
#	yrs_fsh_age_split #males and females sum to 1 																																													
1975	1976	1977	1978	1979	1980	1981	1982	1983	1984	1985	1986	1987	1988	1989	1990	1991	1992	1993	1994	1995	1996	1997	1998	1999	2000	2001	2002	2003	2004	2005	2006	2007	2008	2009	2010	2011	2012	2013	2014 2015  2016 2017 2018 2019 2020 2021
#	Year	Sex	oac_fsh	(1	nfsh	1	nyrs_fsh_age	1	nages)	females	first	for	split-sex	years	(after	the	11th	record)
0	0	0	0.164	0.278	0.071	0.1881	0.3293	0.0783	0.0888	0.0944	0.0652	0.0207	0.0084	0.0016	0.0003	0	0	0	0
0	0	0	0	0.0004	0.0063	0.0225	0.1768	0.3541	0.0882	0.1122	0.124	0.08	0.0246	0.0085	0.0012	0.001	0	0	0
0	0	0	0	0	0.0018	0.032	0.0963	0.2171	0.343	0.0776	0.0809	0.0848	0.0492	0.0148	0.0013	0.0012	0	0	0
0	0	0	0.0001	0.0001	0.0178	0.049	0.1279	0.1894	0.2082	0.2708	0.0375	0.0314	0.0317	0.0253	0.0093	0.0015	0	0	0
0	0	0	0	0.0006	0.0033	0.071	0.0748	0.1691	0.1893	0.1898	0.1643	0.0492	0.028	0.0242	0.0164	0.0094	0.0062	0.0044	0
0	0	0	0	0.0013	0.0101	0.0084	0.1176	0.1158	0.2109	0.1972	0.18	0.0938	0.0305	0.0112	0.0073	0.0097	0.0022	0.0039	0
0	0	0	0	0.0005	0.0247	0.1205	0.1767	0.2044	0.0588	0.0961	0.1327	0.0817	0.0935	0.0061	0.0041	0	0	0	0
0	0	0	0	0.0003	0.0368	0.2384	0.1494	0.1477	0.1514	0.039	0.0707	0.0642	0.0708	0.0291	0.0023	0	0	0	0
0	0	0	0.0002	0.0076	0.0648	0.1315	0.2045	0.0754	0.0495	0.3996	0.0274	0.0214	0.0139	0	0.0024	0	0	0.0018	0
0	0	0	0	0.0064	0.0336	0.2127	0.2054	0.14	0.0911	0.094	0.0887	0.0672	0.0323	0.0164	0.0032	0.0077	0	0.0013	0
0	0	0	0.010458912	0.073852831	0.117351531	0.28440054	0.25359263	0.066969145	0.057799778	0.035120983	0.038318204	0.030029409	0.016186419	0.004535759	0.007159379	0.004224479	0	0	0
0	0	0	0	0.006663558	0.012908976	0.047128973	0.13982104	0.093992835	0.054729336	0.022274403	0.021856566	0.019830972	0.003013725	0.006833278	0.003258382	0.002064754	0	0	0.000311381	0	0	0	0	0.005666247	0.046995302	0.094263552	0.237398488	0.123943237	0.019854077	0.009104001	0.005182543	0.016853137	0.001520213	0.002665308	0.001710239	0.000155476	0	0	0
0	0	4.37E-05	8.74E-05	0.010047178	0.041252715	0.036693191	0.066862523	0.172108557	0.10010206	0.066631512	0.012704376	0.005451062	0.003387334	0.008449614	0.003674397	0.00121315	0.00108834	0.0002621	0.000606575	0	0	0	0	0.007249361	0.020894651	0.054988794	0.044517527	0.139599611	0.114664165	0.035227736	0.020597686	0.020662725	0.00249966	0.006884987	0.000708642	0.000436834	0.000227154	0.000174734	0
0	0.000842689	0.001879418	0.029733006	0.044646381	0.084292203	0.066311306	0.16019877	0.106404975	0.023837194	0.00925893	0.006906814	0.001644383	0.000608572	0.000571561	0.000303226	0.000301714	7.61E-05	6.22E-05	0	0	0	0	0.000694981	0.001833086	0.01018711	0.034440124	0.081694642	0.074428986	0.115934553	0.090399214	0.03569083	0.007391691	0.003737232	0.004386424	0.000853777	0.00014553	0.00017955	2.27E-05	0.00010017																						
0	0	0.00E+00	0.001455576	0.01380059	0.012416949	0.054231415	0.125301678	0.119456021	0.093487381	0.094117214	0.032164231	0.01464841	0.00702123	0.003496128	0.001745764	0.000817626	0.000758188	9.25E-05	0.000912441	0	0	1.71E-05	0.001048476	0.006776906	0.009810846	0.05223418	0.086607457	0.066464633	0.067902952	0.074560352	0.027950353	0.017659772	0.00928024	0.002122633	0.001381833	0.000193694	6.09E-05	0	4.27E-06																						
0	0	0.00E+00	0.000429591	0.009259214	0.03580484	0.025434531	0.068634876	0.117791681	0.122296837	0.077766897	0.06145801	0.029938768	0.011472102	0.006293076	0.002560108	0.00250384	0.000992888	0.000308966	0.000197112	0	0	8.07E-06	0.000415004	0.006565836	0.025459876	0.030192786	0.059670426	0.113372185	0.070538066	0.062147948	0.036365431	0.016507729	0.002936711	0.001615995	0.000825781	0.000226746	8.07E-06	0	0																						
0	0	0	0.001269365	0.007377199	0.044959875	0.06345837	0.038426257	0.06147228	0.107321343	0.102171866	0.068787333	0.071292579	0.043345856	0.021386214	0.013151866	0.007836574	0.006090403	0.005410954	0.011306048	0	0	0	0.000214682	0.006830753	0.02166629	0.03562016	0.020195302	0.028340867	0.04694893	0.053142948	0.046034502	0.032353501	0.013816343	0.005494835	0.00689967	0.003424291	0.001738936	0.001029555	0.001184051																						
0	0	0	0.004736452	0.013484104	0.010162991	0.0568331	0.064694479	0.034989533	0.052426387	0.094408184	0.106309642	0.072017046	0.049398683	0.015657049	0.008914188	0.002482118	0.002085588	0.001020221	0.000973525	0	0	0	0.007287473	0.014014456	0.014669259	0.043433639	0.037121315	0.032396126	0.046851956	0.071159282	0.05913464	0.044864571	0.023456674	0.010513007	0.00201491	0.00217065	0.000250122	6.86E-05	0																						
0	0	0.000151085	0.001877308	0.008104014	0.022764771	0.026904292	0.073798309	0.055269009	0.048521488	0.092492872	0.09090571	0.052101221	0.028231065	0.016369387	0.006074137	0.000726219	0.000689738	0	0.000212047	0	0	0.000185018	0.002980128	0.010523241	0.039608816	0.03870135	0.060940475	0.049205223	0.050252904	0.071696918	0.072425437	0.043421887	0.022442399	0.009186536	0.001659105	0.00043606	0.000666437	0.000296442	0.000178952																						
0	0	0	0.001862779	0.006245244	0.014449065	0.065723759	0.046927952	0.078205497	0.044730715	0.047831798	0.074556224	0.064567702	0.05207512	0.029978397	0.015676065	0.005316047	0.004423537	0.002309818	0.000593102	0	0.000124542	0.000351648	0.002804289	0.003711486	0.017469394	0.061166546	0.029882773	0.060446721	0.047671591	0.038798218	0.056104937	0.049663697	0.033109761	0.023638438	0.011370892	0.0060584	0.000978021	0	0.001175823																						
0	0	0	0	0.001636766	0.008214961	0.028577919	0.037666209	0.051106295	0.094122008	0.041482469	0.061743653	0.048294833	0.059983153	0.02637135	0.012017944	0.001580304	0.012150169	0.002753833	0.000418929	0	0	0	0.000284633	0.001901943	0.010909022	0.013672886	0.062919582	0.035558387	0.080108223	0.036954566	0.049032228	0.054132867	0.097045491	0.042035909	0.01665996	0.008513318	0.000913747	0.001236442	0																						
0	0	8.04E-06	0.000655611	0.004342212	0.010930887	0.016108153	0.023427026	0.058415035	0.05275289	0.067807918	0.060069822	0.054765469	0.063157654	0.04547239	0.01463658	0.007529663	0.003264246	0.001313767	0	0	0	0.000146237	0.000303053	0.005187083	0.007341377	0.021709067	0.030640566	0.057096301	0.063697878	0.074950103	0.061946357	0.069527221	0.055657676	0.030764553	0.02018162	0.011159131	0.004252941	0.000399928	0.000381547																						
0	0	0.000186903	0.000168552	0.002987965	0.006988964	0.03239234	0.031434561	0.039589452	0.091977179	0.067246701	0.060745202	0.043814901	0.031132498	0.037510379	0.028089643	0.018532746	0.021805957	0.013923275	0.007579117	0	0	0	0.00085638	0.001659012	0.009734566	0.034239134	0.024020215	0.052355045	0.059750929	0.044742877	0.0404437	0.043088337	0.023149168	0.039188906	0.042009883	0.020392757	0.008660554	0.012187656	0.007414546																						
0	0	0.000543501	0.001595644	0.003087538	0.006678527	0.011831834	0.029185973	0.018597598	0.037601577	0.049560891	0.054721081	0.060553559	0.047613803	0.026674185	0.029187341	0.024169888	0.028402544	0.019070815	0.013967823	0	0	0.00043277	0.001321669	0.00372055	0.003686114	0.016133611	0.051985951	0.035455039	0.045661896	0.0439795	0.050565026	0.057774691	0.04414646	0.016414512	0.031172894	0.038996037	0.022381838	0.028111685	0.045015634																						
0	0	7.87E-05	0.001254985	0.005270232	0.000625339	0.018276857	0.028127713	0.068615907	0.021382247	0.038349561	0.054608543	0.036769465	0.062715659	0.052945456	0.023017423	0.024036788	0.03476809	0.020669994	0.044560004	0	0	0	0.002508418	0.00553685	0.000774255	0.025549571	0.035171837	0.085532446	0.023947137	0.037309936	0.042738601	0.02357143	0.049746664	0.035582059	0.013349865	0.015611357	0.014275736	0.016793605	0.035927253																						
0	0	0	0	0	0.002494132	0.002743236	0.038720919	0.050092286	0.049074224	0.032124673	0.034102973	0.054785524	0.024896712	0.050010573	0.049125314	0.025939728	0.026972968	0.026474428	0.066576584	0	0	0	0	0	0.001842299	0.002399294	0.044932614	0.03834613	0.058386194	0.018081103	0.02057474	0.036817157	0.029474262	0.028645031	0.030803489	0.018747513	0.020696787	0.043857885	0.07226123			
0	0	0	0	0	0	0.019894999	0.007333998	0.118865262	0.040087424	0.061687967	0.040807979	0.018179769	0.016716722	0.009349675	0.104716292	0	0.011665673	0.009349675	0.086612542	0	0	0	0	0	0.000678297	0.020140152	0.004289552	0.10732729	0.015543885	0.036925245	0.017048958	0.022072336	0.034018616	0.00266608	0.032991832	0.014309389	0.005332161	0.009204157	0.027788023
0	7.72E-05	0.001296299	0.003343304	0.010460299	0.001156111	0.014245464	0.035261694	0.00473351	0.068772172	0.024846081	0.027911658	0.008138636	0.02339358	0.023273121	0.019519053	0.018322218	0.019519704	0.005962457	0.031359471	0	0	0.001710665	0.00627904	0.018569435	0.007593754	0.017174037	0.057628921	0.008709654	0.124464544	0.031210818	0.042343866	0.008383169	0.017630422	0.01644745	0.014909141	0.019210189	0.008305591	0.005051877	0.039250309
0	0	0	0.001367042	0.004404219	0.0065366	0.005851795	0.021311542	0.07747016	0.018250517	0.119436555	0.036141479	0.029418339	0.011191335	0.022387476	0.015205313	0.014425844	0.017847344	0.012637643	0.049992938	0	0	0	0.001593192	0.002407898	0.004361338	0.005317495	0.023149299	0.074205717	0.021442722	0.098020989	0.016587207	0.014213356	0.011417479	0.004347419	0.006473521	0.005705363	0.006314424	0.003110006	0.01726338
0	0	0	0	0.011774232	0.007428618	0.01540475	0.010916878	0.016390864	0.084604552	0.007355364	0.110270525	0.027967697	0.032350445	0.019670741	0.027983973	0.016519338	0.028192588	0.026792562	0.09698314	0	0	0	0	0.007207371	0.007799617	0.010556638	0.007323902	0.009318706	0.053090178	0.009701134	0.072238651	0.013119673	0.01750686	0.005886744	0.010875064	0.01539035	0.003656894	0.009748035	0.034649571
0	0	7.02E-05	0	0.001087913	0.001640127	0.009410973	0.037704475	0.009699526	0.028278967	0.155258411	0.002534085	0.11201293	0.011417796	0.039657617	0.020455896	0.010265349	0.031488122	0.01857511	0.090754184	0	0	0	0.000407977	0.003940153	0.003215122	0.004190131	0.01499028	0.01568674	0.01332867	0.07179515	0.004859806	0.066670504	0.008603765	0.025835598	0.008979765	0.008045394	0.007214841	0.009719306	0.026049831
0	0	0	0	0	0	0.033686987	0.052138014	0.022642545	0.013163066	0.017469806	0.102626066	0.00221403	0.161639687	0.014573859	0.026965021	0.021532249	0.015717242	0.017374715	0.073782766	0	0	0	0	0.000883522	0.003648557	0.018555956	0.03611202	0.018985362	0.009157759	0.01197965	0.073902363	0.00166787	0.072362734	0.006551686	0.011196396	0.004044958	0.005261322	0.002419135	0.0230936
0	0	0	0	0	0	0.009536901	0.051002204	0.055508778	0.015403427	0.01881318	0.02682211	0.062743731	0.014599233	0.099731039	0.017234969	0.034748911	0.007079689	0.012565094	0.088733601	0	0	0	0	0	0.003287712	0.013606579	0.053274353	0.025991685	0.004866826	0.003593149	0.026450232	0.096725569	0.025591731	0.047663286	0.002108106	0.010606438	0.003987682	0.009607747	0.026850336
0	0	0	0	0	0.012495082	0.009041323	0.011223477	0.056078609	0.037688248	0.022419319	0.01585309	0.033114989	0.058253686	0.018874933	0.07330085	0.029652095	0.006793676	0.003986334	0.065241875	0	0	0	0	0	0.004274928	0.005725481	0.031111946	0.094752292	0.031760587	0.014481367	0.013996234	0.02486195	0.070965988	0.013777284	0.068510382	0.013391468	0.014449668	0	0.033026403
0	0	0	0	0.001583965	0.007008463	0.024980711	0.021446873	0.031898256	0.065744945	0.061611126	0.04128712	0.049481811	0.042018586	0.067609769	0.043454406	0.05450632	0.024007968	0.032177816	0.117015658	0	0	0	0	0	0.001905264	0.011628534	0.016780607	0.016957885	0.037218326	0.029829123	0.022016673	0.006380341	0.013957996	0.023255021	0.006906616	0.021899995	0.011774761	0.009796922	0.041610576
0	0	0	0	0	0.003871635	0.012134467	0.026491767	0.029322239	0.023853167	0.084188111	0.042944336	0.027966331	0.039380448	0.048162227	0.07012382	0.062364449	0.057878599	0.027404993	0.112979702	0	0	0	0	0.000160642	0.001586354	0.003071552	0.013077412	0.007885655	0.010806666	0.030596475	0.034900048	0.020249118	0.015833031	0.022889757	0.029338191	0.017510508	0.025385751	0.011826729	0.032709117
0	0	0	0	0.004483042	0.002122213	0.004139919	0.015283029	0.071915043	0.037821566	0.026646618	0.066453556	0.075931434	0.044401565	0.014507742	0.032751688	0.050342761	0.025747601	0.031772621	0.081753885	0	0	0	0	0	0.001110958	0.001110958	0.020087008	0.047771976	0.01098529	0.018044214	0.043588832	0.020945105	0.024967795	0.016188701	0.036693293	0.024830955	0.017438069	0.021220917	0.035467865
0	0	0	0	0.001950991	0.013705869	0.012330483	0.018813657	0.038485216	0.064322245	0.042939576	0.037171887	0.062811505	0.04748795	0.035659382	0.018055732	0.029414899	0.03581989	0.014817423	0.086279959	0	0	0	0	0	0	0.00813757	0.023534119	0.018409075	0.043467637	0.029317282	0.020006781	0.028580635	0.031418313	0.03257833	0.023674055	0.015760636	0.033660052	0.015223591	0.04259152
0	0	0	0	0	0.001138558	0.008153179	0.018597822	0.027474631	0.033801494	0.060055479	0.041905561	0.034166914	0.043877883	0.047608188	0.022351697	0.023857217	0.024222008	0.038910637	0.113322163	0	0	0.000111471	0.000361027	0	0	0.003888403	0.017421089	0.019913141	0.031544043	0.068422733	0.024223166	0.015486146	0.041709942	0.013269727	0.013640161	0.008970861	0.018351591	0.032306627	0.056906494
0	0	0	0	0	0.012202453	0.004488024	0.052715792	0.045569792	0.024759352	0.041659608	0.079249348	0.033899716	0.020826869	0.018267549	0.026621586	0.019169334	0.017891599	0.014270865	0.123212953	0	0	0	0	0.001034121	0	0.006196659	0.068531589	0.036939279	0.021512606	0.020015241	0.034847329	0.014566016	0.015677201	0.024249444	0.020621289	0.01720297	0.011957193	0.020316936	0.074913032
0	0	0	0	0.002642411	0.006818289	0.014363409	0.008969847	0.094120209	0.040646216	0.027085881	0.019590761	0.041243348	0.017026979	0.012042547	0.039159128	0.022453923	0.019945578	0.008785298	0.108928948	0	0	0	0	0	0.005670514	0.005701247	0.015543988	0.079713276	0.01589907	0.015290448	0.019533354	0.034985809	0.013559018	0.009782446	0.0188079	0.031673524	0.014287381	0.013538494	0.123930747
0	0	0	0	0.008233007	0.014083197	0.017758756	0.025673893	0.029714141	0.077216681	0.028377299	0.031618197	0.03321014	0.052579852	0.027576257	0.005795696	0.009914428	0.029702095	0.015802034	0.124180048	0	0	0	0.001512919	0.000814083	0.013843125	0.009306479	0.036213212	0.021352036	0.067903525	0.018794305	0.017872566	0.023438026	0.031701613	0.013590194	0.006220496	0.01338526	0.015374908	0.008389352	0.087664353
0	0	0	0	0.004008558	0.012284389	0.045522594	0.037683215	0.027079861	0.029645196	0.116706512	0.020818814	0.004053789	0.013519497	0.037537963	0.01470907	0.010582218	0.018262959	0.021389115	0.084189828	0	0	0	0.0004192	0	0.003681476	0.029624933	0.028191262	0.026805247	0.036569401	0.060458366	0.018725278	0.014830551	0.022464243	0.035678424	0.012731874	0.025158108	0.01974877	0.018199157	0.054826945
0	0	0	0	0.001385619	0.01523274	0.010262231	0.034657485	0.027548917	0.016880584	0.034540126	0.0698079	0.026312754	0.026064304	0.022601024	0.027289926	0.010906277	0.012512934	0.016443117	0.094044792	0	0	0	0.000610867	0.004541129	0.011126333	0.014926525	0.061023601	0.029127067	0.028753304	0.053244509	0.062835399	0.025484957	0.017331301	0.030700156	0.017402783	0.014904344	0.017468466	0.014993673	0.058993392
0	0	0	0	0.007666932	0.015978077	0.022110554	0.052091907	0.051136257	0.054154977	0.026255314	0.029291849	0.064731164	0.0338619	0.017575224	0.022750028	0.030370395	0.015278023	0.015507054	0.091734626	0	0	0	0	0.005105549	0.011032269	0.021504146	0.027379752	0.056192136	0.018277467	0.027941789	0.013402328	0.060639777	0.01182799	0.017889848	0.012524037	0.016270509	0.011144805	0.01041627	0.045426547
0	0	0	0	0	0.010876431	0.026163474	0.042782961	0.073482693	0.071585905	0.035406838	0.053446989	0.038059726	0.045638194	0.030073394	0.022336726	0.019495557	0.026969287	0.018517766	0.09807414	0	0	0	0	2.54E-05	0.009662722	0.011742407	0.032159084	0.023023084	0.038797362	0.021778219	0.011271199	0.018514765	0.033911649	0.010509468	0.016396294	0.01701732	0.015907982	0.013261395	0.05275204
0	0	0	0	0	0.010203823	0.041431155	0.032729144	0.04574532	0.042896837	0.038846407	0.029140454	0.036802182	0.037722468	0.050135242	0.024184886	0.020652334	0.022943948	0.018805758	0.09465728	0	0	0	0	0.000568159	0	0.057333118	0.026305269	0.049559509	0.018437418	0.041213072	0.037039701	0.018520622	0.010742005	0.020236157	0.008366561	0.006758523	0.01373101	0.011347046	0.05523576
0	0	0	0	0	0.005626874	0.02359522	0.053038037	0.038872464	0.04767815	0.037824895	0.058210204	0.029099655	0.027098952	0.027680258	0.037463318	0.018339878	0.021138396	0.024299347	0.085193898	0	0	0	0	0.000736109	0.010205206	0.014287499	0.060440413	0.029141514	0.027058304	0.027147719	0.033737232	0.011951581	0.010501653	0.010700493	0.02774181	0.019851383	0.006405635	0.013598566	0.071864348
0	0	0	0	0	0.006293374	0.022897706	0.029799712	0.043861668	0.037989655	0.040754299	0.013785473	0.041542852	0.01731774	0.006753718	0.019277339	0.023525571	0.009071716	0.011216424	0.08536483	0	0	0	0	0.006350255	0.003212947	0.0241511	0.035712318	0.081240024	0.039493337	0.030271743	0.029265768	0.039729095	0.036451172	0.009778526	0.014912408	0.048191051	0.016279657	0.017368994	0.082739155
0	0	0	0	0	0.004148022	0.008681004	0.021005503	0.033549068	0.065789433	0.04883437	0.048183643	0.036505888	0.039899598	0.022389435	0.025222355	0.017719312	0.021762813	0.015037171	0.072643154	0	0	0	0	0	0.009780141	0.018557321	0.020029271	0.029087126	0.078336768	0.037022258	0.044287233	0.0321786	0.029379448	0.024298109	0.010263595	0.019339846	0.020879348	0.015229185	0.046246893
0	0	0	0	0	0.002466533	0.007407064	0.020155929	0.036557863	0.04069379	0.041188651	0.058189085	0.032784868	0.028421009	0.037607242	0.022782688	0.010468292	0.017823523	0.024590701	0.103467714	0	0	0	0	0.000739262	0.000812736	0.015564882	0.034459661	0.024638555	0.032913609	0.055220095	0.02275649	0.033107039	0.038337461	0.03479803	0.010361044	0.008603631	0.011148521	0.025235228	0.080680653
0	0	0	0	0	0.003738174	0.010111433	0.020061645	0.022669257	0.03763056	0.027238931	0.074320622	0.034732362	0.03957357	0.03125367	0.035432647	0.017271937	0.012261801	0.014010691	0.117929872	0	0	0	0	0	0.002341943	0.005232913	0.023772023	0.037350944	0.022073482	0.016534436	0.044061515	0.022614593	0.042951502	0.019243365	0.035320956	0.009759153	0.006566522	0.013099784	0.109535957
0	0	0	0	0	0	0.018019493	0.038498195	0.040583433	0.033340919	0.037328597	0.028831243	0.05618434	0.025910632	0.02002788	0.011446793	0.027903299	0.022314445	0.009357825	0.126619392	0	0	0	0	0	0	0.022505664	0.02421925	0.029177228	0.040956773	0.037686609	0.015327168	0.042922012	0.024688893	0.02046901	0.010569277	0.023075451	0.014964557	0.008362788	0.099950155
0	0	0	0.00174278	0.002290289	0.002203894	0.009135693	0.058927738	0.037079248	0.032867527	0.041022287	0.029005109	0.016929047	0.04628322	0.025496074	0.029474535	0.016215458	0.027249654	0.013861309	0.114109947	0	0	0	0	0	0.001437236	0.010469568	0.053642271	0.050682632	0.034131728	0.029169405	0.016079506	0.013643043	0.051682144	0.021166798	0.015195343	0.01512692	0.016182368	0.005397772	0.085234961
0	0	0	0	0	0.009132078	0.007538379	0.017381305	0.073955206	0.069795057	0.040621216	0.027767712	0.035707613	0.039485035	0.039196908	0.021716219	0.025117991	0.023591559	0.020448983	0.107636831	0	0	0	0	0.001533544	0.003067089	0.003758328	0.013185337	0.075197552	0.039115744	0.036549639	0.037278835	0.007823084	0.018169274	0.018679498	0.013498642	0.013511627	0.009858344	0.007941606	0.063755606
0	0	0	0.004008253	0.009831016	0.004992114	0.015947791	0.00707032	0.032630971	0.081963045	0.063393066	0.04153128	0.028408727	0.035972835	0.026897364	0.02895983	0.019579082	0.023428407	0.017238284	0.106950757	0	0	0	0	0.003307755	0.004574799	0.015502167	0.006451538	0.03372989	0.062008805	0.041298578	0.020707291	0.021827008	0.018062762	0.013178265	0.028388817	0.012985646	0.008026279	0.007725871	0.072615024
0	0	0	0	0.006674305	0.022898715	0.03224341	0.024743819	0.010483038	0.048508443	0.092447293	0.057820968	0.031723837	0.023817948	0.029056753	0.031074095	0.026521116	0.021203681	0.022923314	0.092165411	0	0	0	0	0.010666406	0.011887199	0.014438526	0.020047918	0.0152087	0.03777354	0.067696373	0.030446223	0.024648114	0.008368246	0.010445617	0.013744368	0.012836586	0.008713497	0.00644448	0.062537383
0	0	0	0	0.01668042	0.040236486	0.050660755	0.012873218	0.03011214	0.021881779	0.034712501	0.066624299	0.042054262	0.037729237	0.021876224	0.016021049	0.014726421	0.028679861	0.022017551	0.107380388	0	0	0	0.001466993	0.013754895	0.024027756	0.029789748	0.020170213	0.017885214	0.01355806	0.027636043	0.072715271	0.033266351	0.017137536	0.008358537	0.006692302	0.013106402	0.008559973	0.006722747	0.044815601

#wt_fsh_in	Female	Female	Female	Female	Female	Female	Female	Female	Female	Female	Female	Female	Female	Female	Female	Female	Female	Female	Female	Male	Male	Male	Male	Male	Male	Male	Male	Male	Male	Male	Male	Male	Male	Male	Male	Male	Male	Male	Male																					
#	1 2	3	4	5	6	7	8	9	10	11	12	13	14	15	16	17	18	19	20	1	2	3	4	5	6	7	8	9	10	11	12	13	14	15	16	17	18	19	20
0	4	15	34	60	91	125	160	195	230	263	294	322	348	372	393	412	429	444	481	0	4	15	34	60	91	125	160	195	230	263	294	322	348	372	393	412	429	444	481
0	4	15	34	60	91	125	160	195	230	263	294	322	348	372	393	412	429	444	481	0	4	15	34	60	91	125	160	195	230	263	294	322	348	372	393	412	429	444	481
0	4	15	34	60	91	125	160	195	230	263	294	322	348	372	393	412	429	444	481	0	4	15	34	60	91	125	160	195	230	263	294	322	348	372	393	412	429	444	481
0	4	15	34	60	91	125	160	195	230	263	294	322	348	372	393	412	429	444	481	0	4	15	34	60	91	125	160	195	230	263	294	322	348	372	393	412	429	444	481
0	4	15	34	60	91	125	160	195	230	263	294	322	348	372	393	412	429	444	481	0	4	15	34	60	91	125	160	195	230	263	294	322	348	372	393	412	429	444	481
0	4	15	34	60	91	125	160	195	230	263	294	322	348	372	393	412	429	444	481	0	4	15	34	60	91	125	160	195	230	263	294	322	348	372	393	412	429	444	481
0	4	15	34	60	91	125	160	195	230	263	294	322	348	372	393	412	429	444	481	0	4	15	34	60	91	125	160	195	230	263	294	322	348	372	393	412	429	444	481
0	4	15	34	60	91	125	160	195	230	263	294	322	348	372	393	412	429	444	481	0	4	15	34	60	91	125	160	195	230	263	294	322	348	372	393	412	429	444	481
0	4	15	34	60	91	125	160	195	230	263	294	322	348	372	393	412	429	444	481	0	4	15	34	60	91	125	160	195	230	263	294	322	348	372	393	412	429	444	481
0	4	15	34	60	91	125	160	195	230	263	294	322	348	372	393	412	429	444	481	0	4	15	34	60	91	125	160	195	230	263	294	322	348	372	393	412	429	444	481
0	4	15	34	60	91	125	160	195	230	263	294	322	348	372	393	412	429	444	481	0	4	15	34	60	91	125	160	195	230	263	294	322	348	372	393	412	429	444	481
0	4	15	34	60	91	125	160	195	230	263	294	322	348	372	393	412	429	444	481	0	4	15	34	60	91	125	160	195	230	263	294	322	348	372	393	412	429	444	481
0	4	15	34	60	91	125	160	195	230	263	294	322	348	372	393	412	429	444	481	0	4	15	34	60	91	125	160	195	230	263	294	322	348	372	393	412	429	444	481
0	4	15	34	60	91	125	160	195	230	263	294	322	348	372	393	412	429	444	481	0	4	15	34	60	91	125	160	195	230	263	294	322	348	372	393	412	429	444	481
0	4	15	34	60	91	125	160	195	230	263	294	322	348	372	393	412	429	444	481	0	4	15	34	60	91	125	160	195	230	263	294	322	348	372	393	412	429	444	481
0	4	15	34	60	91	125	160	195	230	263	294	322	348	372	393	412	429	444	481	0	4	15	34	60	91	125	160	195	230	263	294	322	348	372	393	412	429	444	481
0	4	15	34	60	91	125	160	195	230	263	294	322	348	372	393	412	429	444	481	0	4	15	34	60	91	125	160	195	230	263	294	322	348	372	393	412	429	444	481
0	4	15	34	60	91	125	160	195	230	263	294	322	348	372	393	412	429	444	481	0	4	15	34	60	91	125	160	195	230	263	294	322	348	372	393	412	429	444	481
0	4	15	34	60	91	125	160	195	230	263	294	322	348	372	393	412	429	444	481	0	4	15	34	60	91	125	160	195	230	263	294	322	348	372	393	412	429	444	481
0	4	15	34	60	91	125	160	195	230	263	294	322	348	372	393	412	429	444	481	0	4	15	34	60	91	125	160	195	230	263	294	322	348	372	393	412	429	444	481
0	4	15	34	60	91	125	160	195	230	263	294	322	348	372	393	412	429	444	481	0	4	15	34	60	91	125	160	195	230	263	294	322	348	372	393	412	429	444	481
6	8	20	31	55	84	124	165	217	266	301	341	374	407	428	443	480	483	499	590	4	14	18	32	54	85	120	156	193	225	253	280	303	324	330	344	355	366	390	423
6	8	20	31	55	84	124	165	217	266	301	341	374	407	428	443	480	483	499	590	4	14	18	32	54	85	120	156	193	225	253	280	303	324	330	344	355	366	390	423
6	8	20	31	55	84	124	165	217	266	301	341	374	407	428	443	480	483	499	590	4	14	18	32	54	85	120	156	193	225	253	280	303	324	330	344	355	366	390	423
6	8	20	31	55	84	124	165	217	266	301	341	374	407	428	443	480	483	499	590	4	14	18	32	54	85	120	156	193	225	253	280	303	324	330	344	355	366	390	423
6	8	20	31	55	84	124	165	217	266	301	341	374	407	428	443	480	483	499	590	4	14	18	32	54	85	120	156	193	225	253	280	303	324	330	344	355	366	390	423
6	8	20	31	55	84	124	165	217	266	301	341	374	407	428	443	480	483	499	590	4	14	18	32	54	85	120	156	193	225	253	280	303	324	330	344	355	366	390	423
6	8	20	31	55	84	124	165	217	266	301	341	374	407	428	443	480	483	499	590	4	14	18	32	54	85	120	156	193	225	253	280	303	324	330	344	355	366	390	423
6	8	20	31	55	84	124	165	217	266	301	341	374	407	428	443	480	483	499	590	4	14	18	32	54	85	120	156	193	225	253	280	303	324	330	344	355	366	390	423
6	8	20	31	55	84	124	165	217	266	301	341	374	407	428	443	480	483	499	590	4	14	18	32	54	85	120	156	193	225	253	280	303	324	330	344	355	366	390	423
6	8	20	31	55	84	124	165	217	266	301	341	374	407	428	443	480	483	499	590	4	14	18	32	54	85	120	156	193	225	253	280	303	324	330	344	355	366	390	423
6	8	20	31	55	84	124	165	217	266	301	341	374	407	428	443	480	483	499	590	4	14	18	32	54	85	120	156	193	225	253	280	303	324	330	344	355	366	390	423
6	8	20	31	55	84	124	165	217	266	301	341	374	407	428	443	480	483	499	590	4	14	18	32	54	85	120	156	193	225	253	280	303	324	330	344	355	366	390	423
6	8	20	31	55	84	124	165	217	266	301	341	374	407	428	443	480	483	499	590	4	14	18	32	54	85	120	156	193	225	253	280	303	324	330	344	355	366	390	423
6	8	20	31	55	84	124	165	217	266	301	341	374	407	428	443	480	483	499	590	4	14	18	32	54	85	120	156	193	225	253	280	303	324	330	344	355	366	390	423
6	8	20	31	55	84	124	165	217	266	301	341	374	407	428	443	480	483	499	590	4	14	18	32	54	85	120	156	193	225	253	280	303	324	330	344	355	366	390	423
6	8	20	31	55	84	124	165	217	266	301	341	374	407	428	443	480	483	499	590	4	14	18	32	54	85	120	156	193	225	253	280	303	324	330	344	355	366	390	423
6	8	20	31	55	84	171	241	316	315	346	404	409	458	430	457	584	524	481	549	4	14	18	32	54	85	160	210	216	264	279	321	321	339	341	360	377	474	386	383
6	8	20	31	55	84	156	170	237	248	317	386	417	411	480	468	451	543	491	544	4	14	18	32	54	85	104	175	200	261	285	327	360	343	391	397	387	421	397	455
6	8	20	31	55	84	176	205	234	279	323	343	348	417	431	437	460	440	472	510	4	14	18	32	54	85	147	194	191	242	292	281	310	345	330	396	362	396	365	405
6	8	20	31	55	84	206	214	241	283	302	250	344	417	354	470	440	454	442	479	4	14	18	32	54	85	145	176	237	266	263	258	284	301	315	348	349	353	374	383
6	8	20	31	55	84	123	182	222	210	316	292	271	373	412	426	438	478	459	509	4	14	18	32	54	85	126	152	197	197	293	267	290	310	363	334	346	368	454	375
6	8	20	31	55	84	118	178	226	261	359	348	406	390	414	470	469	682	524	520	4	14	18	32	54	85	204	174	211	288	180	302	316	360	366	467	433	453	451	427
6	8	20	31	55	84	141	142	214	260	270	281	374	368	357	410	443	467	563	502	4	14	18	32	54	85	134	155	202	202	249	245	303	325	358	331	419	404	402	399
6	8	20	31	55	84	133	176	220	242	285	259	283	290	355	393	407	394	405	453	4	14	18	32	54	85	104	148	175	200	238	218	227	295	304	359	303	363	353	378
6	8	20	31	55	84	173	216	213	264	305	307	329	333	371	398	418	448	403	480	4	14	18	32	54	85	129	194	168	226	257	271	284	277	309	331	344	342	340	412
6	8	20	31	55	84	188	194	209	225	257	320	347	383	382	427	408	389	465	474	4	14	18	32	54	85	117	168	193	231	256	239	296	278	329	306	327	339	336	386
6	8	20	31	55	84	206	215	253	274	316	320	344	379	397	354	394	410	460	454	4	14	18	32	54	85	199	200	210	221	255	252	289	288	291	273	318	357	369	337
6	8	20	31	55	84	114	188	257	256	296	319	355	370	392	428	457	424	432	484	4	14	18	32	54	85	142	195	240	228	248	323	334	332	312	320	351	303	372	388
6	8	20	31	55	84	174	181	267	292	363	370	405	453	465	459	501	511	485	542	4	14	18	32	54	85	153	176	214	249	301	319	327	347	354	361	361	421	381	429
6	8	20	31	55	84	224	278	251	304	399	424	398	390	442	492	518	494	479	594	4	14	18	32	54	85	162	172	230	257	300	298	349	351	368	374	358	378	341	425
6	8	20	31	55	84	193	296	281	280	331	390	439	449	495	528	497	493	503	628	4	14	18	32	54	85	183	199	238	254	313	303	367	358	328	370	419	395	370	448
6	8	20	31	55	84	203	233	266	275	336	384	463	442	472	461	511	544	543	569	4	14	18	32	54	85	165	192	259	242	307	257	313	293	347	355	351	376	390	437
6	8	20	31	55	84	217	197	268	277	331	328	394	427	466	522	471	563	576	590	4	14	18	32	54	85	201	218	228	273	287	286	313	322	359	372	374	404	403	434
6	8	20	31	55	133	181	221	260	282	344	340	354	393	449	433	442	406	511	483	0	4	15	34	60	134	207	214	219	264	288	323	305	309	321	375	368	365	397	403
6	8	20	31	55	133	195	313	397	382	373	379	453	420	417	470	454	562	475	638	0	4	15	34	60	134	160	193	247	253	260	312	335	337	339	368	354	414	364	404
6	8	20	31	55	133	191	249	286	320	346	405	395	391	446	470	505	492	525	535	0	4	15	34	60	134	172	236	251	295	283	306	340	334	361	352	371	383	424	418
6	8	20	31	55	133	226	223	274	336	374	391	439	431	418	461	456	441	475	551	0	4	15	34	60	134	200	206	250	278	282	330	341	396	351	376	363	398	396	410
6	8	20	31	55	133	169	260	288	310	345	357	382	462	449	441	483	514	478	521	0	4	15	34	60	134	164	221	252	297	329	332	333	348	420	355	369	396	358	423
6	8	20	31	55	133	200	316	273	329	376	377	396	423	463	488	536	485	515	569	0	4	15	34	60	134	172	213	254	289	308	310	363	390	328	404	372	384	386	450
6	8	20	31	55	133	177	251	300	321	366	388	422	426	479	462	489	461	505	550	0	4	15	34	60	134	182	236	267	263	354	318	335	356	377	383	372	414	408	416
6	8	20	31	55	133	194	275	287	355	412	413	448	465	466	500	481	490	542	562	0	4	15	34	60	134	169	249	266	317	353	359	350	362	384	393	378	504	403	422
6	8	20	31	55	133	208	252	295	328	396	439	428	407	449	477	436	489	535	536	0	4	15	34	60	134	156	223	247	288	306	343	363	377	369	361	399	418	368	412
6	8	20	31	55	133	170	217	277	362	368	450	470	461	437	472	530	529	574	545	0	4	15	34	60	134	178	210	246	307	343	358	365	376	380	395	417	429	414	429
6	8	20	31	55	133	252	235	250	353	405	471	438	448	519	489	497	582	533	569	0	4	15	34	60	134	222	185	243	271	341	339	371	411	418	441	415	455	477	442
6	8	20	31	55	133	216	266	286	317	371	425	432	487	539	512	518	543	552	566	0	4	15	34	60	134	190	213	221	277	286	324	401	364	468	403	415	427	419	432
6	8	20	31	55	133	208	249	279	343	390	440	443	454	482	490	492	527	547	555	0	4	15	34	60	134	191	241	257	293	312	328	341	358	360	368	376	410	383	413
6	8	19	35	192	220	278	286	317	378	395	425	449	484	525	501	531	561	607	606	0	8	20	35	186	218	252	236	292	310	327	357	374	396	371	408	370	428	503	473
6	8	19	35	192	220	278	286	317	378	395	425	449	484	525	501	531	561	607	606	0	8	20	35	186	218	252	236	292	310	327	357	374	396	371	408	370	428	503	473

#	nsmpl_fsh_age(1	nfsh	1	nyrs_fish_age)	
200	200	200	200	200	200	200	200	200	200	200	200	200	200	200	200	200	200	200	200	200	200	200	200	200	200	200	200	200	200	200	200	200	200	200	200	200	200	200	200	200	200	200	200	200	200	200	200	200	200 200  200   200 200  200 200 200 200 
#100	100	100	100	100	100	100	100	100	100	100	100	100	100	100	100	100	100	100	100	100	100	100	100	100	100	100	100	100	100	100	100	100	100	100	100	100	100	100	100	100	100	100	100																		
#	nsrv																																																												
1																																																													
#	nyrs_srv	(1	nsrv)																																																										
40																																																													
#	yrs_srv	(1	nsrv	1	nyrs_srv)																																																								
1982	1983	1984	1985	1986	1987	1988	1989	1990	1991	1992	1993	1994	1995	1996	1997	1998	1999	2000	2001	2002	2003	2004	2005	2006	2007	2008	2009	2010	2011	2012	2013	2014   2015  2016  2017  2018  2019 2021 2022
#	mo_srv	(1	nsrv)																																																										
7																																																													
#	obs_srv	(1	nsrv	1	nyrs_srv)																																

#no fpc applied time-series #in 2022 there were changes to calculation method so 1987-2022 changed.
3509.12664	3672.42188	3341.31561	2398.08062	2031.59972	2530.20969	2195.92303	2329.41665	2192.58607	2406.53077	2215.41327	2484.90807	2615.72161	2026.89236	2230.81818	2176.54317	2222.67394	1266.41734	1600.28028	1690.55573	1923.06746	2171.72905	2557.79575	2840.24677	2146.49897	2168.03749	2112.68794	1752.05976	2388.16063	2422.50437	1965.41216	2295.20542	2531.39952	1946.3009	2876.79676	2805.16488	1903.04165	2017.6202	1633.96789	2039.96815
#	obs_se_srv	(1	nsrv	1	nyrs_srv)																																																								
# actual survey data
291.2253957	206.261588	186.9012491	157.388452	153.9407459	196.5901361	210.5865822	174.4780805	151.5642317	140.8636955	197.6740069	159.7536811	173.8562696	145.3912736	196.2096247	130.0180508	141.481919	92.1585567	102.0881798	122.948996	132.1163967	209.4608195	195.1031879	367.9664564	160.1757096	193.7908907	256.4477424	153.3335685	283.0003101	245.3261058	140.0791606	175.3543082	233.9509404	146.7458172	166.2496701	242.9422486	115.8860047	212.6738653	109.3849468	134.7748947

#	nyrs_srv_age	Combined	and	split	sex																																																								
0																																																													
42																																																													
#	yrs_srv_age	(1	nsrv	1	nyrs_srv_ages)																																																								
1979	1980	1981	1982	1983	1984	1985	1986	1987	1988	1989	1990	1991	1992	1993	1994	1995	1996	1997	1998	1999	2000	2001	2002	2003	2004	2005	2006	2007	2008	2009	2010	2011	2012	2013  2014  2015  2016  2017  2018 2019 2021
#
#	nsmpl_srv	(1	nsrv	1	nyrs_srv_age)	
200	200	200	200	200	200	200	200	200	200	200	200	200	200	200	200	200	200	200	200	200	200	200	200	200	200	200	200	200	200	200	200	200	200	200	200	200  200   200  200 200 200
#100	100	100	100	100	100	100	100	100	100	100	100	100	100	100	100	100	100	100	100	100	100	100	100	100	100	100	100	100     100     100     100     100     100     100     100     100
#  upweighting survey age comp fits to run with downweighted survey SE for retrospective runs
#500	500	500	500	500	500	500	500	500	500	500	500	500	500	500	500	500	500	500	500	500	500	500	500	500	500	500	500	500	500	500	500	500	500	500	500	500
#
#_oac_srv	1	2	3	4	5	6	7	8	9	10	11	12	13	14	15	16	17	18	19	20	1	2	3	4	5	6	7	8	9	10	11	12	13	14	15	16	17	18	19	20																					
#	females	"first,"	then	males																																																									
0	0.002227195	0.011903891	0.015835987	0.046801789	0.065195247	0.040843018	0.058706145	0.084684536	0.066230803	0.055874242	0.02321114	0.028960466	0.006231828	0.00375282	0.003115671	0.000489755	0.000946578	0.00014186	0	0	0.002199532	0.012177179	0.015083978	0.04128994	0.040314757	0.032032279	0.061686963	0.089600493	0.063867629	0.042961411	0.036905334	0.026105143	0.0057294	0.008054227	0.003027831	0.003703313	0.000107619	0	0																						
0	7.21E-05	0.007066709	0.026399804	0.03993626	0.061700566	0.081419774	0.031891123	0.051020684	0.067890437	0.05020204	0.059068253	0.021981794	0.008724487	0.002535177	0.001745237	0.000428658	0.000977318	0.000166583	0.000173349	0	0.001547396	0.006041786	0.023595834	0.048807336	0.065824063	0.094244592	0.035295813	0.043055172	0.047501715	0.043828952	0.034280181	0.028561094	0.01136547	0.001418005	0.000631852	0.000513693	0	1.45E-05	7.22E-05																						
0	0	0.001486987	0.014700352	0.063389633	0.05226401	0.099843034	0.087291346	0.019692367	0.036023776	0.056211012	0.039804015	0.023488525	0.01270916	0.004131819	0.001748324	0.001139983	0.000896568	0.0007097	0.000676265	0	0	0.003756293	0.015127653	0.079098018	0.048361577	0.096737038	0.064855808	0.02978298	0.028075913	0.041276873	0.040341876	0.020122462	0.005000573	0.006248256	0.004135402	0.000492028	0	0	0.000380374																						
0	0.001817766	0.008885077	0.016876496	0.058653756	0.071905668	0.068953461	0.078423414	0.040844207	0.040129221	0.040269963	0.034088788	0.019810583	0.01191834	0.00771405	0.002466566	0.001635142	0.001246697	0.001098788	8.15E-05	0.000245943	0.004305313	0.009363481	0.020732773	0.086186894	0.086240188	0.051285703	0.080992931	0.031164653	0.037497179	0.022443792	0.022815299	0.023350416	0.014646998	0.00038593	0.001143078	0.000348727	0	3.12E-05	0																						
0	0	0.000281981	0.003477333	0.009113627	0.044424265	0.083634889	0.049905512	0.063029748	0.055382717	0.044597572	0.068356264	0.051277615	0.017438844	0.009470536	0.003572406	0.001619209	0.001296098	0	0.000277689	0	0	3.09E-05	0.003862997	0.010840704	0.04286083	0.102369978	0.047837438	0.062066648	0.040032991	0.041397808	0.042749592	0.033482923	0.02516755	0.032545681	0.004553786	0.002688713	0.000355137	0	0																						
0	0	0.003730059	0.019570299	0.018620552	0.03011027	0.052497037	0.059279841	0.078324546	0.076078364	0.06632995	0.038152495	0.041110449	0.033849899	0.016848077	0.012257135	0.005340968	0.002862218	0.000231216	9.64E-04	0	0	0.004758128	0.017367904	0.02277128	0.035013466	0.051761763	0.058475973	0.043155097	0.055512408	0.050631081	0.025224701	0.026702568	0.014172158	0.022241713	0.008581673	0.00392682	0.000597985	0.001751845	0.001195821																						
0	0	0.000307687	0.009950987	0.04175888	0.055412097	0.03835321	0.059622239	0.086414035	0.041639418	0.048922717	0.051478419	0.03626592	0.028109272	0.030307416	0.019362493	0.00743553	0.002942956	0.00046146	0.001101828	0	0	0.003904264	0.016252593	0.039564067	0.052759995	0.024809351	0.061515513	0.049793047	0.037862752	0.042539597	0.033993571	0.021102302	0.024545761	0.014805588	0.010554312	0.001592646	0.002458629	0.000121661	0.001977788																						
0	0	0.00097044	0.003001707	0.027551735	0.043990512	0.083991454	0.035135427	0.072301154	0.065473934	0.047532211	0.0357427	0.040046195	0.024700221	0.031558786	0.017171341	0.019339199	0.007509786	0.003319565	0.002501537	0	0	0.001585611	0.00597259	0.013651488	0.047072146	0.082121595	0.032995866	0.041159149	0.035788281	0.042248908	0.026606938	0.025821019	0.014503724	0.026522674	0.010289426	0.017162577	0.007125829	0.005552075	0.0019822																						
0	0	0	0.006745077	0.011591409	0.077578335	0.044209522	0.081475356	0.025062866	0.036362217	0.057910243	0.034372119	0.043339073	0.023437564	0.026088504	0.023883458	0.01739899	0.0164139	0.018520494	0.014127444	0	0	0.000453446	0.003938389	0.010289716	0.080979952	0.045113118	0.065033078	0.042980341	0.031655446	0.026729788	0.020323932	0.014244493	0.010263089	0.0137067	0.017832891	0.021240427	0.016832043	0.012008629	0.007857952																						
0	0	0	0.000667702	0.036786168	0.007058953	0.148529444	0.055639113	0.055369869	0.018328136	0.02374762	0.034869627	0.020672825	0.035820845	0.027118028	0.021723881	0.016730167	0.011721497	0.015197511	0.044432471	0	0	0.000161117	0.001020139	0.043222148	0.004849855	0.115565008	0.054949134	0.044039314	0.008423037	0.018588762	0.002745126	0.01759932	0.03337523	0.018807958	0.002745126	0.011502263	0.009741101	0.009816669	0.028434836																						
0	0	0	0.001499201	0.010182594	0.074581994	0.024320004	0.138835067	0.06157311	0.046341867	0.007721488	0.018602848	0.031979652	0.024343183	0.024749804	0.019052737	0.008560792	0.004924686	0.01782993	0.027346944	0	0	0.000218193	0.00243401	0.018797986	0.081866322	0.018349386	0.135580324	0.053218739	0.037063781	0.013988066	0.005170773	0.010745395	0.00556219	0.021195295	0.003682786	0.003977075	0.004028236	0.007585168	0.034090373																						
0	0	0	0.00769956	0.011244109	0.035920164	0.11795274	0.021284237	0.139142219	0.045184756	0.053328114	0.011209721	0.007949544	0.011878726	0.00864435	0.025536927	0.014020973	0.004983502	0.007382131	0.040546292	0	0	0.001162197	0.005240963	0.013346982	0.035022951	0.098287459	0.021557042	0.126592206	0.03515533	0.029114855	0.004385316	0.007173208	0.007367191	0.002646653	0.006031837	0.008040873	0.01079611	0.006797662	0.017373098																						
0	0	0.001006205	0.013293093	0.025987921	0.012861888	0.042487865	0.094034271	0.01580278	0.132501701	0.022316058	0.055031299	0.006572599	0.013428415	0.009098771	0.012895991	0.017167923	0.014524866	0.00567916	0.047272863	0	0	0	0.010763958	0.03715189	0.014614756	0.028902307	0.109691621	0.007101706	0.119309478	0.034459245	0.025621094	0.007798115	0.006736507	0.006315446	0.005536555	0.00956126	0.00193885	0.000377925	0.032155617																						
0	0	0.001984619	0.025385112	0.049786269	0.053443896	0.021826917	0.029392123	0.096342063	0.009699324	0.084712791	0.007743749	0.031699801	0.013273832	0.014031821	0.017411198	0.011106826	0.010452455	0.011428111	0.040453713	0	0	0	0.014945655	0.045653449	0.058131691	0.026923674	0.023176599	0.083344157	0.011721236	0.093195836	0.019788303	0.021878116	0.001205965	0.001280861	0.006282022	0.003997717	0.011139306	0.002285265	0.04487553																						
0	0	0.002449318	0.010181168	0.0364506	0.064662218	0.044260326	0.027377211	0.022888713	0.134002493	0.007951662	0.088310939	0.015967091	0.016842137	0.006997252	0.006888956	0.009282062	0.01160774	0.006004624	0.041875421	0	0	0.002053909	0.005330944	0.023797069	0.065869011	0.040054245	0.028397827	0.025136382	0.111755774	0.007084976	0.085847182	0.005355668	0.005404582	0.005140941	0	0.004918311	0.008076409	0	0.021776838																						
0	0	0.00502489	0.008899199	0.020927158	0.048628298	0.084975757	0.052105578	0.045217633	0.026712247	0.109886165	0.048468766	0.004122835	0.025705175	0.013374299	0.003927591	0.007548069	0.015242684	0.00648434	0.025946648	0	0.00039776	0.002036686	0.006668276	0.01558845	0.040082024	0.089451978	0.061602892	0.028880649	0.017925195	0.077198487	0.002415189	0.058387986	0.004298063	0.012393177	0.001039317	0.003454507	0.002274733	0.008351637	0.014355659																						
0	0	0.002297216	0.01857359	0.035045284	0.022049991	0.108009979	0.076213562	0.033362721	0.016411213	0.003029691	0.077031111	0.002492639	0.068152271	0.01264591	0.009738414	0.011772278	0.003602609	0.006658267	0.040236269	0	0	0	0.020522293	0.014569913	0.032813597	0.081060471	0.068680838	0.011453584	0.021811011	0.009112148	0.058041039	0.001628571	0.073262898	0.005976194	0.002970451	0.009366288	0.003160936	0.006700657	0.031546096																						
0	0	0.001690401	0.016345942	0.085960213	0.03061469	0.029628481	0.046129105	0.054884204	0.021859062	0.015468291	0.016082138	0.063939051	0.012365959	0.067684946	0.004944567	0.003191899	0.010286621	0.005068627	0.047246416	0	0	0.008120846	0.010072432	0.088978869	0.025895146	0.024107973	0.045147497	0.036585186	0.035126384	0.01502099	0.014794325	0.042433707	0.006447966	0.047747821	0.013330169	0.010134347	0.00177915	0.008118958	0.032767622																						
0	0	0.001994195	0.036151838	0.056097796	0.080973246	0.028585373	0.02669892	0.056485734	0.025510382	0.012684123	0.019691591	0.020529431	0.055786696	0.004909906	0.035081231	0.008421943	0.011000231	0.007267587	0.032857704	0	0	0.001069625	0.023929174	0.047487735	0.089061719	0.020205646	0.020496096	0.049801734	0.027368703	0.021692052	0.023899839	0.012113499	0.057440974	0.008796215	0.029495305	0.003455828	0.013424772	0.008760528	0.020772629																						
0	0	0.001065035	0.008473628	0.048595573	0.042649117	0.091421843	0.026384185	0.020665754	0.037615033	0.041944082	0.037486069	0.017248604	0.017881624	0.026887882	0.006765634	0.042574045	0.02255936	0.011140055	0.042286783	0	0	0.004918671	0.00708797	0.035620165	0.057834576	0.084501084	0.016139435	0.022989684	0.020689724	0.027645902	0.035118358	0.014230275	0.015992818	0.019404165	0.011507611	0.0270874	0.01595225	0.009064633	0.030570977																						
0	0	0.000557093	0.011281407	0.034285894	0.03030424	0.032094933	0.125948824	0.017988379	0.018550206	0.042520508	0.032919203	0.032273107	0.012536997	0.017717651	0.03040462	0.018220929	0.021635851	0.010941789	0.022885639	0	0	0.000943588	0.017410956	0.024656843	0.038949498	0.042115424	0.099715329	0.025322546	0.016313499	0.053464307	0.046615591	0.012939643	0.009250237	0.004896904	0.020619319	0.006076364	0.022300019	0.015742405	0.029600258																						
0	0	0.001716417	0.008268653	0.037613012	0.031551156	0.046221349	0.0674155	0.081633762	0.02879657	0.030022902	0.036021434	0.033294394	0.009891544	0.017760356	0.022031126	0.016616297	0.013480765	0.026563771	0.03022868	0	0	0	0.005395034	0.033232735	0.039307472	0.021740807	0.0773367	0.088557914	0.011877783	0.032601918	0.020194724	0.011635215	0.013993177	0.011833662	0.010042951	0.023162408	0.019912719	0.015993952	0.02405314																						
0	0	0.000174987	0.008882154	0.029986452	0.065562719	0.031130696	0.050574945	0.052111114	0.082074083	0.04689861	0.010388496	0.024037742	0.019306471	0.015975068	0.023699009	0.013927451	0.019574714	0.00561807	0.038327014	0	0	0	0.010889204	0.017648687	0.081876387	0.042852981	0.047144591	0.04477832	0.070526871	0.026077298	0.010953481	0.019844503	0.00822121	0.009149326	0.017549497	0.007567689	0.009640952	0.003751777	0.033277428																						
0	0	0.001919472	0.014608636	0.020242109	0.030399158	0.092570529	0.041215076	0.034497965	0.027273924	0.054428605	0.02635518	0.010781748	0.036568221	0.01379988	0.018119463	0.017297015	0.009850533	0.017694388	0.050959977	0	0	0.006868182	0.008622075	0.018826091	0.036735982	0.090222155	0.03788566	0.039578052	0.031137217	0.052628171	0.023075933	0.014325619	0.026188683	0.019171802	0.015823222	0.002512615	0.010000371	0.011539389	0.036276901																						
0	0	0.001776707	0.013737458	0.028724818	0.029856256	0.034131096	0.136086896	0.026796866	0.033176386	0.034043486	0.029860468	0.012202967	0.013677455	0.02019599	0.019941003	0.010256085	0.010293969	0.01119682	0.080424744	0	0	0.002848183	0.011287905	0.021192706	0.030719311	0.029884945	0.127817833	0.028327038	0.043256296	0.006323732	0.033776613	0.020568552	0.001197788	0.008477145	0.006789846	0.012752477	0.006789846	0.007776328	0.053833986																						
0	0.001071852	0.0035239	0.020551977	0.046074055	0.060029522	0.047254709	0.023268342	0.103528332	0.023641788	0.022740625	0.023398904	0.023481579	0.011354416	0.002136216	0.017931347	0.019565999	0.011170738	0.010571454	0.067925652	0	0.000439227	0.00673372	0.012237509	0.050192123	0.04791097	0.02133877	0.042308358	0.106327645	0.02821018	0.008723462	0.020936881	0.023893164	0.01098958	0.005081281	0.02665625	0.011044519	0.007194978	0.002918313	0.027641663																						
0	0	0.005497174	0.017350761	0.020209472	0.062561617	0.044980099	0.022177088	0.050669574	0.086744699	0.020369081	0.014945383	0.019879421	0.033685228	0.017706934	0.005522547	0.019161157	0.022413001	0.010552619	0.08643888	0	0	0.005049396	0.017309834	0.0193963	0.049306043	0.049550394	0.021195098	0.0299185	0.101096813	0.012796275	0.01475944	0.012619177	0.013787233	0.007197039	0.009655658	0.013253466	0.009307957	0.007100227	0.045836415																						
0	0	0.008036938	0.036075453	0.044895308	0.033020548	0.075783138	0.056181922	0.02105801	0.038874571	0.088154013	0.015889599	0.015869655	0.008443228	0.018662075	0.020968574	0.000236163	0.010748228	0.00840734	0.042011291	0	0	0.012056274	0.020668964	0.041585328	0.039625614	0.06030045	0.046990353	0.034380811	0.035615986	0.045872445	0.013908267	0.01850059	0.010688517	0.004643971	0.00137418	0.006539546	0.009839964	0.020424636	0.03366805																						
0	0	0	0	0.002064668	0.019006361	0.012351963	0.042653002	0.032725433	0.019826299	0.040472471	0.080228843	0.029930368	0.029810918	0.026506784	0.032684027	0.012632588	0.015318011	0.020521253	0.117643783	0	0	0	0.000702545	0.004999777	0.013042241	0.016122565	0.064873917	0.02860531	0.026771424	0.049929166	0.056340343	0.02224715	0.016184144	0.030651681	0.016816172	0.014946264	0.018944611	0.015575283	0.068870636																						
0	0	0.002660742	0.012915848	0.082953202	0.069960567	0.061549954	0.040480124	0.040031526	0.022340171	0.01316476	0.029243172	0.039404912	0.017212495	0.00891318	0.009611664	0.01339366	0.008721649	0.008362141	0.05207863	0	0	0.001163427	0.011205359	0.074613905	0.052113114	0.054459343	0.038819867	0.051051115	0.025378494	0.016262863	0.020831047	0.037142876	0.007086723	0.007426541	0.003911719	0.011657862	0.004506033	0.005425844	0.043945472																						
0	0.000629526	0.004485131	0.02439275	0.024391004	0.141929245	0.07283231	0.058340426	0.030997159	0.025168928	0.026100717	0.015433887	0.016529781	0.023458985	0.010577479	0.005153855	0.000204839	0.007030111	0.008163524	0.037744575	0	0	0.007750485	0.017252092	0.034526993	0.113119796	0.055235306	0.066309998	0.029638018	0.029827303	0.025913598	0.009345814	0.003717436	0.023320349	0.003579093	0.003453861	0.006078458	0.001747623	0.006435395	0.029184149																						
0	0	0.003328263	0.033121047	0.039018839	0.044250876	0.09041966	0.05597924	0.052185004	0.033250281	0.033873088	0.015620671	0.016794039	0.01364202	0.017438552	0.010003567	0.004972231	0.01148484	0.006020623	0.046655461	0	0	0.007842105	0.020127812	0.042243313	0.037431152	0.104267756	0.046664109	0.051493342	0.01732382	0.019065951	0.016060161	0.005306494	0.011776356	0.015281532	0.007927069	0.005391378	0.003655635	0.014057533	0.046026182																						
0	0	0.001546666	0.02631503	0.058321149	0.076458214	0.050133743	0.083252201	0.044415357	0.049427065	0.022106488	0.024475289	0.016089047	0.015358964	0.015650176	0.020142862	0.010659125	0.006290163	0.004743776	0.045336238	0	5.76E-05	0.000744414	0.016208561	0.041645573	0.052172511	0.038724146	0.085668632	0.043107416	0.024293496	0.019071075	0.008380666	0.008752744	0.014750957	0.011116807	0.01694169	0.010404118	0.003742315	0.005241578	0.028254141																						
0	0.001326239	0.006624194	0.030524863	0.052477211	0.067096744	0.039024877	0.032331614	0.100267416	0.034083155	0.044544533	0.014163159	0.020787611	0.004927538	0.020010764	0.017058729	0.019879015	0.00960158	0.00695186	0.036433541	0	0	0.009222291	0.036503984	0.046917063	0.045812934	0.036411785	0.031780742	0.056643385	0.039604133	0.02390521	0.013055277	0.008935302	0.01206726	0.004541573	0.013326434	0.007865817	0	0.003337556	0.051954609																						
0	0	0.000554343	0.011230124	0.034223451	0.053434565	0.06761528	0.032591098	0.028074849	0.052048674	0.051648568	0.045602676	0.015180332	0.017149623	0.016893531	0.016910205	0.012010154	0.025888927	0.014765789	0.045319429	0	0	0.000839715	0.01166306	0.046561745	0.04884338	0.061284796	0.026855493	0.034106698	0.056607506	0.025407957	0.025500834	0.004227629	0.01131884	0.01270854	0.01501101	0.002363542	0.016484586	0.010402932	0.048670119																						
0	0	0	0.004526617	0.051645774	0.047070074	0.030467897	0.051486704	0.028367937	0.028022068	0.064182667	0.041814948	0.019670047	0.017703146	0.028038188	0.004221564	0.015002038	0.007657687	0.025114934	0.06774582	0	0	0	0.00104537	0.044865535	0.048649939	0.035092252	0.04153206	0.038086032	0.030785989	0.049073028	0.025281642	0.023644613	0.002434796	0.023512662	0.011536173	0.013160338	0.003019694	0.013667274	0.061874492
0	0	0.003529621	0.000507817	0.026081172	0.072679896	0.054462562	0.047922251	0.044764659	0.03880905	0.023221585	0.04393097	0.040238546	0.020989757	0.015422709	0.01252055	0.010537618	0.009686723	0.014515107	0.068756724	0	0.000121405	0.004476904	0.005579476	0.020391204	0.066429458	0.051785234	0.046925478	0.048634128	0.049528335	0.007442377	0.027993266	0.020382591	0.012513878	0.00011662	0.012451634	0.017225654	0.001858528	0.000805917	0.056760596
0	0.000107496	0.003770505	0.008297667	0.005285331	0.019122504	0.086672756	0.065955178	0.047050051	0.042407053	0.035000339	0.016753943	0.028567263	0.026784486	0.016358818	0.018974249	0.019799287	0.019502148	0.005334645	0.075167169	0	0	0.005050514	0.009896027	0.002362893	0.016536086	0.082136161	0.06345827	0.046873291	0.042775459	0.014611733	0.013673807	0.026429757	0.02103035	0.010282391	0.004089224	0.010649742	0.010121845	0.005309449	0.073802112
0	0.001718268	0.008123044	0.039288522	0.039003921	0.012559385	0.032730789	0.103136521	0.049633241	0.034594476	0.038880098	0.023497366	0.01530071	0.020872211	0.020606479	0.015281945	0.012140384	0.014506809	0.007153462	0.060124391	0	0.001017192	0.012366734	0.023821411	0.040801353	0.010977957	0.026800651	0.090665497	0.051314469	0.031973613	0.028345698	0.020040526	0.011067776	0.022219572	0.015975364	0.003819239	0.001241134	0.00750946	0.005394137	0.045496194
0	0	0.008092051	0.02973072	0.042771174	0.029028485	0.014957263	0.043243673	0.104678406	0.053284385	0.03778013	0.0132769	0.01245885	0.006787494	0.020328937	0.016243596	0.016910853	0.015141711	0.012201307	0.081909693	0	0	0.006447618	0.028459255	0.030679959	0.037331726	0.011753612	0.038474905	0.08525169	0.042483465	0.030729532	0.015594208	0.012545822	0.011926097	0.012246665	0.011278735	0.004822415	0.009008632	0.001740071	0.050399963
0	0.000246765	0.019558085	0.033084643	0.048772255	0.024756735	0.038168366	0.012553487	0.033340054	0.086513541	0.056801168	0.020575867	0.025348154	0.019842856	0.019473695	0.011394491	0.007020046	0.011182225	0.006193092	0.055074673	0	0	0.021566433	0.039913056	0.037743466	0.016399149	0.042331427	0.016639451	0.023515302	0.077639767	0.042792987	0.020593341	0.024569095	0.01331567	0.010817361	0.008504346	0.014971439	0.006070967	0.005642558	0.047073986
#
#	wt_srv_Females	2	3	4	5	6	7	8	9	10	11	12	13	14	15	16	17	18	19	20																																									
4	15	34	60	91	125	160	195	230	263	294	322	348	372	393	412	429	444	481	590
4	15	34	60	91	125	160	195	230	263	294	322	348	372	393	412	429	444	481	590
4	15	34	60	91	125	160	195	230	263	294	322	348	372	393	412	429	444	481	590
4	15	34	60	91	125	160	195	230	263	294	322	348	372	393	412	429	444	481	590
4	15	34	60	91	125	160	195	230	263	294	322	348	372	393	412	429	444	481	590
4	15	34	60	91	125	160	195	230	263	294	322	348	372	393	412	429	444	481	590
4	15	34	60	91	125	160	195	230	263	294	322	348	372	393	412	429	444	481	590
4	15	34	60	91	125	160	195	230	263	294	322	348	372	393	412	429	444	481	590
4	15	34	60	91	125	160	195	230	263	294	322	348	372	393	412	429	444	481	590
4	15	34	60	91	125	160	195	230	263	294	322	348	372	393	412	429	444	481	590
4	15	34	60	91	125	160	195	230	263	294	322	348	372	393	412	429	444	481	590
4	15	34	60	91	125	160	195	230	263	294	322	348	372	393	412	429	444	481	590
4	15	34	60	91	125	160	195	230	263	294	322	348	372	393	412	429	444	481	590
4	15	34	60	91	125	160	195	230	263	294	322	348	372	393	412	429	444	481	590
4	15	34	60	91	125	160	195	230	263	294	322	348	372	393	412	429	444	481	590
4	15	34	60	91	125	160	195	230	263	294	322	348	372	393	412	429	444	481	590
4	15	34	60	91	125	160	195	230	263	294	322	348	372	393	412	429	444	481	590
4	15	34	60	91	125	160	195	230	263	294	322	348	372	393	412	429	444	481	590
4	15	34	60	91	125	160	195	230	263	294	322	348	372	393	412	429	444	481	590
4	15	34	60	91	125	160	195	230	263	294	322	348	372	393	412	429	444	481	590
4	15	34	60	91	125	160	195	230	263	294	322	348	372	393	412	429	444	481	590
8	20	31	55	84	124	165	217	266	301	341	374	407	428	443	480	483	499	590	590
8	20	31	55	84	124	165	217	266	301	341	374	407	428	443	480	483	499	590	590
8	20	31	55	84	124	165	217	266	301	341	374	407	428	443	480	483	499	590	590
8	20	31	55	84	124	165	217	266	301	341	374	407	428	443	480	483	499	590	590
8	20	31	55	84	124	165	217	266	301	341	374	407	428	443	480	483	499	590	590
8	20	31	55	84	124	165	217	266	301	341	374	407	428	443	480	483	499	590	590
8	20	31	55	84	124	165	217	266	301	341	374	407	428	443	480	483	499	590	590
8	20	42	75	98	139	176	214	233	235	331	359	393	410	436	482	470	476	586	590
10	14	26	60	103	162	185	201	243	255	318	350	391	419	455	503	489	503	605	590
14	26	33	57	110	156	177	222	246	294	318	342	375	418	453	498	492	536	617	590
11	16	28	46	77	177	202	251	286	302	314	341	367	417	450	502	520	556	623	590
14	27	23	41	71	103	173	239	284	338	314	336	366	401	439	490	511	547	628	590
10	14	20	47	55	127	179	256	317	324	331	351	375	411	443	475	519	557	619	590
9	12	16	34	66	85	159	237	286	307	351	364	377	393	418	446	490	528	597	590
12	21	33	67	71	112	133	197	279	339	364	384	402	400	422	445	506	490	570	590
11	17	24	38	65	99	126	197	243	321	389	400	411	405	430	436	475	475	559	590
11	16	23	58	56	100	142	156	238	310	394	421	420	429	446	450	486	481	557	590
12	21	29	55	85	121	177	176	283	305	377	417	430	456	454	464	498	485	562	590
15	28	35	64	93	155	165	232	244	301	368	411	438	469	470	477	506	496	563	590
20	46	53	86	87	125	155	235	276	284	355	405	418	470	472	482	486	504	571	590
12	20	28	60	84	123	160	217	284	332	333	403	412	463	470	478	515	495	575	590
11	16	36	51	108	137	167	202	222	311	322	379	403	448	461	487	509	503	567	590
16	34	33	72	85	157	200	236	260	292	336	383	397	439	457	488	492	514	577	590
10	14	36	51	90	104	177	237	278	279	333	383	391	430	439	478	479	513	576	590
9	12	18	37	67	103	131	239	284	296	331	374	398	417	429	474	484	506	593	590
6	8	14	33	36	92	142	192	211	231	294	336	378	361	393	458	491	522	505	609
6	4	8	31	39	62	99	148	195	242	284	383	392	436	424	442	474	528	530	663
6	8	19	27	45	66	105	156	229	246	276	343	328	394	451	480	504	552	560	631
6	8	14	29	56	87	127	171	224	299	328	357	413	454	417	505	374	600	575	652
6	8	14	38	64	101	163	162	231	300	328	359	440	524	551	476	485	500	500	654
6	4	21	40	72	114	156	217	236	284	349	356	377	464	509	505	612	472	620	693
6	6	16	36	76	114	149	206	236	303	308	360	368	592	493	495	532	568	618	740
6	8	16	38	70	113	170	196	239	330	304	351	361	406	456	466	558	568	683	740
6	8	24	31	57	106	140	203	239	281	309	345	395	432	422	501	567	555	594	660
6	6	10	22	51	92	142	182	248	321	334	377	434	429	433	575	874	556	565	697
6	2	16	25	57	84	136	186	218	343	337	403	446	460	517	557	594	620	744	795
6	8	12	30	49	92	145	210	264	318	329	405	419	441	448	621	534	516	623	696
6	6	11	27	53	91	146	167	258	317	367	321	452	529	502	514	562	654	598	730
6	8	12	21	40	102	131	195	275	318	366	399	415	474	473	518	550	555	606	702
6	8	19	16	37	85	145	201	252	306	368	360	428	421	495	592	536	577	570	715
6	8	15	12	40	62	130	215	262	355	418	437	411	484	474	596	647	593	531	731
6	12	25	37	69	86	130	211	329	378	417	415	517	465	509	522	581	580	618	723
6	9	19	51	69	118	143	187	273	366	382	436	536	503	553	647	601	701	585	824
6	8	22	39	88	111	163	236	248	346	421	447	504	478	542	606	586	571	717	677#2018
6	6	21	47	92	160	180	254	277	346	404	583	503	505	570	680	701	673	698	720#2019
6	6	21	47	92	160	180	254	277	346	404	583	503	505	570	680	701	673	698	720#2020?
6   6	21	43	103	188	248	321	365	453	438	478	540	564	592	637	602	635	650	667#2021 
6   6	21	43	103	188	248	321	365	453	438	478	540	564	592	637	602	635	650	667#2022 same as 2021. 2020 same as 2019
#
#	wt_srv_Males	2	3	4	5	6	7	8	9	10	11	12	13	14	15	16	17	18	19	20																																									
0	4	15	34	60	91	125	160	195	230	263	294	322	348	372	393	412	429	444	481
0	4	15	34	60	91	125	160	195	230	263	294	322	348	372	393	412	429	444	481
0	4	15	34	60	91	125	160	195	230	263	294	322	348	372	393	412	429	444	481
0	4	15	34	60	91	125	160	195	230	263	294	322	348	372	393	412	429	444	481
0	4	15	34	60	91	125	160	195	230	263	294	322	348	372	393	412	429	444	481
0	4	15	34	60	91	125	160	195	230	263	294	322	348	372	393	412	429	444	481
0	4	15	34	60	91	125	160	195	230	263	294	322	348	372	393	412	429	444	481
0	4	15	34	60	91	125	160	195	230	263	294	322	348	372	393	412	429	444	481
0	4	15	34	60	91	125	160	195	230	263	294	322	348	372	393	412	429	444	481
0	4	15	34	60	91	125	160	195	230	263	294	322	348	372	393	412	429	444	481
0	4	15	34	60	91	125	160	195	230	263	294	322	348	372	393	412	429	444	481
0	4	15	34	60	91	125	160	195	230	263	294	322	348	372	393	412	429	444	481
0	4	15	34	60	91	125	160	195	230	263	294	322	348	372	393	412	429	444	481
0	4	15	34	60	91	125	160	195	230	263	294	322	348	372	393	412	429	444	481
0	4	15	34	60	91	125	160	195	230	263	294	322	348	372	393	412	429	444	481
0	4	15	34	60	91	125	160	195	230	263	294	322	348	372	393	412	429	444	481
0	4	15	34	60	91	125	160	195	230	263	294	322	348	372	393	412	429	444	481
0	4	15	34	60	91	125	160	195	230	263	294	322	348	372	393	412	429	444	481
0	4	15	34	60	91	125	160	195	230	263	294	322	348	372	393	412	429	444	481
0	4	15	34	60	91	125	160	195	230	263	294	322	348	372	393	412	429	444	481
0	4	15	34	60	91	125	160	195	230	263	294	322	348	372	393	412	429	444	481
4	14	18	32	54	85	120	156	193	225	253	280	303	324	330	344	355	366	390	423
4	14	18	32	54	85	120	156	193	225	253	280	303	324	330	344	355	366	390	423
4	14	18	32	54	85	120	156	193	225	253	280	303	324	330	344	355	366	390	423
4	14	18	32	54	85	120	156	193	225	253	280	303	324	330	344	355	366	390	423
4	14	18	32	54	85	120	156	193	225	253	280	303	324	330	344	355	366	390	423
4	14	18	32	54	85	120	156	193	225	253	280	303	324	330	344	355	366	390	423
4	14	18	32	54	85	120	156	193	225	253	280	303	324	330	344	355	366	390	423
4	11	25	50	83	112	133	142	158	182	242	266	286	309	345	352	361	384	418	420
4	5	5	23	57	95	156	156	155	176	233	256	271	295	331	341	344	385	414	417
4	10	20	31	57	121	150	181	202	193	223	242	259	281	316	325	330	394	394	406
4	11	23	32	51	84	148	186	214	227	218	236	254	269	307	317	340	399	423	399
4	9	18	27	34	61	98	176	217	233	215	225	248	257	293	313	322	389	405	389
4	8	14	17	27	53	97	157	211	226	228	236	266	269	267	294	306	358	364	386
4	7	10	18	45	75	76	138	207	242	238	252	281	278	283	297	314	347	355	381
4	7	10	27	47	72	142	130	179	244	252	279	300	298	295	305	336	325	370	377
4	9	16	22	44	64	98	120	175	197	261	295	312	309	305	301	324	318	332	377
4	9	17	29	51	75	100	132	180	212	266	302	323	328	319	308	341	315	378	379
4	9	17	28	53	86	97	125	174	208	262	302	322	368	345	329	349	328	394	373
4	9	18	45	56	93	135	145	206	209	257	294	339	369	347	341	362	335	397	372
4	23	32	53	76	92	116	182	198	207	255	291	334	367	353	362	355	369	394	387
4	10	19	32	59	88	110	154	177	207	250	278	333	361	349	380	359	375	406	399
4	10	19	32	54	107	134	163	184	215	241	277	324	349	347	374	355	398	365	410
4	8	14	37	64	75	149	174	185	239	240	274	315	308	335	362	363	400	353	427
4	10	20	27	49	79	113	156	208	207	244	274	296	308	324	356	354	401	354	429
4	6	7	18	37	63	95	123	170	171	241	263	287	292	324	340	362	375	355	434
4	8	33	30	34	71	105	157	162	244	218	245	266	272	288	335	304	342	364	428
4	8	20	22	32	49	95	151	170	196	244	259	296	299	313	307	362	436	447	410
4	8	17	22	53	58	91	146	204	213	232	257	274	309	345	362	334	383	440	423
4	8	27	39	53	83	112	170	189	250	265	308	267	443	407	370	360	367	381	469
4	8	14	36	59	95	150	158	207	260	321	311	311	368	469	384	414	392	465	464
4	4	19	40	72	115	134	162	206	265	291	334	395	312	310	364	391	374	418	446
4	8	18	32	67	118	144	183	207	237	233	318	350	417	452	438	352	343	380	449
4	8	17	33	67	105	139	177	208	244	287	282	302	351	408	369	339	381	400	449
4	8	8	27	50	95	121	181	192	244	270	298	312	346	384	405	373	399	436	481
4	8	10	20	42	85	128	155	200	287	276	316	399	338	430	308	439	384	369	481
4	8	13	24	48	80	141	167	183	302	315	322	356	414	402	401	417	512	461	501
4	4	11	31	59	88	133	188	227	262	341	302	398	338	381	445	409	416	440	523
4	8	12	27	53	88	126	183	216	256	283	320	292	422	420	387	431	393	355	475
4	8	12	20	41	77	131	189	228	267	269	346	275	371	383	420	456	407	395	487
4	8	20	30	59	86	154	188	243	292	313	311	321	332	424	466	429	527	492	495
4	6	19	25	38	64	135	202	230	321	361	386	368	367	400	432	445	537	563	494
4	8	33	46	50	83	127	190	260	332	327	340	406	394	416	409	443	474	375	505
4	8	21	46	76	102	110	170	247	311	347	367	404	380	466	483	614	577	496	573
4	8	23	45	89	95	161	178	221	276	316	403	384	435	421	386	424	431	548	484 #2018
4	8	20	48	97	126	195	206	237	280	324	384	377	384	431	464	434	454	464	507 #2019
4	8	20	48	97	126	195	206	237	280	324	384	377	384	431	464	434	454	464	507 #2020
4   8	24	59	110	180	232	250	267	332	331	374	420	428	435	455	462	449	431	448 #2021
4   8	24	59	110	180	232	250	267	332	331	374	420	428	435	455	462	449	431	448  #2022

#
#	wt_pop females	same as wt_srv 2	3	4	5	6	7	8	9	10	11	12	13	14	15	16	17	18	19	20																																									
4	15	34	60	91	125	160	195	230	263	294	322	348	372	393	412	429	444	481	590
4	15	34	60	91	125	160	195	230	263	294	322	348	372	393	412	429	444	481	590
4	15	34	60	91	125	160	195	230	263	294	322	348	372	393	412	429	444	481	590
4	15	34	60	91	125	160	195	230	263	294	322	348	372	393	412	429	444	481	590
4	15	34	60	91	125	160	195	230	263	294	322	348	372	393	412	429	444	481	590
4	15	34	60	91	125	160	195	230	263	294	322	348	372	393	412	429	444	481	590
4	15	34	60	91	125	160	195	230	263	294	322	348	372	393	412	429	444	481	590
4	15	34	60	91	125	160	195	230	263	294	322	348	372	393	412	429	444	481	590
4	15	34	60	91	125	160	195	230	263	294	322	348	372	393	412	429	444	481	590
4	15	34	60	91	125	160	195	230	263	294	322	348	372	393	412	429	444	481	590
4	15	34	60	91	125	160	195	230	263	294	322	348	372	393	412	429	444	481	590
4	15	34	60	91	125	160	195	230	263	294	322	348	372	393	412	429	444	481	590
4	15	34	60	91	125	160	195	230	263	294	322	348	372	393	412	429	444	481	590
4	15	34	60	91	125	160	195	230	263	294	322	348	372	393	412	429	444	481	590
4	15	34	60	91	125	160	195	230	263	294	322	348	372	393	412	429	444	481	590
4	15	34	60	91	125	160	195	230	263	294	322	348	372	393	412	429	444	481	590
4	15	34	60	91	125	160	195	230	263	294	322	348	372	393	412	429	444	481	590
4	15	34	60	91	125	160	195	230	263	294	322	348	372	393	412	429	444	481	590
4	15	34	60	91	125	160	195	230	263	294	322	348	372	393	412	429	444	481	590
4	15	34	60	91	125	160	195	230	263	294	322	348	372	393	412	429	444	481	590
4	15	34	60	91	125	160	195	230	263	294	322	348	372	393	412	429	444	481	590
8	20	31	55	84	124	165	217	266	301	341	374	407	428	443	480	483	499	590	590
8	20	31	55	84	124	165	217	266	301	341	374	407	428	443	480	483	499	590	590
8	20	31	55	84	124	165	217	266	301	341	374	407	428	443	480	483	499	590	590
8	20	31	55	84	124	165	217	266	301	341	374	407	428	443	480	483	499	590	590
8	20	31	55	84	124	165	217	266	301	341	374	407	428	443	480	483	499	590	590
8	20	31	55	84	124	165	217	266	301	341	374	407	428	443	480	483	499	590	590
8	20	31	55	84	124	165	217	266	301	341	374	407	428	443	480	483	499	590	590
8	20	42	75	98	139	176	214	233	235	331	359	393	410	436	482	470	476	586	590
10	14	26	60	103	162	185	201	243	255	318	350	391	419	455	503	489	503	605	590
14	26	33	57	110	156	177	222	246	294	318	342	375	418	453	498	492	536	617	590
11	16	28	46	77	177	202	251	286	302	314	341	367	417	450	502	520	556	623	590
14	27	23	41	71	103	173	239	284	338	314	336	366	401	439	490	511	547	628	590
10	14	20	47	55	127	179	256	317	324	331	351	375	411	443	475	519	557	619	590
9	12	16	34	66	85	159	237	286	307	351	364	377	393	418	446	490	528	597	590
12	21	33	67	71	112	133	197	279	339	364	384	402	400	422	445	506	490	570	590
11	17	24	38	65	99	126	197	243	321	389	400	411	405	430	436	475	475	559	590
11	16	23	58	56	100	142	156	238	310	394	421	420	429	446	450	486	481	557	590
12	21	29	55	85	121	177	176	283	305	377	417	430	456	454	464	498	485	562	590
15	28	35	64	93	155	165	232	244	301	368	411	438	469	470	477	506	496	563	590
20	46	53	86	87	125	155	235	276	284	355	405	418	470	472	482	486	504	571	590
12	20	28	60	84	123	160	217	284	332	333	403	412	463	470	478	515	495	575	590
11	16	36	51	108	137	167	202	222	311	322	379	403	448	461	487	509	503	567	590
16	34	33	72	85	157	200	236	260	292	336	383	397	439	457	488	492	514	577	590
10	14	36	51	90	104	177	237	278	279	333	383	391	430	439	478	479	513	576	590
9	12	18	37	67	103	131	239	284	296	331	374	398	417	429	474	484	506	593	590
6	8	14	33	36	92	142	192	211	231	294	336	378	361	393	458	491	522	505	609
6	4	8	31	39	62	99	148	195	242	284	383	392	436	424	442	474	528	530	663
6	8	19	27	45	66	105	156	229	246	276	343	328	394	451	480	504	552	560	631
6	8	14	29	56	87	127	171	224	299	328	357	413	454	417	505	374	600	575	652
6	8	14	38	64	101	163	162	231	300	328	359	440	524	551	476	485	500	500	654
6	4	21	40	72	114	156	217	236	284	349	356	377	464	509	505	612	472	620	693
6	6	16	36	76	114	149	206	236	303	308	360	368	592	493	495	532	568	618	740
6	8	16	38	70	113	170	196	239	330	304	351	361	406	456	466	558	568	683	740
6	8	24	31	57	106	140	203	239	281	309	345	395	432	422	501	567	555	594	660
6	6	10	22	51	92	142	182	248	321	334	377	434	429	433	575	874	556	565	697
6	2	16	25	57	84	136	186	218	343	337	403	446	460	517	557	594	620	744	795
6	8	12	30	49	92	145	210	264	318	329	405	419	441	448	621	534	516	623	696
6	6	11	27	53	91	146	167	258	317	367	321	452	529	502	514	562	654	598	730
6	8	12	21	40	102	131	195	275	318	366	399	415	474	473	518	550	555	606	702
6	8	19	16	37	85	145	201	252	306	368	360	428	421	495	592	536	577	570	715
6	8	15	12	40	62	130	215	262	355	418	437	411	484	474	596	647	593	531	731
6	12	25	37	69	86	130	211	329	378	417	415	517	465	509	522	581	580	618	723
6	9	19	51	69	118	143	187	273	366	382	436	536	503	553	647	601	701	585	824
6	8	22	39	88	111	163	236	248	346	421	447	504	478	542	606	586	571	717	677#2018
6	6	21	47	92	160	180	254	277	346	404	583	503	505	570	680	701	673	698	720#2019
6	6	21	47	92	160	180	254	277	346	404	583	503	505	570	680	701	673	698	720#2020?
6   6	21	43	103	188	248	321	365	453	438	478	540	564	592	637	602	635	650	667#2021 
6   6	21	43	103	188	248	321	365	453	438	478	540	564	592	637	602	635	650	667#2022 same as 2021. 2020 same as 2019
#																																																													
#	wt_pop_males	2	3	4	5	6	7	8	9	10	11	12	13	14	15	16	17	18	19	20																																									
0	4	15	34	60	91	125	160	195	230	263	294	322	348	372	393	412	429	444	481
0	4	15	34	60	91	125	160	195	230	263	294	322	348	372	393	412	429	444	481
0	4	15	34	60	91	125	160	195	230	263	294	322	348	372	393	412	429	444	481
0	4	15	34	60	91	125	160	195	230	263	294	322	348	372	393	412	429	444	481
0	4	15	34	60	91	125	160	195	230	263	294	322	348	372	393	412	429	444	481
0	4	15	34	60	91	125	160	195	230	263	294	322	348	372	393	412	429	444	481
0	4	15	34	60	91	125	160	195	230	263	294	322	348	372	393	412	429	444	481
0	4	15	34	60	91	125	160	195	230	263	294	322	348	372	393	412	429	444	481
0	4	15	34	60	91	125	160	195	230	263	294	322	348	372	393	412	429	444	481
0	4	15	34	60	91	125	160	195	230	263	294	322	348	372	393	412	429	444	481
0	4	15	34	60	91	125	160	195	230	263	294	322	348	372	393	412	429	444	481
0	4	15	34	60	91	125	160	195	230	263	294	322	348	372	393	412	429	444	481
0	4	15	34	60	91	125	160	195	230	263	294	322	348	372	393	412	429	444	481
0	4	15	34	60	91	125	160	195	230	263	294	322	348	372	393	412	429	444	481
0	4	15	34	60	91	125	160	195	230	263	294	322	348	372	393	412	429	444	481
0	4	15	34	60	91	125	160	195	230	263	294	322	348	372	393	412	429	444	481
0	4	15	34	60	91	125	160	195	230	263	294	322	348	372	393	412	429	444	481
0	4	15	34	60	91	125	160	195	230	263	294	322	348	372	393	412	429	444	481
0	4	15	34	60	91	125	160	195	230	263	294	322	348	372	393	412	429	444	481
0	4	15	34	60	91	125	160	195	230	263	294	322	348	372	393	412	429	444	481
0	4	15	34	60	91	125	160	195	230	263	294	322	348	372	393	412	429	444	481
4	14	18	32	54	85	120	156	193	225	253	280	303	324	330	344	355	366	390	423
4	14	18	32	54	85	120	156	193	225	253	280	303	324	330	344	355	366	390	423
4	14	18	32	54	85	120	156	193	225	253	280	303	324	330	344	355	366	390	423
4	14	18	32	54	85	120	156	193	225	253	280	303	324	330	344	355	366	390	423
4	14	18	32	54	85	120	156	193	225	253	280	303	324	330	344	355	366	390	423
4	14	18	32	54	85	120	156	193	225	253	280	303	324	330	344	355	366	390	423
4	14	18	32	54	85	120	156	193	225	253	280	303	324	330	344	355	366	390	423
4	11	25	50	83	112	133	142	158	182	242	266	286	309	345	352	361	384	418	420
4	5	5	23	57	95	156	156	155	176	233	256	271	295	331	341	344	385	414	417
4	10	20	31	57	121	150	181	202	193	223	242	259	281	316	325	330	394	394	406
4	11	23	32	51	84	148	186	214	227	218	236	254	269	307	317	340	399	423	399
4	9	18	27	34	61	98	176	217	233	215	225	248	257	293	313	322	389	405	389
4	8	14	17	27	53	97	157	211	226	228	236	266	269	267	294	306	358	364	386
4	7	10	18	45	75	76	138	207	242	238	252	281	278	283	297	314	347	355	381
4	7	10	27	47	72	142	130	179	244	252	279	300	298	295	305	336	325	370	377
4	9	16	22	44	64	98	120	175	197	261	295	312	309	305	301	324	318	332	377
4	9	17	29	51	75	100	132	180	212	266	302	323	328	319	308	341	315	378	379
4	9	17	28	53	86	97	125	174	208	262	302	322	368	345	329	349	328	394	373
4	9	18	45	56	93	135	145	206	209	257	294	339	369	347	341	362	335	397	372
4	23	32	53	76	92	116	182	198	207	255	291	334	367	353	362	355	369	394	387
4	10	19	32	59	88	110	154	177	207	250	278	333	361	349	380	359	375	406	399
4	10	19	32	54	107	134	163	184	215	241	277	324	349	347	374	355	398	365	410
4	8	14	37	64	75	149	174	185	239	240	274	315	308	335	362	363	400	353	427
4	10	20	27	49	79	113	156	208	207	244	274	296	308	324	356	354	401	354	429
4	6	7	18	37	63	95	123	170	171	241	263	287	292	324	340	362	375	355	434
4	8	33	30	34	71	105	157	162	244	218	245	266	272	288	335	304	342	364	428
4	8	20	22	32	49	95	151	170	196	244	259	296	299	313	307	362	436	447	410
4	8	17	22	53	58	91	146	204	213	232	257	274	309	345	362	334	383	440	423
4	8	27	39	53	83	112	170	189	250	265	308	267	443	407	370	360	367	381	469
4	8	14	36	59	95	150	158	207	260	321	311	311	368	469	384	414	392	465	464
4	4	19	40	72	115	134	162	206	265	291	334	395	312	310	364	391	374	418	446
4	8	18	32	67	118	144	183	207	237	233	318	350	417	452	438	352	343	380	449
4	8	17	33	67	105	139	177	208	244	287	282	302	351	408	369	339	381	400	449
4	8	8	27	50	95	121	181	192	244	270	298	312	346	384	405	373	399	436	481
4	8	10	20	42	85	128	155	200	287	276	316	399	338	430	308	439	384	369	481
4	8	13	24	48	80	141	167	183	302	315	322	356	414	402	401	417	512	461	501
4	4	11	31	59	88	133	188	227	262	341	302	398	338	381	445	409	416	440	523
4	8	12	27	53	88	126	183	216	256	283	320	292	422	420	387	431	393	355	475
4	8	12	20	41	77	131	189	228	267	269	346	275	371	383	420	456	407	395	487
4	8	20	30	59	86	154	188	243	292	313	311	321	332	424	466	429	527	492	495
4	6	19	25	38	64	135	202	230	321	361	386	368	367	400	432	445	537	563	494
4	8	33	46	50	83	127	190	260	332	327	340	406	394	416	409	443	474	375	505
4	8	21	46	76	102	110	170	247	311	347	367	404	380	466	483	614	577	496	573
4	8	23	45	89	95	161	178	221	276	316	403	384	435	421	386	424	431	548	484 #2018
4	8	20	48	97	126	195	206	237	280	324	384	377	384	431	464	434	454	464	507 #2019
4	8	20	48	97	126	195	206	237	280	324	384	377	384	431	464	434	454	464	507 #2020
4   8	24	59	110	180	232	250	267	332	331	374	420	428	435	455	462	449	431	448 #2021
4   8	24	59	110	180	232	250	267	332	331	374	420	428	435	455	462	449	431	448  #2022
#
#	maturity	(1	nages)																																																										
#	1991	maturity	data																																																										
#0.00026	0.0006	0.00159	0.0035	0.0084	0.012	0.0463	0.1039	0.2167	0.3967	0.6118	0.7899	0.899	0.955	0.981	0.992	0.997	1	1	1
#	2012	maturity	data
#0	0	0	0	0	0.01	0.03	0.09	0.21	0.43	0.68	0.86	0.94	0.98	0.99	1	1	1	1	1
# average of the 1991 and 2012 maturity studies logistic curves, start year to endyr
0.0001	0.0003	0.0008	0.0018	0.0042	0.011	0.0382	0.097	0.2134	0.4134	0.6459	0.825	0.9195	0.9675	0.9855	0.996	0.9985	1	1	1
0.0001	0.0003	0.0008	0.0018	0.0042	0.011	0.0382	0.097	0.2134	0.4134	0.6459	0.825	0.9195	0.9675	0.9855	0.996	0.9985	1	1	1
0.0001	0.0003	0.0008	0.0018	0.0042	0.011	0.0382	0.097	0.2134	0.4134	0.6459	0.825	0.9195	0.9675	0.9855	0.996	0.9985	1	1	1
0.0001	0.0003	0.0008	0.0018	0.0042	0.011	0.0382	0.097	0.2134	0.4134	0.6459	0.825	0.9195	0.9675	0.9855	0.996	0.9985	1	1	1
0.0001	0.0003	0.0008	0.0018	0.0042	0.011	0.0382	0.097	0.2134	0.4134	0.6459	0.825	0.9195	0.9675	0.9855	0.996	0.9985	1	1	1
0.0001	0.0003	0.0008	0.0018	0.0042	0.011	0.0382	0.097	0.2134	0.4134	0.6459	0.825	0.9195	0.9675	0.9855	0.996	0.9985	1	1	1
0.0001	0.0003	0.0008	0.0018	0.0042	0.011	0.0382	0.097	0.2134	0.4134	0.6459	0.825	0.9195	0.9675	0.9855	0.996	0.9985	1	1	1
0.0001	0.0003	0.0008	0.0018	0.0042	0.011	0.0382	0.097	0.2134	0.4134	0.6459	0.825	0.9195	0.9675	0.9855	0.996	0.9985	1	1	1
0.0001	0.0003	0.0008	0.0018	0.0042	0.011	0.0382	0.097	0.2134	0.4134	0.6459	0.825	0.9195	0.9675	0.9855	0.996	0.9985	1	1	1
0.0001	0.0003	0.0008	0.0018	0.0042	0.011	0.0382	0.097	0.2134	0.4134	0.6459	0.825	0.9195	0.9675	0.9855	0.996	0.9985	1	1	1
0.0001	0.0003	0.0008	0.0018	0.0042	0.011	0.0382	0.097	0.2134	0.4134	0.6459	0.825	0.9195	0.9675	0.9855	0.996	0.9985	1	1	1
0.0001	0.0003	0.0008	0.0018	0.0042	0.011	0.0382	0.097	0.2134	0.4134	0.6459	0.825	0.9195	0.9675	0.9855	0.996	0.9985	1	1	1
0.0001	0.0003	0.0008	0.0018	0.0042	0.011	0.0382	0.097	0.2134	0.4134	0.6459	0.825	0.9195	0.9675	0.9855	0.996	0.9985	1	1	1
0.0001	0.0003	0.0008	0.0018	0.0042	0.011	0.0382	0.097	0.2134	0.4134	0.6459	0.825	0.9195	0.9675	0.9855	0.996	0.9985	1	1	1
0.0001	0.0003	0.0008	0.0018	0.0042	0.011	0.0382	0.097	0.2134	0.4134	0.6459	0.825	0.9195	0.9675	0.9855	0.996	0.9985	1	1	1
0.0001	0.0003	0.0008	0.0018	0.0042	0.011	0.0382	0.097	0.2134	0.4134	0.6459	0.825	0.9195	0.9675	0.9855	0.996	0.9985	1	1	1
0.0001	0.0003	0.0008	0.0018	0.0042	0.011	0.0382	0.097	0.2134	0.4134	0.6459	0.825	0.9195	0.9675	0.9855	0.996	0.9985	1	1	1
0.0001	0.0003	0.0008	0.0018	0.0042	0.011	0.0382	0.097	0.2134	0.4134	0.6459	0.825	0.9195	0.9675	0.9855	0.996	0.9985	1	1	1
0.0001	0.0003	0.0008	0.0018	0.0042	0.011	0.0382	0.097	0.2134	0.4134	0.6459	0.825	0.9195	0.9675	0.9855	0.996	0.9985	1	1	1
0.0001	0.0003	0.0008	0.0018	0.0042	0.011	0.0382	0.097	0.2134	0.4134	0.6459	0.825	0.9195	0.9675	0.9855	0.996	0.9985	1	1	1
0.0001	0.0003	0.0008	0.0018	0.0042	0.011	0.0382	0.097	0.2134	0.4134	0.6459	0.825	0.9195	0.9675	0.9855	0.996	0.9985	1	1	1
0.0001	0.0003	0.0008	0.0018	0.0042	0.011	0.0382	0.097	0.2134	0.4134	0.6459	0.825	0.9195	0.9675	0.9855	0.996	0.9985	1	1	1
0.0001	0.0003	0.0008	0.0018	0.0042	0.011	0.0382	0.097	0.2134	0.4134	0.6459	0.825	0.9195	0.9675	0.9855	0.996	0.9985	1	1	1
0.0001	0.0003	0.0008	0.0018	0.0042	0.011	0.0382	0.097	0.2134	0.4134	0.6459	0.825	0.9195	0.9675	0.9855	0.996	0.9985	1	1	1
0.0001	0.0003	0.0008	0.0018	0.0042	0.011	0.0382	0.097	0.2134	0.4134	0.6459	0.825	0.9195	0.9675	0.9855	0.996	0.9985	1	1	1
0.0001	0.0003	0.0008	0.0018	0.0042	0.011	0.0382	0.097	0.2134	0.4134	0.6459	0.825	0.9195	0.9675	0.9855	0.996	0.9985	1	1	1
0.0001	0.0003	0.0008	0.0018	0.0042	0.011	0.0382	0.097	0.2134	0.4134	0.6459	0.825	0.9195	0.9675	0.9855	0.996	0.9985	1	1	1
0.0001	0.0003	0.0008	0.0018	0.0042	0.011	0.0382	0.097	0.2134	0.4134	0.6459	0.825	0.9195	0.9675	0.9855	0.996	0.9985	1	1	1
0.0001	0.0003	0.0008	0.0018	0.0042	0.011	0.0382	0.097	0.2134	0.4134	0.6459	0.825	0.9195	0.9675	0.9855	0.996	0.9985	1	1	1
0.0001	0.0003	0.0008	0.0018	0.0042	0.011	0.0382	0.097	0.2134	0.4134	0.6459	0.825	0.9195	0.9675	0.9855	0.996	0.9985	1	1	1
0.0001	0.0003	0.0008	0.0018	0.0042	0.011	0.0382	0.097	0.2134	0.4134	0.6459	0.825	0.9195	0.9675	0.9855	0.996	0.9985	1	1	1
0.0001	0.0003	0.0008	0.0018	0.0042	0.011	0.0382	0.097	0.2134	0.4134	0.6459	0.825	0.9195	0.9675	0.9855	0.996	0.9985	1	1	1
0.0001	0.0003	0.0008	0.0018	0.0042	0.011	0.0382	0.097	0.2134	0.4134	0.6459	0.825	0.9195	0.9675	0.9855	0.996	0.9985	1	1	1
0.0001	0.0003	0.0008	0.0018	0.0042	0.011	0.0382	0.097	0.2134	0.4134	0.6459	0.825	0.9195	0.9675	0.9855	0.996	0.9985	1	1	1
0.0001	0.0003	0.0008	0.0018	0.0042	0.011	0.0382	0.097	0.2134	0.4134	0.6459	0.825	0.9195	0.9675	0.9855	0.996	0.9985	1	1	1
0.0001	0.0003	0.0008	0.0018	0.0042	0.011	0.0382	0.097	0.2134	0.4134	0.6459	0.825	0.9195	0.9675	0.9855	0.996	0.9985	1	1	1
0.0001	0.0003	0.0008	0.0018	0.0042	0.011	0.0382	0.097	0.2134	0.4134	0.6459	0.825	0.9195	0.9675	0.9855	0.996	0.9985	1	1	1
0.0001	0.0003	0.0008	0.0018	0.0042	0.011	0.0382	0.097	0.2134	0.4134	0.6459	0.825	0.9195	0.9675	0.9855	0.996	0.9985	1	1	1
0.0001	0.0003	0.0008	0.0018	0.0042	0.011	0.0382	0.097	0.2134	0.4134	0.6459	0.825	0.9195	0.9675	0.9855	0.996	0.9985	1	1	1
0.0001	0.0003	0.0008	0.0018	0.0042	0.011	0.0382	0.097	0.2134	0.4134	0.6459	0.825	0.9195	0.9675	0.9855	0.996	0.9985	1	1	1
0.0001	0.0003	0.0008	0.0018	0.0042	0.011	0.0382	0.097	0.2134	0.4134	0.6459	0.825	0.9195	0.9675	0.9855	0.996	0.9985	1	1	1
0.0001	0.0003	0.0008	0.0018	0.0042	0.011	0.0382	0.097	0.2134	0.4134	0.6459	0.825	0.9195	0.9675	0.9855	0.996	0.9985	1	1	1
0.0001	0.0003	0.0008	0.0018	0.0042	0.011	0.0382	0.097	0.2134	0.4134	0.6459	0.825	0.9195	0.9675	0.9855	0.996	0.9985	1	1	1
0.0001	0.0003	0.0008	0.0018	0.0042	0.011	0.0382	0.097	0.2134	0.4134	0.6459	0.825	0.9195	0.9675	0.9855	0.996	0.9985	1	1	1
0.0001	0.0003	0.0008	0.0018	0.0042	0.011	0.0382	0.097	0.2134	0.4134	0.6459	0.825	0.9195	0.9675	0.9855	0.996	0.9985	1	1	1
0.0001	0.0003	0.0008	0.0018	0.0042	0.011	0.0382	0.097	0.2134	0.4134	0.6459	0.825	0.9195	0.9675	0.9855	0.996	0.9985	1	1	1
0.0001	0.0003	0.0008	0.0018	0.0042	0.011	0.0382	0.097	0.2134	0.4134	0.6459	0.825	0.9195	0.9675	0.9855	0.996	0.9985	1	1	1
0.0001	0.0003	0.0008	0.0018	0.0042	0.011	0.0382	0.097	0.2134	0.4134	0.6459	0.825	0.9195	0.9675	0.9855	0.996	0.9985	1	1	1
0.0001	0.0003	0.0008	0.0018	0.0042	0.011	0.0382	0.097	0.2134	0.4134	0.6459	0.825	0.9195	0.9675	0.9855	0.996	0.9985	1	1	1
0.0001	0.0003	0.0008	0.0018	0.0042	0.011	0.0382	0.097	0.2134	0.4134	0.6459	0.825	0.9195	0.9675	0.9855	0.996	0.9985	1	1	1
0.0001	0.0003	0.0008	0.0018	0.0042	0.011	0.0382	0.097	0.2134	0.4134	0.6459	0.825	0.9195	0.9675	0.9855	0.996	0.9985	1	1	1
0.0001	0.0003	0.0008	0.0018	0.0042	0.011	0.0382	0.097	0.2134	0.4134	0.6459	0.825	0.9195	0.9675	0.9855	0.996	0.9985	1	1	1
0.0001	0.0003	0.0008	0.0018	0.0042	0.011	0.0382	0.097	0.2134	0.4134	0.6459	0.825	0.9195	0.9675	0.9855	0.996	0.9985	1	1	1
0.0001	0.0003	0.0008	0.0018	0.0042	0.011	0.0382	0.097	0.2134	0.4134	0.6459	0.825	0.9195	0.9675	0.9855	0.996	0.9985	1	1	1
0.0001	0.0003	0.0008	0.0018	0.0042	0.011	0.0382	0.097	0.2134	0.4134	0.6459	0.825	0.9195	0.9675	0.9855	0.996	0.9985	1	1	1
0.0001	0.0003	0.0008	0.0018	0.0042	0.011	0.0382	0.097	0.2134	0.4134	0.6459	0.825	0.9195	0.9675	0.9855	0.996	0.9985	1	1	1
0.0001	0.0003	0.0008	0.0018	0.0042	0.011	0.0382	0.097	0.2134	0.4134	0.6459	0.825	0.9195	0.9675	0.9855	0.996	0.9985	1	1	1
0.0001	0.0003	0.0008	0.0018	0.0042	0.011	0.0382	0.097	0.2134	0.4134	0.6459	0.825	0.9195	0.9675	0.9855	0.996	0.9985	1	1	1
0.0001	0.0003	0.0008	0.0018	0.0042	0.011	0.0382	0.097	0.2134	0.4134	0.6459	0.825	0.9195	0.9675	0.9855	0.996	0.9985	1	1	1
0.0001	0.0003	0.0008	0.0018	0.0042	0.011	0.0382	0.097	0.2134	0.4134	0.6459	0.825	0.9195	0.9675	0.9855	0.996	0.9985	1	1	1
0.0001	0.0003	0.0008	0.0018	0.0042	0.011	0.0382	0.097	0.2134	0.4134	0.6459	0.825	0.9195	0.9675	0.9855	0.996	0.9985	1	1	1
0.0001	0.0003	0.0008	0.0018	0.0042	0.011	0.0382	0.097	0.2134	0.4134	0.6459	0.825	0.9195	0.9675	0.9855	0.996	0.9985	1	1	1
0.0001	0.0003	0.0008	0.0018	0.0042	0.011	0.0382	0.097	0.2134	0.4134	0.6459	0.825	0.9195	0.9675	0.9855	0.996	0.9985	1	1	1
0.0001	0.0003	0.0008	0.0018	0.0042	0.011	0.0382	0.097	0.2134	0.4134	0.6459	0.825	0.9195	0.9675	0.9855	0.996	0.9985	1	1	1
0.0001	0.0003	0.0008	0.0018	0.0042	0.011	0.0382	0.097	0.2134	0.4134	0.6459	0.825	0.9195	0.9675	0.9855	0.996	0.9985	1	1	1
0.0001	0.0003	0.0008	0.0018	0.0042	0.011	0.0382	0.097	0.2134	0.4134	0.6459	0.825	0.9195	0.9675	0.9855	0.996	0.9985	1	1	1
0.0001	0.0003	0.0008	0.0018	0.0042	0.011	0.0382	0.097	0.2134	0.4134	0.6459	0.825	0.9195	0.9675	0.9855	0.996	0.9985	1	1	1
0.0001	0.0003	0.0008	0.0018	0.0042	0.011	0.0382	0.097	0.2134	0.4134	0.6459	0.825	0.9195	0.9675	0.9855	0.996	0.9985	1	1	1 
0.0001	0.0003	0.0008	0.0018	0.0042	0.011	0.0382	0.097	0.2134	0.4134	0.6459	0.825	0.9195	0.9675	0.9855	0.996	0.9985	1	1	1 
#	combined 1991 and 2012 maturity data fit with a logistic model																																																										
#0	0.002	0.004	0.008	0.016	0.031	0.058	0.108	0.192	0.318	0.477	0.641	0.778	0.873	0.931	0.963	0.981	0.990	0.995	0.997
# average of the 1991 and 2012 logistic curves (used in the assessment)
#0.0001	0.0003	0.0008	0.0018	0.0042	0.0110	0.0382	0.0970	0.2134	0.4134	0.6459	0.8250	0.9195	0.9675	0.9855	0.9960	0.9985	1.0000	1.0000	1.0000
#																																																													
#	init_age_comp	Flag	whether	initial	age	comp	independent	or	not	(0	=	NOT)																																																	
1																																																													
# Number of q (catchability) environmental covariates (by number of surveys)																																																													
3
#	average	annual	survey	bottom	temperature	anomalies	for	depths	<	100	m (1982-2021)  NOT 2020 may be a problem.  																																																	
#	1982	1983	1984	1985	1986	1987	1988	1989	1990	1991	1992	1993	1994	1995	1996	1997	1998	1999	2000	2001	2002	2003	2004	2005	2006	2007	2008	2009	2010	2011	2012	2013	2014	2015	2016	2017	2018	2019	2021 2022
-0.64992592  0.52844527 -0.43805997 -0.18412754 -0.94709373  0.63518118 -0.28977966 0.42585456 -0.14247523  0.31054392 -0.83905521  0.61690755 -1.10334115 -1.03238927 0.83887266  0.06263635  0.91742238 -2.19198414 -0.49905111 -0.09638421  0.79489660 1.26618582  0.90142589  0.96319367 -1.01626914 -0.99605478 -1.54570584 -1.47527892 -1.52702491 -0.21570343 -1.83116970 -0.87447945  0.78380666  0.83808683  2.35099330 0.06799285  1.99005033  2.35399751  1.11290500  0.13595499

#	average	annual	survey	bottom	start-date	anomalies	
-5.475	3.525	5.525	4.525	-0.475	-7.475	0.525	2.525	0.525	3.525	1.525	0.525	-0.475	0.525	4.525	3.525	5.525	-11.475	-11.475	-5.475	-1.475	-1.475	1.525	-0.475	-1.475	7.525	0.525	-1.475	3.525	1.525	0.525	5.525	4.525	-1.475	-3.475	0.525	-0.475	-0.475	-3.475	-4.475
#																																																													
#	spawnmo																																																												
5																																																													
#	Survey	1	month																																																										
7																																																													
#	Sample	size	for	wts	at	age	"1982-2010,"	20-Jan																																																					
2	24	40	49	87	77	57	79	39	44	42	53	53	41	19	16	12	4	4	16																																										
0	1	3	29	43	94	95	45	60	45	38	61	55	43	51	20	13	10	0	20																																										
0	0	11	55	82	79	79	61	53	56	58	38	42	43	53	34	21	12	5	34																																										
0	0	5	33	89	125	60	80	67	38	45	41	37	40	44	42	24	20	3	42																																										
0	0	2	9	40	86	162	53	66	48	46	34	39	30	35	27	32	11	12	27																																										
0	0	1	20	26	173	89	122	45	39	42	31	34	22	24	29	24	23	25	29																																										
0	0	2	3	52	7	146	69	51	12	19	15	18	31	19	10	12	12	16	10																																										
0	0	1	6	27	121	31	199	89	59	13	16	27	19	28	17	10	8	22	17																																										
0	0	2	18	27	62	151	31	187	58	56	12	13	17	9	26	21	13	14	26																																										
0	0	1	20	44	19	45	134	15	170	38	57	11	17	12	19	24	18	7	19																																										
0	0	1	31	57	54	23	26	91	11	98	14	32	11	14	19	12	18	12	19																																										
0	0	3	11	36	58	32	21	21	111	8	93	15	17	8	9	13	16	8	9																																										
0	2	6	9	17	45	78	45	32	21	94	1	61	5	25	10	5	8	16	10																																										
0	0	3	35	33	26	79	67	22	21	7	85	3	96	13	12	18	11	14	12																																										
0	0	5	16	122	36	28	44	43	28	17	21	71	14	89	15	12	16	15	15																																										
0	0	10	40	51	84	21	18	37	18	11	16	12	46	6	30	7	11	8	30																																										
0	0	7	15	41	49	101	31	27	32	35	33	15	16	21	9	40	20	14	9																																										
0	0	2	32	48	55	57	176	33	25	57	42	26	12	16	32	20	41	21	32																																										
0	0	1	4	29	23	28	63	92	20	30	25	21	12	15	16	24	24	30	16																																										
0	2	1	15	31	80	42	59	64	88	34	11	21	13	11	17	11	21	8	17																																										
0	0	11	22	28	45	120	56	55	43	75	32	15	32	19	20	14	15	23	20																																										
0	0	6	24	43	42	41	158	35	44	24	36	17	9	20	18	13	11	14	18																																										
1	13	24	42	89	81	42	40	112	24	15	20	24	12	5	20	19	12	9	20																																										
0	6	27	48	31	71	59	26	47	94	15	12	15	20	10	7	16	11	12	7																																										
0	1	20	40	44	28	48	34	18	22	41	9	10	9	8	9	3	8	12	9																																										
0	1	13	105	73	79	47	83	39	19	32	57	15	19	16	12	14	18	16	12																																										
0	0	4	16	119	102	99	68	75	34	21	35	53	16	11	11	20	11	13	11																																										
0	1	7	18	27	144	90	95	48	39	38	18	17	35	13	9	7	10	14	9																																										
0	0	9	45	70	66	149	82	80	32	35	21	15	16	23	14	8	14	21	11																																										
0	0	9	45	70	66	149	82	80	32	35	21	15	16	23	14	8	14	21	11																																										
0	0	9	45	70	66	149	82	80	32	35	21	15	16	23	14	8	14	21	11																																										
#																																																													
#	May	SST	anomalies	from	"Pribs,"	1954	-	2010	(same	length	as	model)																																																	
0	0	0	0	0	0	0	0	0	0	0	0	0	0	0	0	0	0	0	0	0	0	0	0	0	0	0	0	0	0	0	0	0	0	0	0	0	0	0	0	0	0	0	0	0	0	0	0	0	0	0	0	0	0	0	0	0	0	0	0	0	0	0	0	0	0 0 0 0
		
#EOF Check
123456
