# Number of parameters = 470 Objective function value = 1159.19634623584  Maximum gradient component = 0.000130194472195577
# ln_q_srv:
 -0.0717680000000000
# natmort_f:
0.120000000000
# natmort_m:
0.139842800064
# Linf_f:
38.0340000000
# K_f:
0.137000000000
# t0_f:
0.297000000000
# Linf_m:
34.0300000000
# K_m:
0.161000000000
# t0_m:
0.515000000000
# age_incr:
 0.00000000000 0.00000000000 0.00000000000 0.00000000000 0.00000000000 0.00000000000 0.00000000000 0.00000000000 0.00000000000 0.00000000000 0.00000000000
# yr_incr:
 0.00000000000 0.00000000000 0.00000000000 0.00000000000 0.00000000000 0.00000000000 0.00000000000 0.00000000000 0.00000000000 0.00000000000 0.00000000000 0.00000000000 0.00000000000 0.00000000000 0.00000000000 0.00000000000 0.00000000000 0.00000000000 0.00000000000 0.00000000000 0.00000000000 0.00000000000 0.00000000000 0.00000000000 0.00000000000 0.00000000000 0.00000000000 0.00000000000 0.00000000000 0.00000000000 0.00000000000 0.00000000000 0.00000000000 0.00000000000 0.00000000000 0.00000000000 0.00000000000 0.00000000000 0.00000000000 0.00000000000 0.00000000000 0.00000000000 0.00000000000 0.00000000000 0.00000000000 0.00000000000 0.00000000000 0.00000000000 0.00000000000 0.00000000000 0.00000000000 0.00000000000 0.00000000000 0.00000000000 0.00000000000 0.00000000000 0.00000000000 0.00000000000 0.00000000000 0.00000000000
# growth_alpha:
0.380000000000
# q_alpha:
 -0.163841462430
# q_beta[1]:
 0.0607135375463 0.00952968334540 -0.00782447717843
# mean_log_rec:
0.966457276495
# rec_dev:
 -0.0709565191870 -0.452145127835 -0.877492532400 0.315803825015 -0.00892392735233 -0.288043240645 -0.344379150626 -0.876457365229 -0.233770993933 -0.902603626889 -0.995919196569 -0.704462714372 -0.649712328461 0.0982887865936 0.541755958530 0.574297062070 0.852295371817 0.957940049676 0.713056635958 0.344202949028 0.631484457236 0.798216544694 0.366891117084 0.579959138147 0.165170658988 -0.289434827192 0.376746960208 0.0792733731591 1.15757903015 -0.617808850569 0.922534800449 -0.179472494575 -0.435953049141 -0.0843338431596 0.239398101163 0.278753343999 -0.500120137298 -0.373987540257 0.414633896382 -0.142143449320 -0.306199035130 -0.314066064731 0.585581039173 -0.290416900489 -0.440772862262 -0.245891606914 0.115684770836 -0.279130375837 0.0575096079600 0.0776203917953 0.647104150517 -0.131792487379 -0.0154200317979 0.193568298467 0.0293111031477 0.0862087173960 0.159470323118 -0.782436190148 -0.422647113937 -0.0926604689025 -0.0107861867580
# mean_log_init:
-0.578703448696
# init_dev_m:
 1.12189132179 0.320625780784 0.0655205961304 0.0151914676706 -0.0432321581652 -0.0551112105408 -0.0592867232841 -0.0642875955878 -0.0678808774888 -0.0705085713072 -0.0737564328081 -0.0764945462586 -0.0782060616156 -0.0789266874243 -0.0791940413494 -0.0793609031732 -0.0794920334166 -0.0795650048149 -0.0796124398202
# init_dev_f:
 0.530527775129 0.136088127399 0.00916160337187 -0.0162622310477 -0.0475549001758 -0.0575935932251 -0.0621214093011 -0.0674269556820 -0.0711781500571 -0.0739107574895 -0.0773031321009 -0.0801562106720 -0.0819299631866 -0.0826709910975 -0.0829432850377 -0.0831122927692 -0.0832445849140 -0.0833178143316 -0.0833651824144
# log_avg_fmort:
 -2.38107652131
# fmort_dev:
 -2.68990338425 -2.50808932198 -1.94962672954 -1.92258504782 -1.25774687293 0.295468278530 1.50237404311 2.36314717451 3.95394660809 1.26540291327 1.10088769597 0.928321840624 1.53218077645 1.74785471888 1.54931580898 1.95511986290 1.99932530174 2.26239653012 1.14506961467 1.56597911585 0.356712439881 0.268254747868 0.245672121806 -0.517001801549 0.134228702503 -0.415243242351 -0.297525197882 -0.539678100616 -0.824028597309 -0.797623343565 -0.354397811185 0.0363907312879 -0.0487221530473 -0.0605841223357 0.169864065862 -0.118533321055 -0.836110660967 -0.623100257267 -0.498886611758 -0.589785769653 -0.336084520131 -0.461278413603 -0.514045155032 -0.0109433757704 -0.406794804176 -0.735923415591 -0.600307022127 -0.883128076885 -0.718016704265 -0.857715666580 -0.926306305234 -0.742028509985 -0.709122762624 -0.414275891238 -0.164168714361 -0.547941465230 -0.412734126066 -0.121909380496 -0.105786640689 0.0258381236815 0.113931902734
# sel_slope_fsh_f:
 1.16396613002
# sel50_fsh_f:
 8.68777055738
# sel_slope_fsh_devs_f:
 -1.41652541998e-05 -1.40388598648e-05 -2.62895037615e-05 -4.17424108647e-05 -0.000136276352171 -0.000818448342917 -0.00334008235609 0.000933246448092 0.0866854889636 0.00629266038244 0.233751332742 0.0621038197279 0.0531115289371 0.216722447000 0.0529679002677 0.243793405279 0.346039871131 1.06782500032 0.934471604618 0.0824923739097 0.242614560512 0.288078342745 -0.0567256605302 -0.486144565200 -0.0122622817078 -0.0797971682331 -0.485855412013 -0.382591360710 -0.158662482567 -0.00658268626608 -0.0648691552229 -0.119300705129 0.223371357004 -0.143558072946 0.0806620101031 0.0717919734432 0.122276246230 -0.642712931060 -0.0993411271203 -0.461337313765 0.110855614072 0.0184707758356 0.202538268774 -0.202717219722 -0.0314795709598 -0.0944470030378 0.0608923309046 -0.129450634860 -0.0122155443639 -0.0286717493937 -0.0862611416121 -0.251916520948 0.108203786309 -0.219430730577 0.0765829292064 0.278833582308 -0.0675705486101 -0.0880938622871 -0.367685632558 -0.143167906473 -0.345122481509
# sel50_fsh_devs_f:
 -0.000115355220860 -0.000119970210818 -0.000176179928491 -0.000158455468412 -0.000328228360269 -0.00199330981084 -0.00849444363487 -0.0195875226748 -0.000676465391226 -0.0269857196286 0.0204767763287 0.182143338732 0.173993072122 -0.0945676432449 0.324338239187 0.0145172907973 0.238443910694 -0.272910266388 0.171307928606 0.143308446602 -0.238246708107 -0.0606159530642 0.0530637286922 -0.136595639618 -0.0985986584589 -0.0966276643764 0.0508447902434 -0.0152833565111 -0.114165934484 -0.201393733380 -0.0676328088153 -0.0315914343459 -0.116674909295 0.0687063595268 0.0170126514937 0.0830267714384 0.0140931849311 0.127633497536 -0.0516274945684 0.0759262728835 -0.0213351637222 -0.0877015503014 -0.0761325532599 0.0156393828237 -0.0224925365521 0.0730154922640 0.0220665154170 0.0110640828267 0.0773660470467 -0.0218352345899 -0.0110892899440 -0.0332685716396 -0.165899564590 0.0173677861692 -0.124727647586 -0.0955194845764 -0.0397718542028 -0.000469992344748 0.0966417114631 0.0987725273874 0.184640969390
# sel_slope_fsh_m:
 1.34587649748
# male_sel_offset:
0.00000000000
# sel_slope_fsh_devs_m:
 1.18142889143e-05 7.21703270816e-05 0.000351263109301 0.000774418855683 0.00263781563806 0.0159162556215 0.0531757999559 0.107226323613 0.196530596515 -0.0400123258095 1.16853811502 0.445442969156 0.169643921120 0.208716598663 0.214819513642 0.267808309666 0.733857041380 0.421613462899 0.458762847203 0.648084919341 0.156910499200 0.317036967142 -0.131795890978 0.0847206659887 -0.269269085289 -0.185334273908 -0.812901562075 -0.673759217533 -0.267061283573 -0.101985945149 0.00137997590855 0.0664115317777 0.206911366269 0.279053546211 0.255608113417 0.140280739482 -0.0850161524079 -0.492465601967 -0.0489243862415 -0.651102453696 -0.365985081377 -0.242383385247 -0.0993669247690 0.383935512865 -0.336870258424 -0.405453505303 -0.147024146801 -0.198905368160 0.0307453615902 0.169204674706 -0.127578996672 -0.207397402582 0.0900547940499 0.0185244510319 -0.0581228661338 -0.192283532522 -0.0328423324817 -0.286422962812 -0.159343200238 -0.254744514739 -0.440409735146
# sel50_fsh_m:
 8.47112710477
# sel50_fsh_devs_m:
 -6.74752140775e-05 -3.10256371918e-05 0.000187547328839 0.000800118070089 0.00392176345867 0.0339806566994 0.133772971913 0.268155162401 0.459128095681 -0.126184577233 -0.802372227195 -0.0437463397370 0.00954669157566 0.217288328303 -0.0349755141910 0.0803456399690 -0.216656525749 0.333665394918 -0.156159523519 -0.139030583517 0.210371822538 -0.143430846287 0.0718581258354 -0.0338873394887 -0.0193300678466 -0.0728559501444 0.247354429195 0.0559195221655 -0.184212714836 -0.199435377106 -0.107775682773 -0.116084986911 -0.132220686616 -0.0629534529034 -0.0414974860402 0.0612826872770 0.0416679296954 -0.103624803291 -0.0640699603392 0.163596595916 0.118722259829 -0.00796691542207 -0.0553428281856 -0.0955328425923 0.115413785991 0.252417466124 0.0930324002845 0.0923732454756 0.0829835603658 -0.0435675953496 0.0213930019836 -0.0427231461426 -0.0980804459247 -0.105404658348 -0.0782684651139 0.0343521777251 -0.0657205523907 0.0180024520042 -0.0275457148281 0.0536889961797 0.145533561627
# sel_slope_srv:
 1.58364316867
# sel50_srv:
 5.02719042642
# sel_slope_srv_m:
 0.00000000000
# sel50_srv_m:
 0.00000000000
# F40:
 0.120000000000
# F35:
 0.160000000000
# F30:
 0.210000000000
# R_logalpha:
-4.31455843027
# R_logbeta:
-6.50145679587
# sigmaR:
0.600000000000
# wt_fsh_fut_f:
 6.00000000000 8.00000000000 20.0000000000 31.0000000000 55.0000000000 133.000000000 177.000000000 251.000000000 300.000000000 321.000000000 366.000000000 388.000000000 422.000000000 426.000000000 479.000000000 462.000000000 489.000000000 461.000000000 505.000000000 550.000000000
# wt_fsh_fut_m:
 0.00000000000 4.00000000000 15.0000000000 34.0000000000 60.0000000000 134.000000000 182.000000000 236.000000000 267.000000000 263.000000000 354.000000000 318.000000000 335.000000000 356.000000000 377.000000000 383.000000000 372.000000000 414.000000000 408.000000000 416.000000000
# wt_pop_fut_f:
 6.00000000000 8.00000000000 19.0000000000 16.0000000000 37.0000000000 85.0000000000 145.000000000 201.000000000 252.000000000 306.000000000 368.000000000 360.000000000 428.000000000 421.000000000 495.000000000 592.000000000 536.000000000 577.000000000 570.000000000 715.000000000
# wt_pop_fut_m:
 4.00000000000 8.00000000000 20.0000000000 30.0000000000 59.0000000000 86.0000000000 154.000000000 188.000000000 243.000000000 292.000000000 313.000000000 311.000000000 321.000000000 332.000000000 424.000000000 466.000000000 429.000000000 527.000000000 492.000000000 495.000000000
# log_msy_sel_f:
 -7.78678200817 -6.90787174492 -6.02987154999 -5.15399599921 -4.28308693578 -3.42373023983 -2.59071467061 -1.81461164407 -1.14733996932 -0.645841936110 -0.327388414135 -0.153989664718 -0.0693112267034 -0.0305264162770 -0.0133259087253 -0.00580269674025 -0.00252749611073 -0.00252749617222 -0.00252749609936 -0.00252749608525
# log_msy_sel_m:
 -8.07180705109 -7.05326940216 -6.03570387537 -5.02086277419 -4.01369837411 -3.02792592891 -2.09852407737 -1.29597627372 -0.702892345066 -0.339904687640 -0.151241227031 -0.0639555827942 -0.0263715216435 -0.0107742236404 -0.00439672653226 -0.00179822241621 -0.000737934691653 -0.000737933151903 -0.000737932197957 -0.000737933182113
# rec_dev_future:
 0.00000000000 0.00000000000 0.00000000000 0.00000000000 0.00000000000 0.00000000000 0.00000000000 0.00000000000 0.00000000000 0.00000000000
