# Number of parameters = 518 Objective function value = 1345.41935178837  Maximum gradient component = 0.000205904523600064
# ln_q_srv:
 -0.0717680000000000
# natmort_f:
0.120000000000
# natmort_m:
0.139351028207
# Linf_f:
40.4644535000
# K_f:
0.126336700000
# t0_f:
0.594268800000
# Linf_m:
36.0729742000
# K_m:
0.138976400000
# t0_m:
0.357008100000
# age_incr:
 0.00000000000 0.00000000000 0.00000000000 0.00000000000 0.00000000000 0.00000000000 0.00000000000 0.00000000000 0.00000000000 0.00000000000 0.00000000000
# yr_incr:
 0.00000000000 0.00000000000 0.00000000000 0.00000000000 0.00000000000 0.00000000000 0.00000000000 0.00000000000 0.00000000000 0.00000000000 0.00000000000 0.00000000000 0.00000000000 0.00000000000 0.00000000000 0.00000000000 0.00000000000 0.00000000000 0.00000000000 0.00000000000 0.00000000000 0.00000000000 0.00000000000 0.00000000000 0.00000000000 0.00000000000 0.00000000000 0.00000000000 0.00000000000 0.00000000000 0.00000000000 0.00000000000 0.00000000000 0.00000000000 0.00000000000 0.00000000000 0.00000000000 0.00000000000 0.00000000000 0.00000000000 0.00000000000 0.00000000000 0.00000000000 0.00000000000 0.00000000000 0.00000000000 0.00000000000 0.00000000000 0.00000000000 0.00000000000 0.00000000000 0.00000000000 0.00000000000 0.00000000000 0.00000000000 0.00000000000 0.00000000000 0.00000000000 0.00000000000 0.00000000000 0.00000000000 0.00000000000 0.00000000000 0.00000000000 0.00000000000 0.00000000000 0.00000000000 0.00000000000
# growth_alpha:
0.380000000000
# q_alpha:
 -0.246231326805
# q_beta[1]:
 0.0649138327876 0.0110557715147 -0.00966820327709
# mean_log_rec:
0.997562882467
# rec_dev:
 -0.277008719058 -0.483348116867 -0.631609526959 0.686379403992 0.282432487724 -0.145412018434 -0.309209221249 -0.898514127539 -0.253276347311 -0.902931748323 -0.981845139442 -0.708516818226 -0.661564565602 0.101555142663 0.547856040679 0.583699496951 0.864059793099 0.971372093175 0.728721206553 0.361602166115 0.648622065127 0.812458320963 0.379529653435 0.593800030110 0.180643714047 -0.272684892258 0.396238132504 0.101643910789 1.18371526260 -0.592725556913 0.951635415798 -0.149980506146 -0.403750012349 -0.0469899223628 0.281275026736 0.326501563444 -0.447164284679 -0.312172584230 0.485889755268 -0.0654473788357 -0.222367373179 -0.223312499180 0.683130494427 -0.189722967393 -0.360735789766 -0.149942674090 0.195822901761 -0.221795588364 0.0639967224102 0.0284517880426 0.453779749971 -0.369958042802 -0.299730989913 -0.198708001845 -0.262758475666 -0.0983304867435 0.231560519742 -0.767707031208 -1.56460059160 -0.794173266529 -0.825412909127 -0.168557142204 0.160049943530 1.12066235673 -0.0565377958246 1.03232800089 -0.109431657114 -0.0114289740598 -4.93182481165e-05
# mean_log_init:
-0.686668403347
# init_dev_m:
 0.492439373015 0.114797511505 0.00341294718843 -0.00970758850119 -0.0421801163499 -0.0503324821588 -0.0538754059606 -0.0575803100177 -0.0606497353502 -0.0631881718650 -0.0661406117399 -0.0689540029700 -0.0706764741263 -0.0714023337979 -0.0716694942325 -0.0718358022937 -0.0719664864460 -0.0720391431359 -0.0720864808652
# init_dev_f:
 1.03614310921 0.267844290941 0.0446973643442 0.0207837224587 -0.0415440736185 -0.0528481330994 -0.0564137741446 -0.0602407724547 -0.0634265839525 -0.0660623092937 -0.0691410957154 -0.0720707598538 -0.0738550345648 -0.0746013027745 -0.0748734260777 -0.0750419000270 -0.0751737904749 -0.0752467423356 -0.0752940364872
# log_avg_fmort:
 -2.44847901840
# fmort_dev:
 -2.53290490867 -2.34946513502 -1.78925120485 -1.76032750996 -1.09306275286 0.468107344488 1.70829838116 2.72067538767 4.06162285978 1.40415795846 1.29696013721 1.05564497358 1.68776751238 1.96747702731 1.86171870849 2.04978685147 2.16136696104 1.95918046357 1.28942489972 1.55949710515 0.393136790567 0.281042097945 0.247375676219 -0.522778423434 0.137363300710 -0.412164366382 -0.316226584662 -0.549082628937 -0.822446201582 -0.795074911312 -0.352809311675 0.0357669271910 -0.0508256390259 -0.0703908878365 0.157078061809 -0.139871726502 -0.858958962463 -0.651414621876 -0.517142889022 -0.622709679811 -0.359970168371 -0.486935831872 -0.541977351556 -0.0414487561563 -0.446659432996 -0.780672760443 -0.644132811275 -0.931054203221 -0.770361282510 -0.914572464848 -0.988720441330 -0.812239116128 -0.784303036525 -0.498970346738 -0.260493686835 -0.649920018156 -0.530279045081 -0.265304539552 -0.251106704011 -0.101971215592 -0.0740961598443 -0.215431629912 -0.122192210185 -0.158678058983 -0.166424659736 -0.137439127899 -0.0398940998171 -0.298839704883 -0.0224522502414
# sel_slope_fsh_f:
 1.20850988642
# sel50_fsh_f:
 8.61676694041
# sel_slope_fsh_devs_f:
 2.15332291509e-05 9.67363719013e-05 0.000417726654693 0.000847889688439 0.00268498302496 0.0158514684704 0.0548349803868 0.123452390321 0.210395235844 0.0267328855420 0.331334057918 0.145298841341 0.0611783486754 0.0417702918503 -0.258120078351 0.318553185211 0.368390034714 1.03001344294 1.07944491343 0.144428114645 0.207346176984 0.260020796795 -0.0872700045787 -0.495099070580 -0.0348511705118 -0.104655300286 -0.501223386865 -0.397554468607 -0.178259096117 -0.0140806332363 -0.0819203556687 -0.138649834215 0.203414822569 -0.159364108234 0.0684577033587 0.0663013185499 0.107896322595 -0.655709941326 -0.114701209541 -0.469321951500 0.105213425320 0.0225256762388 0.199546690266 -0.214972779183 -0.0458757442519 -0.107442542998 0.0407143484698 -0.154443792260 -0.0348035012847 -0.0540840261019 -0.117036629754 -0.293041088282 0.0672761601650 -0.276277124772 0.0161156951610 0.230090386826 -0.0740202770515 -0.0215077446417 -0.213370621046 0.0376849805764 0.0596815338335 -0.144482961898 -0.0322448822156 -0.273555669202 -0.0798981863700 -0.129115885985 0.224283358643 0.0833653510057 0.00127184310198
# sel50_fsh_devs_f:
 -9.55828010465e-05 -5.41157372265e-05 0.000164701712386 0.000759159005275 0.00360314273384 0.0307092126259 0.126662863860 0.273917274921 0.452242271902 -0.0906507818927 -0.0739454810944 0.0724620478078 0.138526548544 0.135980227777 0.302976238402 0.0484415968393 0.236460106940 -0.272170760429 0.178289394961 0.0822387683657 -0.228707864439 -0.0545626832568 0.0576837328226 -0.144334748567 -0.0953425562822 -0.0935389292791 0.0446728512359 -0.0188745914652 -0.112783031225 -0.201089250364 -0.0652616053441 -0.0289331060255 -0.112391713598 0.0699243269716 0.0194329576124 0.0835902103380 0.0158790076860 0.122048875813 -0.0501113661429 0.0697185748167 -0.0196011844194 -0.0870032639516 -0.0725217246817 0.0194636456576 -0.0184060178139 0.0763905498443 0.0291794508453 0.0180724073906 0.0839075726252 -0.0141855027488 -0.00399046628227 -0.0291850843257 -0.163625793280 0.0182168908467 -0.135189252197 -0.111006337307 -0.0877679286074 -0.0784397214367 -0.0227652794617 -0.00459920564189 0.0195137499414 0.0868305829981 0.00602245269697 0.00883778753970 -0.0364710763387 -0.0662824770805 -0.180112181921 -0.159740800969 0.000922235742033
# sel_slope_fsh_m:
 1.37522996101
# male_sel_offset:
0.00000000000
# sel_slope_fsh_devs_m:
 -1.28844649421e-05 -1.34818097210e-05 -2.53914914161e-05 -3.65971598804e-05 -0.000113316078214 -0.00103755945949 -0.00554164315960 -0.0175092807741 -0.331738910882 -0.0196833065277 1.13246609243 0.420817685457 0.219457727647 0.350641808329 0.337725223103 0.143007092527 0.622168073437 0.379453128763 0.456917703850 0.629782485848 0.129113169016 0.302972732049 -0.145464448584 0.0789427087504 -0.275026682226 -0.189769527423 -0.819179512572 -0.671279747206 -0.263882461036 -0.0930005534643 -0.00244242305054 0.0592113248810 0.201095409066 0.274741949605 0.248980771113 0.139419676221 -0.0817768329266 -0.491220268232 -0.0483263791997 -0.644810209017 -0.350747132797 -0.222316002712 -0.0721385109429 0.378213108401 -0.321826856678 -0.401644378242 -0.144701461066 -0.203781713105 0.0232006516600 0.158146889916 -0.145998592915 -0.223899012023 0.0778945917506 -0.00779467948832 -0.0760800453089 -0.202916547213 0.0729646657209 -0.126595383806 0.0916374227472 -0.0238807848392 0.0908694048508 -0.00964836908789 -0.0915832420744 -0.0383250356173 -0.0565005291243 -0.0477462569618 -0.0383637982266 -0.112611008867 0.00114958115489
# sel50_fsh_m:
 8.04700789644
# sel50_fsh_devs_m:
 -8.11864996937e-05 -8.77633167793e-05 -0.000136696233922 -0.000134527502594 -0.000299547761516 -0.00204428486672 -0.0105636845747 -0.0337677459762 -0.241423134695 -0.0166990574277 -0.742911562474 0.0303472829177 0.0608294968440 -0.0680747178281 0.0182026314112 0.0973408534359 -0.140653219364 -0.0586924053290 -0.0989318764303 -0.0859814445456 0.282608782957 -0.0937840706873 0.119834868926 0.0117639381247 0.0257684329254 -0.0279710579145 0.285999097136 0.0927779405964 -0.143506916572 -0.157842665521 -0.0619756540306 -0.0697380099976 -0.0851042968251 -0.0156885473672 0.00652397414119 0.107620143870 0.0853803656212 -0.0675342590439 -0.0200661683891 0.199821183213 0.158612373033 0.0329290114608 -0.0145773602036 -0.0458093383141 0.157076399384 0.296492123277 0.140700375434 0.140707389139 0.132682852990 0.00759509885922 0.0717805320949 0.00235036467836 -0.0540963853624 -0.0676615496816 -0.0528215868078 0.0543584369845 -0.0802558185642 -0.0382531362827 -0.0969745928634 -0.0228820399670 0.00358583298207 0.0869955042068 0.0601840817248 0.00965137473860 0.0374310894817 -0.0181542762659 -0.0448138343016 -0.0394746925832 0.00151723090131
# sel_slope_srv:
 1.61367650533
# sel50_srv:
 4.91329541206
# sel_slope_srv_m:
 0.00000000000
# sel50_srv_m:
 0.00000000000
# F40:
 0.120000000000
# F35:
 0.160000000000
# F30:
 0.210000000000
# R_logalpha:
-4.42902566384
# R_logbeta:
-6.55623398595
# sigmaR:
0.600000000000
# wt_fsh_fut_f:
 6.00000000000 8.00000000000 19.0000000000 35.0000000000 192.000000000 220.000000000 278.000000000 286.000000000 317.000000000 378.000000000 395.000000000 425.000000000 449.000000000 484.000000000 525.000000000 501.000000000 531.000000000 561.000000000 607.000000000 606.000000000
# wt_fsh_fut_m:
 0.00000000000 8.00000000000 20.0000000000 35.0000000000 186.000000000 218.000000000 252.000000000 236.000000000 292.000000000 310.000000000 327.000000000 357.000000000 374.000000000 396.000000000 371.000000000 408.000000000 370.000000000 428.000000000 503.000000000 473.000000000
# wt_pop_fut_f:
 6.00000000000 6.00000000000 21.0000000000 43.0000000000 103.000000000 188.000000000 248.000000000 321.000000000 365.000000000 453.000000000 438.000000000 478.000000000 540.000000000 564.000000000 592.000000000 637.000000000 602.000000000 635.000000000 650.000000000 667.000000000
# wt_pop_fut_m:
 4.00000000000 8.00000000000 24.0000000000 59.0000000000 110.000000000 180.000000000 232.000000000 250.000000000 267.000000000 332.000000000 331.000000000 374.000000000 420.000000000 428.000000000 435.000000000 455.000000000 462.000000000 449.000000000 431.000000000 448.000000000
# log_msy_sel_f:
 -8.97740737528 -7.63247437552 -6.28866803217 -4.94925132737 -3.62687391852 -2.36741218350 -1.29822642884 -0.584441053400 -0.220881571266 -0.0726056093594 -0.0220927342697 -0.00653394019995 -0.00191851526309 -0.000563151901955 -0.000165559083600 -4.87597378841e-05 -1.43834124267e-05 -1.43855596981e-05 -1.43846920318e-05 -1.43844667193e-05
# log_msy_sel_m:
 -8.95195298319 -7.64266518616 -6.33440639195 -5.02986385795 -3.73863380419 -2.49338797153 -1.38867517116 -0.596588696556 -0.199121159493 -0.0576919659646 -0.0159168221577 -0.00434140148460 -0.00118400996981 -0.000323884323862 -8.89421774675e-05 -2.45219883990e-05 -6.78762141943e-06 -6.78893184246e-06 -6.78874981493e-06 -6.78911514721e-06
# rec_dev_future:
 0.00000000000 0.00000000000 0.00000000000 0.00000000000 0.00000000000 0.00000000000 0.00000000000 0.00000000000 0.00000000000 0.00000000000
