# Number of parameters = 476 Objective function value = 1184.71410591703  Maximum gradient component = 0.000142948313444137
# ln_q_srv:
 -0.0717680000000000
# natmort_f:
0.120000000000
# natmort_m:
0.139537066534
# Linf_f:
38.0340000000
# K_f:
0.137000000000
# t0_f:
0.297000000000
# Linf_m:
34.0300000000
# K_m:
0.161000000000
# t0_m:
0.515000000000
# age_incr:
 0.00000000000 0.00000000000 0.00000000000 0.00000000000 0.00000000000 0.00000000000 0.00000000000 0.00000000000 0.00000000000 0.00000000000 0.00000000000
# yr_incr:
 0.00000000000 0.00000000000 0.00000000000 0.00000000000 0.00000000000 0.00000000000 0.00000000000 0.00000000000 0.00000000000 0.00000000000 0.00000000000 0.00000000000 0.00000000000 0.00000000000 0.00000000000 0.00000000000 0.00000000000 0.00000000000 0.00000000000 0.00000000000 0.00000000000 0.00000000000 0.00000000000 0.00000000000 0.00000000000 0.00000000000 0.00000000000 0.00000000000 0.00000000000 0.00000000000 0.00000000000 0.00000000000 0.00000000000 0.00000000000 0.00000000000 0.00000000000 0.00000000000 0.00000000000 0.00000000000 0.00000000000 0.00000000000 0.00000000000 0.00000000000 0.00000000000 0.00000000000 0.00000000000 0.00000000000 0.00000000000 0.00000000000 0.00000000000 0.00000000000 0.00000000000 0.00000000000 0.00000000000 0.00000000000 0.00000000000 0.00000000000 0.00000000000 0.00000000000 0.00000000000 0.00000000000
# growth_alpha:
0.380000000000
# q_alpha:
 -0.182576370639
# q_beta[1]:
 0.0515932777731 0.0111110672250 -0.00766471561977
# mean_log_rec:
0.951437625808
# rec_dev:
 -0.0745656461736 -0.467048520227 -0.884535170001 0.317488217680 -0.00388858712750 -0.266844212611 -0.323617003591 -0.868756527125 -0.220383744471 -0.887407103656 -0.980894492261 -0.689237381638 -0.632929085559 0.116854180918 0.561710430530 0.595247044994 0.874165212865 0.980561984867 0.736196580694 0.367403225387 0.654200393740 0.820179284225 0.388653081544 0.602132720362 0.187728605918 -0.266559316938 0.400461593923 0.103587067674 1.18249399980 -0.593413793448 0.947589510691 -0.154331826359 -0.410494465506 -0.0579010353561 0.267036586353 0.307488973156 -0.470241771717 -0.342623618585 0.447449339062 -0.108357413366 -0.271478310983 -0.278699931058 0.621014767371 -0.257770513360 -0.419903143331 -0.220490941225 0.141944916901 -0.266309288616 0.0634356907958 0.0508327048655 0.577305089844 -0.248414082667 -0.0634744519597 0.127935019198 -0.0137450049882 -0.0192987585230 0.110055505837 -0.692181372019 -0.880200693428 -0.0998818850060 -0.101183181765 -0.0140895643209
# mean_log_init:
-0.576408903815
# init_dev_m:
 1.10934071817 0.317308133310 0.0647292427286 0.0166072826493 -0.0425517287145 -0.0545424885093 -0.0587148216340 -0.0637322323206 -0.0672960975510 -0.0698906516243 -0.0731176321745 -0.0758091201523 -0.0774823807832 -0.0781876861979 -0.0784507946470 -0.0786154004968 -0.0787448653323 -0.0788168546608 -0.0788637698432
# init_dev_f:
 0.525027092303 0.134671322926 0.00899719369818 -0.0152140548821 -0.0468477422453 -0.0569733537809 -0.0614896770184 -0.0668078122621 -0.0705242812267 -0.0732200042594 -0.0765883940894 -0.0793910670516 -0.0811241642387 -0.0818490958181 -0.0821169968673 -0.0822836818661 -0.0824142868431 -0.0824865317576 -0.0825333611787
# log_avg_fmort:
 -2.38967495560
# fmort_dev:
 -2.68437066300 -2.50270927861 -1.94441586175 -1.91756489502 -1.25294961224 0.299852765713 1.50585971276 2.36548728415 3.96443091741 1.27207297870 1.11381903464 0.956336820359 1.57061055229 1.87665614533 1.67456473859 1.96856903095 2.01641298564 2.26329932346 1.15480997252 1.57623488898 0.362725260451 0.271146021774 0.247944905279 -0.513249018392 0.135313938261 -0.415493272230 -0.295578753182 -0.541231925706 -0.826055810680 -0.799451331117 -0.356624778558 0.0335923789215 -0.0525288804862 -0.0652024218425 0.164483052512 -0.125448749101 -0.843649614971 -0.630892784537 -0.505632690363 -0.598367688414 -0.343382175181 -0.469004389670 -0.522451825959 -0.0201828783527 -0.417585832133 -0.747819512947 -0.612599201990 -0.895775481931 -0.731490536351 -0.872047761907 -0.941310194575 -0.758180543895 -0.724700066654 -0.431504937732 -0.181760561115 -0.565886047053 -0.435790319637 -0.152844566618 -0.138453997737 0.00213560965754 0.0610299330003 -0.0231994025914
# sel_slope_fsh_f:
 1.14894474204
# sel50_fsh_f:
 8.73341844114
# sel_slope_fsh_devs_f:
 -1.43338399718e-05 -1.41978376043e-05 -2.58712716867e-05 -4.28712636467e-05 -0.000129623034667 -0.000733874001313 -0.00288742015843 0.00253906547128 0.0935301783446 0.0108710210257 0.253347680753 0.0717809672356 0.0705081124232 0.0860999982245 -0.217089985941 0.282433995352 0.371882358902 1.08041051416 0.945252225369 0.0943534874240 0.254093993437 0.299184103654 -0.0446410800793 -0.477704689907 -0.00228970103912 -0.0694707977188 -0.476649884830 -0.371976429274 -0.148102460331 0.00263535959597 -0.0548274212189 -0.109761848019 0.231584167642 -0.134527490366 0.0889776476366 0.0816134471952 0.133898274659 -0.630796732234 -0.0878232216494 -0.447538658688 0.120646479033 0.0257858105415 0.209664671014 -0.193401384302 -0.0214648806833 -0.0835661066985 0.0706153027931 -0.119339211546 -0.00309697875154 -0.0206839718782 -0.0789595337652 -0.245697208622 0.114402647725 -0.217414349597 0.0760523486008 0.279660969341 -0.0501816384452 -0.0490032562903 -0.307247383018 -0.0660903100058 -0.217113788370 -0.401515146377
# sel50_fsh_devs_f:
 -0.000113696730834 -0.000118248593665 -0.000173558390451 -0.000156893256026 -0.000324524368640 -0.00196318025037 -0.00824925474022 -0.0185467620193 0.00259817850980 -0.0223403967357 0.00774122013848 0.181541284383 0.175807486873 0.152242563856 0.302774890264 0.000219334754147 0.219887496232 -0.278423721940 0.165876978474 0.140713829491 -0.242693986621 -0.0654702043230 0.0481213225622 -0.139535961687 -0.103085953343 -0.101381075786 0.0472390588306 -0.0203127701831 -0.119420821071 -0.206200746871 -0.0724970574173 -0.0360265305780 -0.121182841837 0.0640876148988 0.0122175074304 0.0777638042552 0.00823007592046 0.121432811608 -0.0572525895145 0.0693689600550 -0.0263073159913 -0.0920645539229 -0.0807361910121 0.0112912662794 -0.0273121517448 0.0678629307831 0.0170232886270 0.00614283655727 0.0725022097652 -0.0270754264731 -0.0167988349879 -0.0401572930906 -0.173292667330 0.00953724684345 -0.135275946571 -0.107384421762 -0.0617885017325 -0.0314406046585 0.0546530036504 0.0601279837450 0.125524879187 0.212574582149
# sel_slope_fsh_m:
 1.34855027723
# male_sel_offset:
0.00000000000
# sel_slope_fsh_devs_m:
 1.32761212228e-05 7.57137112783e-05 0.000361576725885 0.000785938827756 0.00264199744190 0.0156730502899 0.0523104183777 0.106499213163 0.196038015056 -0.0550768239779 1.15482443591 0.462700677496 0.198630855926 0.337095313601 0.338158653799 0.207127415677 0.730724501146 0.361031547748 0.456537776171 0.645281718549 0.155461134758 0.315300814965 -0.133297071037 0.0821995025891 -0.271302213666 -0.187391532942 -0.816097929331 -0.675434096453 -0.266968547638 -0.101495389549 0.000853645929388 0.0654461604399 0.206367373525 0.278569594722 0.254843479895 0.140042045112 -0.0844558044702 -0.491886462718 -0.0484444067708 -0.650511344838 -0.364548956275 -0.240981168154 -0.0981567380671 0.383337183492 -0.336758219310 -0.405872599518 -0.147965596159 -0.200942800767 0.0279207167786 0.163888242765 -0.133540736025 -0.208696092934 0.0901407471964 0.0109305059203 -0.0688527871732 -0.202342646266 -0.000762685643705 -0.226872366294 -0.0416780841481 -0.165853106358 -0.276062499649 -0.539564974198
# sel50_fsh_m:
 8.42029367471
# sel50_fsh_devs_m:
 -6.63322555159e-05 -2.74505599265e-05 0.000203123924226 0.000830530402657 0.00400573411213 0.0344016739836 0.135114231030 0.270762949825 0.464260519798 -0.134378647744 -0.794525419818 -0.0393273086653 0.0126569225903 -0.108645773052 -0.0334181526723 0.109850531445 -0.210072923547 0.353633609523 -0.149730011559 -0.132714469630 0.216389464736 -0.137228542250 0.0780384601528 -0.0272952487300 -0.0131239210006 -0.0668483597550 0.254501552425 0.0615188628361 -0.179219214897 -0.194252784256 -0.102247075783 -0.110481787565 -0.126661457763 -0.0573553294959 -0.0358764879691 0.0667331395233 0.0467273043389 -0.0995065399672 -0.0589267751391 0.168073813865 0.123743784030 -0.00259493373179 -0.0498203276100 -0.0894251077871 0.121131203580 0.258129876351 0.0991246763014 0.0986439224097 0.0893525453092 -0.0374307117221 0.0272071685544 -0.0393685791673 -0.0943063293427 -0.102852472158 -0.0780872120662 0.0331936766768 -0.0809929139714 -0.0111553288628 -0.0649916404049 0.0208044213603 0.0874355366767 0.226486381888
# sel_slope_srv:
 1.60538887445
# sel50_srv:
 4.99699273550
# sel_slope_srv_m:
 0.00000000000
# sel50_srv_m:
 0.00000000000
# F40:
 0.120000000000
# F35:
 0.160000000000
# F30:
 0.210000000000
# R_logalpha:
-4.33303983582
# R_logbeta:
-6.51364066490
# sigmaR:
0.600000000000
# wt_fsh_fut_f:
 6.00000000000 8.00000000000 20.0000000000 31.0000000000 55.0000000000 133.000000000 194.000000000 275.000000000 287.000000000 355.000000000 412.000000000 413.000000000 448.000000000 465.000000000 466.000000000 500.000000000 481.000000000 490.000000000 542.000000000 562.000000000
# wt_fsh_fut_m:
 0.00000000000 4.00000000000 15.0000000000 34.0000000000 60.0000000000 134.000000000 169.000000000 249.000000000 266.000000000 317.000000000 353.000000000 359.000000000 350.000000000 362.000000000 384.000000000 393.000000000 378.000000000 504.000000000 403.000000000 422.000000000
# wt_pop_fut_f:
 6.00000000000 8.00000000000 15.0000000000 12.0000000000 40.0000000000 62.0000000000 130.000000000 215.000000000 262.000000000 355.000000000 418.000000000 437.000000000 411.000000000 484.000000000 474.000000000 596.000000000 647.000000000 593.000000000 531.000000000 731.000000000
# wt_pop_fut_m:
 4.00000000000 6.00000000000 19.0000000000 25.0000000000 38.0000000000 64.0000000000 135.000000000 202.000000000 230.000000000 321.000000000 361.000000000 386.000000000 368.000000000 367.000000000 400.000000000 432.000000000 445.000000000 537.000000000 563.000000000 494.000000000
# log_msy_sel_f:
 -8.22301007848 -7.30037986531 -6.37836146280 -5.45786494529 -4.54119923385 -3.63423015543 -2.75152383587 -1.92627173163 -1.21836148157 -0.691420985195 -0.358073669117 -0.173742464273 -0.0809120859192 -0.0368577856040 -0.0166334457934 -0.00749019386387 -0.00337729411082 -0.00337729435680 -0.00337729446242 -0.00337729414353
# log_msy_sel_m:
 -8.19235744088 -7.20886678971 -6.22613470139 -5.24544594614 -4.27034592656 -3.31056686246 -2.39148070294 -1.56886970494 -0.922767220216 -0.494415564636 -0.247749135421 -0.118220793076 -0.0545537189378 -0.0247097631000 -0.0111055751131 -0.00498289157486 -0.00223815455099 -0.00223815435428 -0.00223815379619 -0.00223815386864
# rec_dev_future:
 0.00000000000 0.00000000000 0.00000000000 0.00000000000 0.00000000000 0.00000000000 0.00000000000 0.00000000000 0.00000000000 0.00000000000
