# Number of parameters = 512 Objective function value = 1346.36106029853  Maximum gradient component = 0.000374736675301160
# ln_q_srv:
 -0.0717680000000000
# natmort_f:
0.120000000000
# natmort_m:
0.139368078343
# Linf_f:
38.0340000000
# K_f:
0.137000000000
# t0_f:
0.297000000000
# Linf_m:
34.0300000000
# K_m:
0.161000000000
# t0_m:
0.515000000000
# age_incr:
 0.00000000000 0.00000000000 0.00000000000 0.00000000000 0.00000000000 0.00000000000 0.00000000000 0.00000000000 0.00000000000 0.00000000000 0.00000000000
# yr_incr:
 0.00000000000 0.00000000000 0.00000000000 0.00000000000 0.00000000000 0.00000000000 0.00000000000 0.00000000000 0.00000000000 0.00000000000 0.00000000000 0.00000000000 0.00000000000 0.00000000000 0.00000000000 0.00000000000 0.00000000000 0.00000000000 0.00000000000 0.00000000000 0.00000000000 0.00000000000 0.00000000000 0.00000000000 0.00000000000 0.00000000000 0.00000000000 0.00000000000 0.00000000000 0.00000000000 0.00000000000 0.00000000000 0.00000000000 0.00000000000 0.00000000000 0.00000000000 0.00000000000 0.00000000000 0.00000000000 0.00000000000 0.00000000000 0.00000000000 0.00000000000 0.00000000000 0.00000000000 0.00000000000 0.00000000000 0.00000000000 0.00000000000 0.00000000000 0.00000000000 0.00000000000 0.00000000000 0.00000000000 0.00000000000 0.00000000000 0.00000000000 0.00000000000 0.00000000000 0.00000000000 0.00000000000 0.00000000000 0.00000000000 0.00000000000 0.00000000000 0.00000000000 0.00000000000
# growth_alpha:
0.380000000000
# q_alpha:
 -0.250131854463
# q_beta[1]:
 0.0628781754440 0.0109266689691 -0.00963926498678
# mean_log_rec:
0.999919854892
# rec_dev:
 -0.281035537237 -0.490732874139 -0.665437033594 0.568527717190 0.133849606769 -0.244857373684 -0.355168399989 -0.905282730810 -0.259795171704 -0.904736914530 -0.983801544434 -0.709870061551 -0.662333831279 0.100211093181 0.546592388111 0.582871382467 0.863383595265 0.970790837257 0.728250337372 0.361203091176 0.648269413587 0.812341289234 0.379626923527 0.593995512030 0.180826121701 -0.272525179861 0.396418046846 0.101872045101 1.18392472973 -0.592334330948 0.951907146814 -0.149621250438 -0.403384990157 -0.0466401219832 0.281737352379 0.327090715871 -0.446396319714 -0.311353167235 0.486811299961 -0.0644506653447 -0.221129254715 -0.221818652015 0.684923269771 -0.187801607129 -0.358617264849 -0.147573350656 0.198509702070 -0.218589668949 0.0676960408053 0.0328497545956 0.458966253275 -0.363825552789 -0.292242556435 -0.189555663463 -0.252294407818 -0.0860802792057 0.246019868568 -0.751545260721 -1.54697137995 -0.770920462790 -0.796610822328 -0.129827414486 0.211097915659 1.18876457929 0.0128427376942 1.09269206629 -0.0995029739289 -0.0101986716775
# mean_log_init:
-0.644173899860
# init_dev_m:
 0.477629893858 0.108567487658 0.00704677940151 -0.00977821640211 -0.0395035894094 -0.0481867721210 -0.0517602603552 -0.0559170145356 -0.0590263736508 -0.0614016508166 -0.0642607461989 -0.0668077610652 -0.0683760709762 -0.0690457321497 -0.0692934258423 -0.0694477539231 -0.0695690992075 -0.0696365933388 -0.0696805820555
# init_dev_f:
 1.00164826495 0.252683612807 0.0497283204500 0.0176997566284 -0.0389879017973 -0.0507098895895 -0.0542751104655 -0.0585869733204 -0.0618253365491 -0.0642927143053 -0.0672757316840 -0.0699278865940 -0.0715523590481 -0.0722408237566 -0.0724931129680 -0.0726494482390 -0.0727719112941 -0.0728396755104 -0.0728836264179
# log_avg_fmort:
 -2.46619992135
# fmort_dev:
 -2.55919223908 -2.37613633013 -1.81643820651 -1.78811838271 -1.12167077045 0.435895709998 1.65994199404 2.60334861370 4.04365090113 1.41422414463 1.26196561815 1.08962339858 1.67790684037 1.79535074588 1.68662331812 2.06533354954 2.16605696871 1.97399796357 1.30210911276 1.57070920998 0.407201016713 0.297885732404 0.264391569888 -0.506772574750 0.154200562197 -0.395588183262 -0.299406737820 -0.532419777872 -0.806374648736 -0.779280260269 -0.337263561717 0.0510759740448 -0.0356679358140 -0.0556988261705 0.171684166956 -0.125513111333 -0.844450224139 -0.636903318810 -0.502520024668 -0.608078573063 -0.344982690117 -0.472381446551 -0.527180289325 -0.0274794715672 -0.432069613542 -0.766566812860 -0.629988274910 -0.917088926833 -0.756629546800 -0.900826950970 -0.974925854624 -0.798361060996 -0.770892609960 -0.485844501460 -0.247364662090 -0.636974514820 -0.517818087688 -0.253069781905 -0.240067943755 -0.0914855910782 -0.0645196392474 -0.206199954817 -0.114649719880 -0.152586027544 -0.161813940083 -0.134700776237 -0.0395970462642 -0.299617459897
# sel_slope_fsh_f:
 1.22020127076
# sel50_fsh_f:
 8.59022652941
# sel_slope_fsh_devs_f:
 2.03034817750e-05 8.87789628088e-05 0.000381740365551 0.000773893037720 0.00244019405143 0.0142139244920 0.0484937795911 0.110963095012 0.205455328784 0.0259988927400 0.377902855128 0.100135199109 0.0530439327070 0.178408149117 0.0145947625208 0.286383095367 0.354634117839 1.02612402825 1.07271176165 0.136968896190 0.199486645142 0.251569468978 -0.0962096273936 -0.502967456752 -0.0432937775426 -0.113037767627 -0.510156233806 -0.405971644165 -0.185750051799 -0.0200704945485 -0.0886975830770 -0.145466015662 0.197389191317 -0.165492447286 0.0632227037187 0.0610967788579 0.101035413527 -0.663047924847 -0.121511819894 -0.476910388268 0.0999054491256 0.0193265368636 0.195322447266 -0.219908441555 -0.0522291308806 -0.113749138729 0.0343374341614 -0.161536341942 -0.0407547660960 -0.0602363211677 -0.123662537391 -0.299977400307 0.0618273938130 -0.282192595643 0.00983309412099 0.223359694716 -0.0801357073214 -0.0283001008643 -0.219354080706 0.0312267848216 0.0537647022977 -0.151562430639 -0.0384616224421 -0.278268607014 -0.0855834966580 -0.132682539423 0.219734877380 0.0750041602753
# sel50_fsh_devs_f:
 -8.92532950072e-05 -4.98916947329e-05 0.000154230253756 0.000706038502749 0.00335254239897 0.0286695385266 0.119637054744 0.260331397198 0.447259940923 -0.0894438597743 -0.0566443506959 0.104508799416 0.151141328490 -0.0858375863652 0.308357218271 0.0631948318358 0.253517959285 -0.269676420847 0.181592341533 0.0841705969677 -0.226203496885 -0.0515054612969 0.0608063521318 -0.141700045267 -0.0922352289100 -0.0904863254402 0.0478529791231 -0.0157753546239 -0.109874741669 -0.198493503975 -0.0626405588056 -0.0264742771130 -0.109916080690 0.0721831354479 0.0217804075767 0.0859530193319 0.0186112586534 0.124482185703 -0.0475590695595 0.0722194726611 -0.0171599392400 -0.0849423466556 -0.0699988346953 0.0213877339417 -0.0158362484677 0.0789128063195 0.0319516004494 0.0207099264408 0.0863728643038 -0.0114800437145 -0.00120575130186 -0.0265268548599 -0.161077386561 0.0206073793485 -0.132375198236 -0.107939888936 -0.0847547251809 -0.0751248787593 -0.0197586880104 -0.00137052493427 0.0226620889432 0.0902773277970 0.00943494763993 0.0125644363865 -0.0321991482719 -0.0618454418888 -0.174989406735 -0.152173022198
# sel_slope_fsh_m:
 1.36164263845
# male_sel_offset:
0.00000000000
# sel_slope_fsh_devs_m:
 -1.10464412000e-05 -1.10827378936e-05 -2.09706603904e-05 -3.10837432345e-05 -9.20091537697e-05 -0.000823816920302 -0.00430955554719 -0.0116473971329 -0.342522582001 -0.0221790034561 1.15319477911 0.468073957888 0.165574807845 0.167607880453 0.223813314483 0.188852426856 0.633751159357 0.379641452631 0.465668032080 0.638742686934 0.128798932973 0.311176970989 -0.136964431469 0.0865874997257 -0.268104245809 -0.183447302994 -0.811577413937 -0.664997633713 -0.258944378014 -0.0899771273361 0.00256544019105 0.0644295242938 0.206159386101 0.279798048201 0.253574045316 0.144034755790 -0.0757274813986 -0.483655434226 -0.0424877416468 -0.638213563977 -0.347178046227 -0.220540843284 -0.0729398023830 0.383684076033 -0.319695043123 -0.396715594901 -0.141065050691 -0.198429822105 0.0278482340969 0.160470804084 -0.141699524810 -0.221606973662 0.0811663889136 -0.00236166498481 -0.0719427418403 -0.200773003397 0.0740315844559 -0.123748669168 0.0956864019056 -0.0193548228056 0.0928061189759 -0.0104456619470 -0.0883367160770 -0.0358622940801 -0.0516050836819 -0.0429033732820 -0.0293841148751 -0.105404516731
# sel50_fsh_m:
 8.12021770575
# sel50_fsh_devs_m:
 -7.32512920383e-05 -7.72358075043e-05 -0.000116200079134 -0.000111262843575 -0.000246122083043 -0.00166871498231 -0.00838520260192 -0.0247116027679 -0.125319514983 -0.0214823253919 -0.757237782768 0.0118382075756 0.0594756009449 0.276450672555 0.00755914149546 0.0765839726503 -0.150768767834 -0.0652168734832 -0.108049149274 -0.0952790850109 0.274662104069 -0.102482546950 0.111195382073 0.00303391565271 0.0175773329931 -0.0360501919184 0.277995112984 0.0852434871583 -0.150978306676 -0.165260086823 -0.0700409417812 -0.0777573556683 -0.0933445105147 -0.0241769562243 -0.00206300573754 0.0991050748492 0.0767968636379 -0.0757322280236 -0.0283850277186 0.191821214173 0.151162301149 0.0256449290696 -0.0214752400377 -0.0543852958612 0.150031026427 0.288596315050 0.132780979159 0.132697011807 0.124538548359 -0.000767818999654 0.0637294469607 -0.00466552763327 -0.0619541700971 -0.0756441052590 -0.0603355079152 0.0473396787028 -0.0876816600080 -0.0452511721220 -0.104472342098 -0.0300621220829 -0.00353320078402 0.0804094124888 0.0530133309818 0.00245696076570 0.0304506725496 -0.0234738108397 -0.0502687898428 -0.0432037567446
# sel_slope_srv:
 1.61420157389
# sel50_srv:
 4.91865910193
# sel_slope_srv_m:
 0.00000000000
# sel50_srv_m:
 0.00000000000
# F40:
 0.120000000000
# F35:
 0.160000000000
# F30:
 0.210000000000
# R_logalpha:
-4.41756262148
# R_logbeta:
-6.55603183620
# sigmaR:
0.600000000000
# wt_fsh_fut_f:
 6.00000000000 8.00000000000 19.0000000000 35.0000000000 192.000000000 220.000000000 278.000000000 286.000000000 317.000000000 378.000000000 395.000000000 425.000000000 449.000000000 484.000000000 525.000000000 501.000000000 531.000000000 561.000000000 607.000000000 606.000000000
# wt_fsh_fut_m:
 0.00000000000 8.00000000000 20.0000000000 35.0000000000 186.000000000 218.000000000 252.000000000 236.000000000 292.000000000 310.000000000 327.000000000 357.000000000 374.000000000 396.000000000 371.000000000 408.000000000 370.000000000 428.000000000 503.000000000 473.000000000
# wt_pop_fut_f:
 6.00000000000 6.00000000000 21.0000000000 43.0000000000 103.000000000 188.000000000 248.000000000 321.000000000 365.000000000 453.000000000 438.000000000 478.000000000 540.000000000 564.000000000 592.000000000 637.000000000 602.000000000 635.000000000 650.000000000 667.000000000
# wt_pop_fut_m:
 4.00000000000 8.00000000000 24.0000000000 59.0000000000 110.000000000 180.000000000 232.000000000 250.000000000 267.000000000 332.000000000 331.000000000 374.000000000 420.000000000 428.000000000 435.000000000 455.000000000 462.000000000 449.000000000 431.000000000 448.000000000
# log_msy_sel_f:
 -8.46354518318 -7.16288264631 -5.86375096891 -4.57005902507 -3.29600156154 -2.09076394111 -1.08755334041 -0.454313887635 -0.164046143663 -0.0553013322879 -0.0182058278750 -0.00598243586182 -0.00197764358746 -0.000658678853811 -0.000220872290049 -7.44742968364e-05 -2.52186825324e-05 -2.52201442488e-05 -2.52194792786e-05 -2.52183177229e-05
# log_msy_sel_m:
 -8.74513157229 -7.46152974843 -6.17903589371 -4.90049679778 -3.63593707251 -2.41893768404 -1.34468012969 -0.580543927472 -0.197581053201 -0.0589130204254 -0.0167381627463 -0.00469153303283 -0.00131160071536 -0.000366906055539 -0.000102793509095 -2.88497658886e-05 -8.11122259326e-06 -8.11042673180e-06 -8.11222664369e-06 -8.11193220545e-06
# rec_dev_future:
 0.00000000000 0.00000000000 0.00000000000 0.00000000000 0.00000000000 0.00000000000 0.00000000000 0.00000000000 0.00000000000 0.00000000000
