# Number of parameters = 500 Objective function value = 1297.20688544748  Maximum gradient component = 0.000565256234556472
# ln_q_srv:
 -0.0717680000000000
# natmort_f:
0.120000000000
# natmort_m:
0.139103730697
# Linf_f:
38.0340000000
# K_f:
0.137000000000
# t0_f:
0.297000000000
# Linf_m:
34.0300000000
# K_m:
0.161000000000
# t0_m:
0.515000000000
# age_incr:
 0.00000000000 0.00000000000 0.00000000000 0.00000000000 0.00000000000 0.00000000000 0.00000000000 0.00000000000 0.00000000000 0.00000000000 0.00000000000
# yr_incr:
 0.00000000000 0.00000000000 0.00000000000 0.00000000000 0.00000000000 0.00000000000 0.00000000000 0.00000000000 0.00000000000 0.00000000000 0.00000000000 0.00000000000 0.00000000000 0.00000000000 0.00000000000 0.00000000000 0.00000000000 0.00000000000 0.00000000000 0.00000000000 0.00000000000 0.00000000000 0.00000000000 0.00000000000 0.00000000000 0.00000000000 0.00000000000 0.00000000000 0.00000000000 0.00000000000 0.00000000000 0.00000000000 0.00000000000 0.00000000000 0.00000000000 0.00000000000 0.00000000000 0.00000000000 0.00000000000 0.00000000000 0.00000000000 0.00000000000 0.00000000000 0.00000000000 0.00000000000 0.00000000000 0.00000000000 0.00000000000 0.00000000000 0.00000000000 0.00000000000 0.00000000000 0.00000000000 0.00000000000 0.00000000000 0.00000000000 0.00000000000 0.00000000000 0.00000000000 0.00000000000 0.00000000000 0.00000000000 0.00000000000 0.00000000000 0.00000000000
# growth_alpha:
0.380000000000
# q_alpha:
 -0.266446849327
# q_beta[1]:
 0.0574876500807 0.00927329793058 -0.0109162915240
# mean_log_rec:
1.01664259355
# rec_dev:
 -0.296240126030 -0.508055368472 -0.683405845912 0.555136218677 0.123469673473 -0.257296600363 -0.369811164111 -0.920928366844 -0.276373258447 -0.922067883053 -1.00002499733 -0.725247305970 -0.676892215872 0.0861518216923 0.533822794947 0.570979921889 0.852047716678 0.959976349466 0.717793623530 0.351168378618 0.639121241466 0.805155626464 0.373595353096 0.588347117293 0.175380176583 -0.277868407343 0.390777931724 0.0964476355581 1.17817678694 -0.596535875835 0.946494045302 -0.154208460710 -0.407402310248 -0.0510362463353 0.277253079757 0.322783455870 -0.449594969052 -0.314216181909 0.483519886142 -0.0681253386277 -0.224225802279 -0.224325444555 0.683362324102 -0.188291406041 -0.357767204080 -0.145527786600 0.202063749806 -0.211754940232 0.0781748393328 0.0514080485879 0.497104720340 -0.349693788275 -0.234809157585 -0.0934557058114 -0.177061650973 0.0116958371300 0.342310697781 -0.707284779817 -1.44058805980 -0.459369686097 -0.452018469298 0.105483547619 0.501742683155 0.856978539719 -0.121742908123 -0.0146761001100
# mean_log_init:
-0.647185137954
# init_dev_m:
 0.479443211582 0.108230102100 0.00477671324533 -0.0103171953727 -0.0395233864381 -0.0481527443260 -0.0516945690020 -0.0557960918420 -0.0588884205610 -0.0612685629410 -0.0641174422656 -0.0666789839155 -0.0682661096738 -0.0689439328725 -0.0691929579570 -0.0693480002955 -0.0694696968172 -0.0695372965372 -0.0695813617958
# init_dev_f:
 1.00542203598 0.252052753487 0.0451798427122 0.0167319775967 -0.0389484888293 -0.0506471701728 -0.0541709238081 -0.0584183607832 -0.0616351897125 -0.0641055653265 -0.0670757581325 -0.0697414953665 -0.0713847226636 -0.0720813257375 -0.0723349452111 -0.0724919752737 -0.0726147150971 -0.0726826456538 -0.0727266627512
# log_avg_fmort:
 -2.47438544645
# fmort_dev:
 -2.54570888234 -2.36299233090 -1.80356282739 -1.77543406942 -1.10906271908 0.448741139217 1.67397613944 2.62251002019 4.05401910062 1.43352047402 1.27439496711 1.10012578027 1.68943054714 1.80435483486 1.70271880488 2.07499974742 2.17398090976 1.98179847143 1.30786658585 1.58158280413 0.413665495365 0.302680818276 0.269362230644 -0.500363353203 0.157791257194 -0.393232592382 -0.293582745290 -0.530012225145 -0.806029833390 -0.779565294143 -0.338148608150 0.0495777102142 -0.0386698083195 -0.0596046621052 0.166251384568 -0.132406472009 -0.852155199680 -0.644121080573 -0.509369497923 -0.615979867514 -0.351923965745 -0.480030534304 -0.535341885119 -0.0355725439571 -0.441425992875 -0.777162742647 -0.640461906544 -0.927867622119 -0.767707364699 -0.911638682848 -0.985868011547 -0.809038817835 -0.781750706385 -0.497487809877 -0.259408090954 -0.650665800624 -0.531937007388 -0.267714518714 -0.260668915939 -0.116801934733 -0.0943384677132 -0.235711381054 -0.159286286584 -0.213695455540 -0.240425603601 -0.219415206510
# sel_slope_fsh_f:
 1.20656592208
# sel50_fsh_f:
 8.66119732925
# sel_slope_fsh_devs_f:
 1.90052737512e-05 8.52169563093e-05 0.000368957578917 0.000754368299693 0.00240262063490 0.0142379209023 0.0488437992271 0.111709733409 0.206375041751 0.0242438532726 0.379747823607 0.107678393016 0.0570290387398 0.182843121744 0.0177181710062 0.287991266372 0.361314279751 1.03452905234 1.07772280056 0.143596009713 0.209054258318 0.260332381395 -0.0865585668919 -0.496971884866 -0.0355485326427 -0.104755911842 -0.503554121661 -0.398817953970 -0.178360280683 -0.0159452415477 -0.0822144450859 -0.138833789733 0.203544188262 -0.160363833514 0.0687269048399 0.0676950484810 0.110611347730 -0.654590246709 -0.112033293110 -0.466530156391 0.106682928754 0.0252118330422 0.201918036423 -0.212030183494 -0.0440357892808 -0.104733662118 0.0429207336879 -0.151817464023 -0.0314913665776 -0.0515388298471 -0.113860794564 -0.289453938153 0.0694929061723 -0.271568812140 0.0205404298711 0.234528941803 -0.0706672484319 -0.0242140081990 -0.214611343357 0.0383989874929 0.0509027427890 -0.159481489851 -0.0802053770220 -0.287586045773 -0.0719620396060 -0.155442333337
# sel50_fsh_devs_f:
 -9.00527072414e-05 -5.32052683546e-05 0.000136653701183 0.000662994288454 0.00319498911133 0.0276328793372 0.116417464921 0.255314878094 0.440054116294 -0.0931741212582 -0.0642860588887 0.0961613943104 0.143096134505 -0.0927132325008 0.301540740148 0.0558692114233 0.245459346469 -0.277605569726 0.173233350631 0.0802765072587 -0.233623824247 -0.0591447263605 0.0532306146824 -0.146713101734 -0.0992737489675 -0.0976128109715 0.0424909990025 -0.0220803979099 -0.116742723488 -0.204869433287 -0.0696252359058 -0.0335032756637 -0.117408121767 0.0651824342585 0.0140811189845 0.0779476450474 0.00991128657802 0.116117774954 -0.0561282529611 0.0633701197934 -0.0249625037709 -0.0927268337447 -0.0780802945764 0.0133373313110 -0.0240847712275 0.0704172140529 0.0234237205569 0.0121494316722 0.0779315597597 -0.0198401565349 -0.00954418044515 -0.0342682649687 -0.168099214713 0.0133617019677 -0.139015081342 -0.114357329494 -0.0884015670234 -0.0764232575651 -0.0192174803572 -0.00257029164074 0.0242701015498 0.0957081084548 0.0181215188004 0.0189506311023 -0.0297592530746 -0.0430556368950
# sel_slope_fsh_m:
 1.35515787471
# male_sel_offset:
0.00000000000
# sel_slope_fsh_devs_m:
 -1.12368999741e-05 -1.13521774523e-05 -2.12329074927e-05 -3.11126971999e-05 -9.17489095356e-05 -0.000819071185107 -0.00430504262698 -0.0117371270778 -0.354852226891 -0.0209808872649 1.15550218517 0.470931391386 0.169026580170 0.164644637210 0.224948009736 0.196496532179 0.637011969774 0.381135359674 0.469015145761 0.642373120335 0.128495384884 0.314666701206 -0.133145852618 0.0884132226343 -0.265350709268 -0.181107002745 -0.809623398506 -0.663256793447 -0.258062510418 -0.0908169542509 0.00379232168630 0.0663966936341 0.208511933201 0.281704528322 0.255235777007 0.145999109840 -0.0717883281592 -0.478954828608 -0.0384775339061 -0.634741684524 -0.344753331526 -0.218834857225 -0.0709418405149 0.386578007659 -0.317707529964 -0.394536737390 -0.138249727069 -0.194869154001 0.0310485390551 0.162845666166 -0.138299540976 -0.218846885124 0.0833127272943 0.00240005170403 -0.0679940434658 -0.198219087190 0.0596589239468 -0.137943781964 0.0936161141224 -0.0289788553289 0.0544369494957 -0.0815444889587 -0.132738003752 -0.0663747890905 -0.0509235914714 -0.0582537785866
# sel50_fsh_m:
 8.15848763439
# sel50_fsh_devs_m:
 -7.38296086826e-05 -7.80065235535e-05 -0.000117473718310 -0.000111880121993 -0.000244541078192 -0.00164239292351 -0.00826024344605 -0.0247601496256 -0.131030659873 -0.0203197441999 -0.761457833440 0.00766539973549 0.0559256598780 0.272895684407 0.00421322323922 0.0721574895059 -0.155200688746 -0.0689996379047 -0.112410718162 -0.0998374881288 0.271727991986 -0.106737041931 0.107081303787 -0.000571803904435 0.0137359230226 -0.0398113286668 0.275729972623 0.0824993657478 -0.153976538295 -0.168280663551 -0.0738773819773 -0.0819735843271 -0.0978735831839 -0.0287206564943 -0.00685352577085 0.0943440411913 0.0716892083393 -0.0811545686465 -0.0333925623719 0.186922617964 0.146751040262 0.0212864464337 -0.0259494022607 -0.0591514950765 0.145608182773 0.284115579068 0.128049649031 0.127899442739 0.119838025087 -0.00545451019140 0.0591907311605 -0.00841764310877 -0.0656574052960 -0.0788772200040 -0.0620483905424 0.0460761948270 -0.0850199447144 -0.0385592447309 -0.0996699273065 -0.0214149576565 0.00867226596462 0.0988954461370 0.0655374409837 0.00945983807917 0.0336535547592 -0.00363317327649
# sel_slope_srv:
 1.58237505959
# sel50_srv:
 4.97004000508
# sel_slope_srv_m:
 0.00000000000
# sel50_srv_m:
 0.00000000000
# F40:
 0.120000000000
# F35:
 0.160000000000
# F30:
 0.210000000000
# R_logalpha:
-4.35587247007
# R_logbeta:
-6.56634325438
# sigmaR:
0.600000000000
# wt_fsh_fut_f:
 6.00000000000 8.00000000000 20.0000000000 31.0000000000 55.0000000000 133.000000000 216.000000000 266.000000000 286.000000000 317.000000000 371.000000000 425.000000000 432.000000000 487.000000000 539.000000000 512.000000000 518.000000000 543.000000000 552.000000000 566.000000000
# wt_fsh_fut_m:
 0.00000000000 4.00000000000 15.0000000000 34.0000000000 60.0000000000 134.000000000 190.000000000 213.000000000 221.000000000 277.000000000 286.000000000 324.000000000 401.000000000 364.000000000 468.000000000 403.000000000 415.000000000 427.000000000 419.000000000 432.000000000
# wt_pop_fut_f:
 6.00000000000 6.00000000000 21.0000000000 47.0000000000 92.0000000000 160.000000000 180.000000000 254.000000000 277.000000000 346.000000000 404.000000000 583.000000000 503.000000000 505.000000000 570.000000000 680.000000000 701.000000000 673.000000000 698.000000000 720.000000000
# wt_pop_fut_m:
 4.00000000000 8.00000000000 20.0000000000 48.0000000000 97.0000000000 126.000000000 195.000000000 206.000000000 237.000000000 280.000000000 324.000000000 384.000000000 377.000000000 384.000000000 431.000000000 464.000000000 434.000000000 454.000000000 464.000000000 507.000000000
# log_msy_sel_f:
 -7.64593539367 -6.62661489113 -5.60882651825 -4.59520440013 -3.59287508771 -2.62051086611 -1.72247969777 -0.980400358782 -0.475654741307 -0.203489111536 -0.0811330837900 -0.0313939045450 -0.0120389834372 -0.00461758756230 -0.00177774495976 -0.000687772261387 -0.000267423693849 -0.000267431810995 -0.000267424233372 -0.000267424261084
# log_msy_sel_m:
 -9.28981998709 -8.01190501669 -6.73461971311 -5.45958681758 -4.19255714836 -2.95330237170 -1.80319606488 -0.882373912469 -0.333640852792 -0.104817892613 -0.0303223920773 -0.00853556912357 -0.00238364503782 -0.000664198257839 -0.000184969746629 -5.15094397021e-05 -1.43468610308e-05 -1.43421652445e-05 -1.43442507414e-05 -1.43362823893e-05
# rec_dev_future:
 0.00000000000 0.00000000000 0.00000000000 0.00000000000 0.00000000000 0.00000000000 0.00000000000 0.00000000000 0.00000000000 0.00000000000
