# Number of parameters = 484  Objective function value = -1378.58  Maximum gradient component = 0.000605858
# ln_q_srv:
 0.00000
# natmort_f:
0.120000000000
# natmort_m:
0.135586016471
# Linf_f:
38.0340000000
# K_f:
0.137000000000
# t0_f:
0.297000000000
# Linf_m:
34.0300000000
# K_m:
0.161000000000
# t0_m:
0.515000000000
# age_incr:
 0.00000000000 0.00000000000 0.00000000000 0.00000000000 0.00000000000 0.00000000000 0.00000000000 0.00000000000 0.00000000000 0.00000000000 0.00000000000
# yr_incr:
 0.00000000000 0.00000000000 0.00000000000 0.00000000000 0.00000000000 0.00000000000 0.00000000000 0.00000000000 0.00000000000 0.00000000000 0.00000000000 0.00000000000 0.00000000000 0.00000000000 0.00000000000 0.00000000000 0.00000000000 0.00000000000 0.00000000000 0.00000000000 0.00000000000 0.00000000000 0.00000000000 0.00000000000 0.00000000000 0.00000000000 0.00000000000 0.00000000000 0.00000000000 0.00000000000 0.00000000000 0.00000000000 0.00000000000 0.00000000000 0.00000000000 0.00000000000 0.00000000000 0.00000000000 0.00000000000 0.00000000000 0.00000000000 0.00000000000 0.00000000000 0.00000000000 0.00000000000 0.00000000000 0.00000000000 0.00000000000 0.00000000000 0.00000000000 0.00000000000 0.00000000000 0.00000000000 0.00000000000 0.00000000000 0.00000000000 0.00000000000 0.00000000000 0.00000000000 0.00000000000 0.00000000000 0.00000000000
# growth_alpha:
0.380000000000
# q_alpha:
 -0.188718186079
# q_beta[1]:
 0.0747026575984 0.0104588245135 -0.0102089139292
# mean_log_rec:
0.943430651539
# rec_dev:
 -0.0743781063071 -0.410481785667 -0.821146451609 0.335923303028 -0.0131170741311 -0.296086187769 -0.353858785643 -0.876913361259 -0.230703725139 -0.877477369918 -0.954164923217 -0.686373056270 -0.657202212049 0.0969438375654 0.537592451675 0.568866855490 0.845913343065 0.950854411702 0.708823170196 0.339500949212 0.633302715302 0.791566322851 0.369485670474 0.596716435495 0.172143484074 -0.275862323448 0.386016389618 0.0967772371339 1.16267403515 -0.524107029573 0.971786465939 -0.0914339426780 -0.357705220179 -0.0488786154566 0.263982961528 0.261485545278 -0.434908276624 -0.319237947661 0.475605804162 -0.0430376861422 -0.216717760883 -0.216338384975 0.679793618238 -0.165102714095 -0.358446921301 -0.145302303206 0.187438013889 -0.263947808184 0.0610327568000 0.0286779408885 0.509408690650 -0.283271598355 -0.0799121539790 0.152957297011 0.0600451168637 0.139753319054 0.290501441315 -0.839368959018 -1.33654488251 -0.277421120749 -0.0311074505150 -0.0998051955906 -0.0152080876643
# mean_log_init:
-0.597368029085
# init_dev_m:
 1.10552582426 0.317060558475 0.0813049054090 0.0125444972224 -0.0432899790011 -0.0550391578456 -0.0593331996419 -0.0643857307225 -0.0680182405357 -0.0706409787592 -0.0738948563357 -0.0766274249063 -0.0783128960140 -0.0790207792948 -0.0792876075951 -0.0794552997009 -0.0795874961619 -0.0796610956119 -0.0797091046615
# init_dev_f:
 0.522625961596 0.134808402018 0.0174817659413 -0.0169786856429 -0.0469499105043 -0.0569817980143 -0.0615629725185 -0.0668563272048 -0.0706124184726 -0.0733163239777 -0.0766834419846 -0.0795057584525 -0.0812391063239 -0.0819626147394 -0.0822332986452 -0.0824026689132 -0.0825357729256 -0.0826095947858 -0.0826575270520
# log_avg_fmort:
 -2.42779689606
# fmort_dev:
 -2.63174917245 -2.45135401027 -1.89438072508 -1.86893033026 -1.20584675725 0.345749891395 1.55221838121 2.41447158157 3.99246977776 1.29548122706 1.12979636204 0.936418840197 1.55574952185 1.82992420926 1.34066572488 2.03202231889 2.11016261967 1.94113962741 1.28584132611 1.56891573716 0.426376190557 0.310846058297 0.286772137503 -0.485975558274 0.185764309680 -0.362340455564 -0.243101798666 -0.488170690262 -0.771751143759 -0.743716810545 -0.301029484290 0.0899876874139 0.00664470659995 -0.00976634552618 0.222231522700 -0.0682327666793 -0.895142882688 -0.772295603054 -0.289020678487 -0.567869474114 -0.397614707068 -0.536747283021 -0.455740912119 -0.0582260719004 -0.616688857404 -0.876241085655 -0.670892142326 -0.969622339054 -0.848233364202 -0.890159669032 -0.966533359005 -0.669101601946 -0.720512742229 -0.407044732583 -0.271432867003 -0.545131053119 -0.468456061993 -0.197654170958 -0.211902499405 0.00475112168607 0.00516610233079 -0.0315017220450 -0.00945510874015
# sel_slope_fsh_f:
 1.17544152881
# sel50_fsh_f:
 8.58930432881
# sel_slope_fsh_devs_f:
 -1.39413220461e-05 -1.36733410017e-05 -2.53574229276e-05 -4.45413594541e-05 -0.000140543312221 -0.000866419240908 -0.00394840356357 -0.00415375065165 0.0526134080463 0.00171639617089 0.215930387066 0.0605668851170 0.175224599694 0.117853388371 0.152715105831 0.258376707806 0.385182446492 1.02333824700 1.07448083788 0.168720073875 0.235363070783 0.289745076543 -0.0585458247793 -0.457534319498 -0.0102943130059 -0.0768762399314 -0.481094146973 -0.373847834241 -0.150231857380 0.00419342574636 -0.0572842280738 -0.115153054204 0.225972546818 -0.130627747357 0.104918727740 0.104705151977 0.110793866186 -0.130386814744 -0.120332431301 -0.508601290674 0.0440616498431 0.0634800667472 -0.319642425277 -0.345383108526 -0.176147802958 -0.0391623874381 -0.0538709161145 -0.0906711101965 -0.00907368636585 -0.0650940915735 -0.0964835614457 -0.317942536434 0.273118618593 -0.166500485786 -0.0304467130249 0.176107868013 -0.102733003548 -0.0688361055291 -0.169871181653 0.112108286133 -0.0123231241443 -0.258438332593 -0.428650440720
# sel50_fsh_devs_f:
 -0.000111520065660 -0.000115442951177 -0.000168735834157 -0.000154144827096 -0.000329184272140 -0.00205432861672 -0.00880784965882 -0.0205928121123 -0.00598826246584 -0.0393662584307 0.0344896337893 0.188797557634 0.0287699090646 0.162665614928 -0.0269301946746 0.0716001518634 0.254399847170 -0.266173413045 0.181485953192 0.0848632579955 -0.227226612197 -0.0536326969043 0.0591618341039 -0.147863703939 -0.0918395102024 -0.0908650633588 0.0548517834936 -0.0126435234720 -0.110052408754 -0.196021913272 -0.0624229510389 -0.0274664482071 -0.111364738888 0.0700127854473 0.0182807572652 0.0844223059396 0.0146167472081 0.0314612078949 0.00102912303493 0.112838021080 -0.0584444886603 -0.0968529715752 -0.0474518676029 -0.0201557835756 -0.0897441345391 0.100559307419 0.0987604872104 0.00731026985382 0.0806232144263 0.0247448182880 0.00546337022786 0.000334292870676 -0.283414430131 -0.0264906283106 -0.0607881769241 -0.0564289134555 -0.0201880795724 -0.00723815895927 0.00818970581865 0.0602336979109 0.0806201328942 0.188965011909 0.159838463388
# sel_slope_fsh_m:
 1.39639933071
# male_sel_offset:
0.00000000000
# sel_slope_fsh_devs_m:
 1.32202247114e-05 7.63183711028e-05 0.000370520503187 0.000811414972791 0.00270570855444 0.0156427756056 0.0518908375878 0.104966025620 0.192387118031 -0.0347159411502 1.12603233823 0.413316618745 0.0943078657762 0.346570237596 0.115978390134 0.225875986052 0.610314276323 0.432690839354 0.445605554107 0.616328255585 0.116528898794 0.282677889838 -0.168718313264 0.0591143616336 -0.299383891257 -0.217360541203 -0.851964085762 -0.709621978326 -0.297388830460 -0.132775970805 -0.0300409768081 0.0370102809780 0.170145038827 0.235775683280 0.212651569115 0.0889585617739 0.103936171417 0.174880810070 -0.0724995833422 -0.639274821148 -0.0280961112015 -0.0278191210497 -0.395268774016 -0.353911238582 0.00242238981774 -0.277695782299 -0.185729631819 -0.351818943058 0.107537726061 0.135688799313 -0.166500857261 -0.214091429766 0.381631228809 -0.0486200830201 -0.0981532004229 -0.140789664103 0.0429141290616 -0.124237680249 -0.0157451546088 -0.0204828686980 -0.143992751395 -0.454709171886 -0.446349874678
# sel50_fsh_m:
 8.31166834891
# sel50_fsh_devs_m:
 -7.16574678474e-05 -3.07124993491e-05 0.000217182271058 0.000903063000941 0.00437395987819 0.0370054231064 0.142560744411 0.281692708314 0.473769083034 -0.100675210634 -0.784760760325 -0.0285529334274 0.231647907446 -0.114498102679 0.323341164164 0.0477778873746 -0.175372691498 -0.115149114643 -0.133263714936 -0.119425514328 0.257952663872 -0.125507017193 0.0905021185883 -0.0190646933000 -0.00248990842679 -0.0545859987428 0.269440404980 0.0760405748842 -0.165021691512 -0.179066389501 -0.0867928584996 -0.0946320279296 -0.108707241591 -0.0394268688489 -0.0172517573152 0.0867119905231 -0.0564036558603 -0.0502030907106 -0.0408818909500 0.113051204039 -0.0683972124942 -0.0933172938978 -0.112175525477 -0.0296503281421 0.000758545900068 0.190850903236 0.137628426118 0.208352657000 0.0671510672804 -0.0217663594138 0.0303817558607 -0.0399222062607 -0.205381028057 -0.0966645286171 -0.0621400408223 0.0117622492048 -0.0915877900092 -0.0429274441484 -0.0688533043039 0.0550500107788 0.0596735425999 0.198587562450 0.147433503232
# sel_slope_srv:
 1.55783517446
# sel50_srv:
 5.10436662783
# sel_slope_srv_m:
 0.0221211252520
# sel50_srv_m:
 -0.00529825086790
# F40:
 0.120000000000
# F35:
 0.160000000000
# F30:
 0.210000000000
# R_logalpha:
-4.34687740765
# R_logbeta:
-6.53130226194
# sigmaR:
0.600000000000
# wt_fsh_fut_f:
 6.00000000000 8.00000000000 20.0000000000 31.0000000000 55.0000000000 133.000000000 204.000000000 244.000000000 288.000000000 327.000000000 368.000000000 382.000000000 404.000000000 412.000000000 449.000000000 459.000000000 486.000000000 469.000000000 510.000000000 530.000000000
# wt_fsh_fut_m:
 0.00000000000 4.00000000000 15.0000000000 34.0000000000 60.0000000000 134.000000000 191.000000000 241.000000000 257.000000000 293.000000000 312.000000000 328.000000000 341.000000000 358.000000000 360.000000000 368.000000000 376.000000000 410.000000000 383.000000000 413.000000000
# wt_pop_fut_f:
 6.00000000000 8.00000000000 32.0000000000 50.0000000000 66.0000000000 74.0000000000 112.000000000 186.000000000 338.000000000 372.000000000 397.000000000 416.000000000 449.000000000 455.000000000 479.000000000 499.000000000 518.000000000 535.000000000 560.000000000 590.000000000
# wt_pop_fut_m:
 4.00000000000 8.00000000000 43.0000000000 57.0000000000 63.0000000000 82.0000000000 116.000000000 171.000000000 253.000000000 319.000000000 308.000000000 324.000000000 323.000000000 341.000000000 369.000000000 380.000000000 400.000000000 433.000000000 421.000000000 440.000000000
# log_msy_sel_f:
 -8.37055218218 -7.42624667044 -6.48261164514 -5.54056838314 -4.60238037023 -3.67370350631 -2.76866032499 -1.92055499509 -1.19310748794 -0.657533510272 -0.327422709461 -0.151967685287 -0.0678222570794 -0.0297807700537 -0.0130314202533 -0.00571578309505 -0.00251860592553 -0.00251860707988 -0.00251860624820 -0.00251860609108
# log_msy_sel_m:
 -8.42373983570 -7.42783568044 -6.43259046722 -5.43907715401 -4.45018921234 -3.47379040148 -2.53076956847 -1.67049510345 -0.975274781661 -0.504655874008 -0.236619932097 -0.103533177272 -0.0435545419661 -0.0179931264709 -0.00738226009610 -0.00302305546993 -0.00123796551909 -0.00123796632820 -0.00123796424468 -0.00123796561231
# rec_dev_future:
 0.00000000000 0.00000000000 0.00000000000 0.00000000000 0.00000000000 0.00000000000 0.00000000000 0.00000000000 0.00000000000 0.00000000000
