# Number of parameters = 460  Objective function value = -6855.78  Maximum gradient component = 0.0123715
# ln_q_srv:
 0.00000
# natmort_f:
0.120000000000
# natmort_m:
0.136370634937
# Linf_f:
38.0340000000
# K_f:
0.137000000000
# t0_f:
0.297000000000
# Linf_m:
34.0300000000
# K_m:
0.161000000000
# t0_m:
0.515000000000
# age_incr:
 0.00000000000 0.00000000000 0.00000000000 0.00000000000 0.00000000000 0.00000000000 0.00000000000 0.00000000000 0.00000000000 0.00000000000 0.00000000000
# yr_incr:
 0.00000000000 0.00000000000 0.00000000000 0.00000000000 0.00000000000 0.00000000000 0.00000000000 0.00000000000 0.00000000000 0.00000000000 0.00000000000 0.00000000000 0.00000000000 0.00000000000 0.00000000000 0.00000000000 0.00000000000 0.00000000000 0.00000000000 0.00000000000 0.00000000000 0.00000000000 0.00000000000 0.00000000000 0.00000000000 0.00000000000 0.00000000000 0.00000000000 0.00000000000 0.00000000000 0.00000000000 0.00000000000 0.00000000000 0.00000000000 0.00000000000 0.00000000000 0.00000000000 0.00000000000 0.00000000000 0.00000000000 0.00000000000 0.00000000000 0.00000000000 0.00000000000 0.00000000000 0.00000000000 0.00000000000 0.00000000000 0.00000000000 0.00000000000 0.00000000000 0.00000000000 0.00000000000 0.00000000000 0.00000000000 0.00000000000 0.00000000000 0.00000000000
# growth_alpha:
0.380000000000
# q_alpha:
 -0.0494784235739
# q_beta[1]:
 0.0436304076484 0.0109563394356 -0.00856562059572
# mean_log_rec:
0.939901137924
# rec_dev:
 -0.221959571031 -0.431690758413 -0.582373788726 0.734786518918 0.323537133518 -0.106526040166 -0.271264597173 -0.864598453746 -0.224459247207 -0.878245462843 -0.960167262439 -0.702490079291 -0.687622131845 0.0574168617443 0.489597168560 0.513412388590 0.785097855684 0.885681988317 0.639978930402 0.268771974344 0.561729865695 0.720025461745 0.296851320002 0.521423401163 0.0953394204304 -0.354948251874 0.304394000395 0.0111179231046 1.07314436264 -0.615725309893 0.876486532366 -0.190598529522 -0.461957104212 -0.159158867840 0.146904601270 0.135480955978 -0.569265597550 -0.464335010429 0.317306960906 -0.212857968602 -0.397078361345 -0.420571688415 0.483456007493 -0.376169377519 -0.582724107474 -0.370370799910 -0.0550716483688 -0.521034175651 -0.161773631566 -0.147124530819 0.540095327439 -0.231744777997 0.0343670221380 0.203332508422 0.340546800573 0.579340905086 0.319798774418 -0.0271236318864 -0.00839219103566
# mean_log_init:
-0.696615388352
# init_dev_m:
 0.496584903887 0.114963198145 -0.000156344597960 -0.0105868837653 -0.0419513249337 -0.0503429717225 -0.0539294914937 -0.0577527949469 -0.0608699386673 -0.0634121281369 -0.0663462170092 -0.0691699916533 -0.0709243903647 -0.0716655588884 -0.0719364770242 -0.0721044305213 -0.0722360707310 -0.0723095373371 -0.0723574489235
# init_dev_f:
 1.04393635668 0.267982809496 0.0374709478556 0.0190655723283 -0.0409494753394 -0.0525323883269 -0.0561020063719 -0.0600197441726 -0.0632322372950 -0.0658538961687 -0.0688926808218 -0.0718147033929 -0.0736220891031 -0.0743809159217 -0.0746559890004 -0.0748258127830 -0.0749586541323 -0.0750322210197 -0.0750800957859
# log_avg_fmort:
 -2.28206570689
# fmort_dev:
 -2.68872030444 -2.50680145360 -1.94803312816 -1.92046418685 -1.25441253353 0.305772250482 1.54469657091 2.55451594814 3.87590666386 1.25991835958 1.12607853780 0.900440231726 1.52965978415 1.80682686783 1.72052227639 1.89709297797 2.00962850604 1.81876464296 1.18257836195 1.46235303725 0.332677841324 0.219372172618 0.201406796740 -0.566330773936 0.109171147373 -0.430977771687 -0.306421610254 -0.547041475483 -0.828868183449 -0.799264708645 -0.352215500702 0.0432454720647 -0.0335721707018 -0.0387601138003 0.200698547451 -0.0747407183107 -0.901260011891 -0.777947129977 -0.298436618779 -0.558686771016 -0.404509325172 -0.538602709172 -0.452259252058 -0.0483714668176 -0.594419542668 -0.844525912943 -0.636061419761 -0.929380757292 -0.801699098991 -0.834629919755 -0.904088396558 -0.597663485864 -0.631822420104 -0.304738464880 -0.145603155951 -0.399623161539 -0.289954371414 0.0278827919196 0.0616972874749
# sel_slope_fsh_f:
 1.19239903256
# sel50_fsh_f:
 8.73224922124
# sel_slope_fsh_devs_f:
 1.89531711516e-05 8.97360444512e-05 0.000394180933203 0.000816100906795 0.00265280552826 0.0162679517908 0.0564872265636 0.124744251594 0.210258967974 0.0226419703486 0.343563040200 0.148610951448 0.0699848834387 0.0608148601851 -0.248858728580 0.297300183771 0.377341310448 1.00572445681 1.08020740412 0.157719480574 0.218739281918 0.277255355540 -0.0731011622619 -0.472087752878 -0.0212902882821 -0.0891679498176 -0.495242724386 -0.389960233627 -0.166937603109 -0.0145284396175 -0.0755126815255 -0.132797171521 0.210585990599 -0.149072012125 0.0852828411692 0.0750037234993 0.0819227235434 -0.167573431597 -0.145778702805 -0.545601404608 0.0189775627231 0.0338015051091 -0.347044460873 -0.374860628610 -0.202495286468 -0.0669823967749 -0.0772526044962 -0.109783650524 -0.0251424287278 -0.0802207828738 -0.113111012759 -0.322573803208 0.289397793096 -0.137451178129 0.00838341054768 0.216016687494 -0.0732383302210 -0.0894050553409 -0.283933515889
# sel50_fsh_devs_f:
 -9.48547733106e-05 -5.73542562083e-05 0.000138268202223 0.000689409858905 0.00335325998541 0.0291523849333 0.121535973636 0.264371277140 0.438548010415 -0.0948336910463 -0.0857955820120 0.0636469541623 0.127891140048 0.125055448193 0.296099564819 0.0368297788882 0.222090877393 -0.283120725064 0.165265731772 0.0598986729664 -0.244448582581 -0.0711722073071 0.0421540313404 -0.165730270366 -0.109757782957 -0.107414758046 0.0395845401867 -0.0266570446544 -0.124133122452 -0.210219586398 -0.0763949858308 -0.0414903558005 -0.125801882899 0.0576309638188 0.00563375739809 0.0746530675507 0.00534665439567 0.0251926837723 -0.00794356414799 0.112355723759 -0.0713054883181 -0.109668853329 -0.0602067155558 -0.0331841260850 -0.104198175605 0.0878594953552 0.0840652101207 -0.00958490584482 0.0635032316900 0.00738766624920 -0.0124965864419 -0.0207645569104 -0.305068844983 -0.0495265176571 -0.0765994904700 -0.0649496054461 -0.00567268978955 0.0368399833536 0.101519459469
# sel_slope_fsh_m:
 1.42155692558
# male_sel_offset:
0.00000000000
# sel_slope_fsh_devs_m:
 -1.16975894535e-05 -1.20851804040e-05 -2.29456032130e-05 -3.37341960552e-05 -0.000105067572857 -0.000951804266082 -0.00501110411293 -0.0147018752681 -0.360081367146 -0.0203256219714 1.11128549186 0.427081631044 0.195628074084 0.328193841148 0.306137569671 0.154725283678 0.588725042325 0.430322025628 0.429654684356 0.600679390984 0.120458856603 0.268126270386 -0.184514099847 0.0475422380132 -0.308492080575 -0.224463145950 -0.861821573879 -0.719134057444 -0.304874446171 -0.132578358266 -0.0345361596508 0.0349709120182 0.163795416417 0.226879765658 0.206655838609 0.0769307726800 0.0741991972999 0.150564450686 -0.0974057578962 -0.671276168791 -0.0355278501339 -0.0323162721000 -0.401943086330 -0.357650653940 0.00268605937697 -0.286770384819 -0.190547776851 -0.359017778732 0.116202348101 0.148792898611 -0.160125010041 -0.194393932046 0.385588171409 -0.0107769377440 -0.0438772346151 -0.0753921586992 0.000703992234209 -0.234338011842 -0.273497614841
# sel50_fsh_m:
 7.98865842478
# sel50_fsh_devs_m:
 -8.42667555609e-05 -8.99886707302e-05 -0.000137918854833 -0.000133034685083 -0.000289588682827 -0.00194732602207 -0.0100710654678 -0.0312499117345 -0.233748368683 -0.0167471047724 -0.737489944091 0.0319418448257 0.0671301892173 -0.0634021519369 0.0259712563349 0.100750928532 -0.133696708606 -0.0798629278054 -0.0942826179573 -0.0796048534091 0.293139583678 -0.0876317204459 0.128700788080 0.0185552377375 0.0336208370477 -0.0182481310251 0.306099798073 0.113051620603 -0.128859432069 -0.144470221473 -0.0503337974668 -0.0581818959867 -0.0700165837208 0.000802299930617 0.0234333586286 0.129013644712 -0.0116899877927 -0.00664866628508 0.00168898739595 0.162600514467 -0.0316340476442 -0.0577527759119 -0.0812677962746 0.000329582741553 0.0350120333727 0.227437006613 0.172511032268 0.242793394549 0.0996940235944 0.0129038441823 0.0621541053452 -0.0134707496222 -0.171323166047 -0.0666267550554 -0.0265579028520 0.0519412471368 -0.00827503158709 0.0782400245757 0.0963092383428
# sel_slope_srv:
 1.54583853890
# sel50_srv:
 5.15407490681
# sel_slope_srv_m:
 0.0282633334228
# sel50_srv_m:
 -0.00558225079685
# F40:
 0.120000000000
# F35:
 0.160000000000
# F30:
 0.210000000000
# R_logalpha:
-4.29001539289
# R_logbeta:
-6.35059668827
# sigmaR:
0.600000000000
# wt_fsh_fut_f:
 6.00000000000 8.00000000000 20.0000000000 31.0000000000 55.0000000000 133.000000000 204.000000000 244.000000000 288.000000000 327.000000000 368.000000000 382.000000000 404.000000000 412.000000000 449.000000000 459.000000000 486.000000000 469.000000000 510.000000000 530.000000000
# wt_fsh_fut_m:
 0.00000000000 4.00000000000 15.0000000000 34.0000000000 60.0000000000 134.000000000 191.000000000 241.000000000 257.000000000 293.000000000 312.000000000 328.000000000 341.000000000 358.000000000 360.000000000 368.000000000 376.000000000 410.000000000 383.000000000 413.000000000
# wt_pop_fut_f:
 8.00000000000 12.0000000000 26.0000000000 49.0000000000 81.0000000000 144.000000000 169.000000000 256.000000000 313.000000000 341.000000000 358.000000000 404.000000000 421.000000000 437.000000000 458.000000000 512.000000000 514.000000000 522.000000000 616.000000000 590.000000000
# wt_pop_fut_m:
 4.00000000000 14.0000000000 12.0000000000 27.0000000000 48.0000000000 83.0000000000 126.000000000 181.000000000 214.000000000 249.000000000 268.000000000 299.000000000 309.000000000 339.000000000 350.000000000 352.000000000 380.000000000 372.000000000 394.000000000 433.000000000
# log_msy_sel_f:
 -8.36067896091 -7.32902839266 -6.29814479286 -5.26939829595 -4.24662718227 -3.24043764197 -2.27856876796 -1.42271593457 -0.764944350710 -0.356549285255 -0.150488991306 -0.0602380109493 -0.0235844012523 -0.00918016792037 -0.00357887589609 -0.00140116281865 -0.000551428235660 -0.000551429284771 -0.000551429238955 -0.000551429125165
# log_msy_sel_m:
 -8.95665646918 -7.74746817208 -6.53899716412 -5.33287821589 -4.13459305810 -2.96242414183 -1.87249853303 -0.989645098904 -0.431727494147 -0.162429803367 -0.0562157678674 -0.0187999967226 -0.00622338206437 -0.00205745737040 -0.000681264624493 -0.000225863802425 -7.51609601472e-05 -7.51607996157e-05 -7.51608781925e-05 -7.51608054007e-05
# rec_dev_future:
 0.00000000000 0.00000000000 0.00000000000 0.00000000000 0.00000000000 0.00000000000 0.00000000000 0.00000000000 0.00000000000 0.00000000000
