# Number of parameters = 454  Objective function value = -8237.81  Maximum gradient component = 0.000909853
# ln_q_srv:
 0.00000
# natmort_f:
0.120000000000
# natmort_m:
0.136751136806
# Linf_f:
38.0340000000
# K_f:
0.137000000000
# t0_f:
0.297000000000
# Linf_m:
34.0300000000
# K_m:
0.161000000000
# t0_m:
0.515000000000
# age_incr:
 0.00000000000 0.00000000000 0.00000000000 0.00000000000 0.00000000000 0.00000000000 0.00000000000 0.00000000000 0.00000000000 0.00000000000 0.00000000000
# yr_incr:
 0.00000000000 0.00000000000 0.00000000000 0.00000000000 0.00000000000 0.00000000000 0.00000000000 0.00000000000 0.00000000000 0.00000000000 0.00000000000 0.00000000000 0.00000000000 0.00000000000 0.00000000000 0.00000000000 0.00000000000 0.00000000000 0.00000000000 0.00000000000 0.00000000000 0.00000000000 0.00000000000 0.00000000000 0.00000000000 0.00000000000 0.00000000000 0.00000000000 0.00000000000 0.00000000000 0.00000000000 0.00000000000 0.00000000000 0.00000000000 0.00000000000 0.00000000000 0.00000000000 0.00000000000 0.00000000000 0.00000000000 0.00000000000 0.00000000000 0.00000000000 0.00000000000 0.00000000000 0.00000000000 0.00000000000 0.00000000000 0.00000000000 0.00000000000 0.00000000000 0.00000000000 0.00000000000 0.00000000000 0.00000000000 0.00000000000 0.00000000000
# growth_alpha:
0.380000000000
# q_alpha:
 -0.0323653573347
# q_beta[1]:
 0.0484304307561 0.0105179393245 -0.00816886292214
# mean_log_rec:
0.919473540618
# rec_dev:
 -0.202193900237 -0.411698794448 -0.563123627548 0.751194541836 0.336580005854 -0.0911947586987 -0.252902782648 -0.844965834816 -0.203813150922 -0.857203838175 -0.940013341762 -0.683223300449 -0.669703671745 0.0745292620641 0.505504662926 0.528317522234 0.799218140629 0.899086903961 0.652777890597 0.281324523196 0.574725996368 0.733759730757 0.310815222558 0.535059785725 0.108516313693 -0.342282274592 0.316692198051 0.0226357880328 1.08428378590 -0.605126258386 0.886933912903 -0.180836808172 -0.452842924312 -0.150990210351 0.153902694537 0.141019819399 -0.565527375086 -0.462306947716 0.317831192945 -0.213945840671 -0.401697855508 -0.418098680589 0.487243389119 -0.385437862158 -0.569676376548 -0.366662880197 -0.0471033974690 -0.484404822886 -0.131525991971 -0.0987357225126 0.611630054295 -0.195176624383 0.186859511758 0.431728308277 0.397817221776 -0.260956441895 -0.0699928086920 -0.00662301330833
# mean_log_init:
-0.692956071974
# init_dev_m:
 0.494965256662 0.113829249939 0.000170363522306 -0.0101397453054 -0.0416262624284 -0.0500713802619 -0.0536636809655 -0.0575234722092 -0.0606439093116 -0.0631691435993 -0.0660898398968 -0.0688901719592 -0.0706299421692 -0.0713653990217 -0.0716343134090 -0.0718009804240 -0.0719320798949 -0.0720047910669 -0.0720523138103
# init_dev_f:
 1.04008236055 0.265328689024 0.0378220815691 0.0195858644674 -0.0406678998244 -0.0522988532905 -0.0558783460023 -0.0598391051758 -0.0630585560165 -0.0656649657083 -0.0686926310647 -0.0715925345383 -0.0733861914437 -0.0741395167986 -0.0744127684939 -0.0745813019153 -0.0747134505875 -0.0747864174922 -0.0748338935840
# log_avg_fmort:
 -2.27179063735
# fmort_dev:
 -2.70326423303 -2.52113698481 -1.96218399637 -1.93444675301 -1.26824241024 0.291916067059 1.53002263293 2.53603947168 3.85966397152 1.25029170935 1.11273425885 0.891114840897 1.51902969164 1.79552423613 1.70935713901 1.88692329967 2.00041950028 1.80999980966 1.17553024810 1.45259037338 0.326895024520 0.214647259912 0.197193258626 -0.570590807653 0.105959985773 -0.432851230944 -0.309079127340 -0.547717144668 -0.828782744672 -0.799242282725 -0.351703331233 0.0442000727039 -0.0316411825015 -0.0354920905455 0.204779004093 -0.0687305573794 -0.895062186344 -0.771685651843 -0.292752870303 -0.550540839736 -0.398395615452 -0.531765009477 -0.444557924747 -0.0397945534702 -0.583944222657 -0.832882625890 -0.623663013106 -0.916277896426 -0.786985450092 -0.818338548336 -0.887091818255 -0.579327472716 -0.614394270319 -0.283209883827 -0.121890870940 -0.375991115019 -0.263280631610 0.0621055850321
# sel_slope_fsh_f:
 1.19981542191
# sel50_fsh_f:
 8.72541577881
# sel_slope_fsh_devs_f:
 1.84289400096e-05 8.80142367032e-05 0.000387846072658 0.000804858496623 0.00262537815340 0.0161782552496 0.0561626576673 0.123511895982 0.208152841960 0.0228431692276 0.345184548973 0.142822200355 0.0672410919039 0.0595224450649 -0.252848197017 0.290467275797 0.372711169857 1.00141395288 1.07776576559 0.153483111831 0.212818528878 0.271890102973 -0.0789844770520 -0.476437943697 -0.0256245992944 -0.0939521621202 -0.499676820440 -0.395094533778 -0.172435512726 -0.0198405319727 -0.0809471337820 -0.137637261189 0.206384854569 -0.154099878622 0.0807847241577 0.0687572999573 0.0749968193914 -0.175477402021 -0.152131647428 -0.554114302434 0.0133532302327 0.0295389406434 -0.353129658275 -0.380208161676 -0.208132084845 -0.0734038938961 -0.0830561318660 -0.113922829192 -0.0292305273052 -0.0860627351415 -0.119523739128 -0.327843641795 0.283890018659 -0.144317204952 -0.00414054784338 0.204240659654 -0.0869798028837 -0.108786045688
# sel50_fsh_devs_f:
 -9.46729294764e-05 -5.76273368065e-05 0.000136481810211 0.000685259400189 0.00333788281846 0.0290769358683 0.121292643545 0.263711089091 0.438352260968 -0.0939400581463 -0.0849639247384 0.0655346020870 0.129198012423 0.126155121238 0.297118003113 0.0374074136019 0.222739212513 -0.282653688766 0.166145961441 0.0578727201826 -0.243931969516 -0.0705716763592 0.0428132644440 -0.165914706118 -0.109530734931 -0.106874744795 0.0397391493609 -0.0258060473074 -0.123020423471 -0.209290128384 -0.0754993368253 -0.0409662610680 -0.125236561890 0.0584827269533 0.00642325950514 0.0759881162549 0.00699007698002 0.0271610710347 -0.00645939309205 0.115087379461 -0.0704337823832 -0.109133940060 -0.0594539226116 -0.0327278590201 -0.103446376042 0.0889479082568 0.0850045594040 -0.00878856948838 0.0645447002429 0.00943814584319 -0.00984017170600 -0.0163200092674 -0.299865368780 -0.0424162985871 -0.0672376091560 -0.0566578250387 0.00774740770138 0.0540022513342
# sel_slope_fsh_m:
 1.43242739217
# male_sel_offset:
0.00000000000
# sel_slope_fsh_devs_m:
 -1.13163952804e-05 -1.15996693619e-05 -2.20729171989e-05 -3.25313940728e-05 -0.000101571377128 -0.000918531711639 -0.00482794536270 -0.0138836240854 -0.364031295164 -0.0206690103925 1.10682065317 0.428850346145 0.189903412659 0.323946865489 0.300899542293 0.151803583615 0.582793141794 0.423798595769 0.423114693271 0.594585226202 0.119885259889 0.261689973173 -0.191299723556 0.0422841382069 -0.313685027687 -0.228993069565 -0.866770867088 -0.723966322791 -0.310280822032 -0.136556597446 -0.0392290045232 0.0303203809144 0.158817848761 0.221855945905 0.202195069731 0.0718379439522 0.0669413191971 0.144337634687 -0.104100656372 -0.679573112355 -0.0391840872255 -0.0349506300810 -0.405472196848 -0.360435809111 0.00138624077421 -0.290281711199 -0.191895533245 -0.360835721107 0.117997238884 0.145903327150 -0.162270444027 -0.195287503339 0.387515200236 -0.0112892734979 -0.0506389201939 -0.0872910806347 -0.0335046274515 -0.277181651533
# sel50_fsh_m:
 7.97987969183
# sel50_fsh_devs_m:
 -8.31156214538e-05 -8.85483867030e-05 -0.000135157004074 -0.000130072074718 -0.000283161100397 -0.00190480427230 -0.00984923425989 -0.0302578135459 -0.228658588704 -0.0170591304278 -0.736779612567 0.0314124809775 0.0674932965467 -0.0631385018814 0.0264708504280 0.101597121434 -0.132836865294 -0.0786918430291 -0.0934648975792 -0.0785798273123 0.293827606861 -0.0868641354342 0.129409962435 0.0190371314918 0.0340042748071 -0.0178437669500 0.305909573846 0.113442766399 -0.127945572105 -0.143859912606 -0.0494924440642 -0.0574124568348 -0.0690649913270 0.00190000623189 0.0245471532147 0.130248975725 -0.0100972513434 -0.00514730096941 0.00300738244120 0.164627058504 -0.0313275108543 -0.0577866144193 -0.0823696254227 -0.00114120607780 0.0345606869518 0.227286312690 0.171944818220 0.242133616777 0.0993465141405 0.0140550365939 0.0632289250935 -0.0117745561477 -0.168515242201 -0.0613212447889 -0.0180535259128 0.0617455594124 0.00830883091995 0.102412623176
# sel_slope_srv:
 1.53165925296
# sel50_srv:
 5.18823969267
# sel_slope_srv_m:
 0.0424761093385
# sel50_srv_m:
 -0.00743832982507
# F40:
 0.120000000000
# F35:
 0.160000000000
# F30:
 0.210000000000
# R_logalpha:
-4.27945803738
# R_logbeta:
-6.33193030190
# sigmaR:
0.600000000000
# wt_fsh_fut_f:
 6.00000000000 8.00000000000 20.0000000000 31.0000000000 55.0000000000 133.000000000 204.000000000 244.000000000 288.000000000 327.000000000 368.000000000 382.000000000 404.000000000 412.000000000 449.000000000 459.000000000 486.000000000 469.000000000 510.000000000 530.000000000
# wt_fsh_fut_m:
 0.00000000000 4.00000000000 15.0000000000 34.0000000000 60.0000000000 134.000000000 191.000000000 241.000000000 257.000000000 293.000000000 312.000000000 328.000000000 341.000000000 358.000000000 360.000000000 368.000000000 376.000000000 410.000000000 383.000000000 413.000000000
# wt_pop_fut_f:
 8.00000000000 18.0000000000 25.0000000000 56.0000000000 80.0000000000 126.000000000 188.000000000 205.000000000 327.000000000 332.000000000 361.000000000 387.000000000 412.000000000 435.000000000 455.000000000 522.000000000 507.000000000 539.000000000 626.000000000 590.000000000
# wt_pop_fut_m:
 4.00000000000 14.0000000000 17.0000000000 25.0000000000 47.0000000000 81.0000000000 134.000000000 164.000000000 174.000000000 305.000000000 272.000000000 297.000000000 312.000000000 339.000000000 356.000000000 344.000000000 375.000000000 369.000000000 399.000000000 439.000000000
# log_msy_sel_f:
 -9.35620912354 -8.14055815909 -6.92542942677 -5.71197166082 -4.50397467831 -3.31410192785 -2.18319544501 -1.21780304121 -0.560885864307 -0.221246335871 -0.0792484992661 -0.0271307318803 -0.00914443398144 -0.00307168703945 -0.00103233251549 -0.000347447901538 -0.000117099749558 -0.000117103253456 -0.000117098398022 -0.000117100388427
# log_msy_sel_m:
 -9.36764412623 -8.10668795621 -6.84629385329 -5.58783773370 -4.33614740101 -3.10799827641 -1.95722648671 -1.01328179728 -0.419813481008 -0.147796504813 -0.0481534974992 -0.0153147757033 -0.00486518592485 -0.00155592173454 -0.000501822866294 -0.000163167064953 -5.34383607018e-05 -5.34363640553e-05 -5.34293287984e-05 -5.34399219045e-05
# rec_dev_future:
 0.00000000000 0.00000000000 0.00000000000 0.00000000000 0.00000000000 0.00000000000 0.00000000000 0.00000000000 0.00000000000 0.00000000000
