# Number of parameters = 448  Objective function value = -9605.35  Maximum gradient component = 0.000446936
# ln_q_srv:
 0.00000
# natmort_f:
0.120000000000
# natmort_m:
0.136777941744
# Linf_f:
38.0340000000
# K_f:
0.137000000000
# t0_f:
0.297000000000
# Linf_m:
34.0300000000
# K_m:
0.161000000000
# t0_m:
0.515000000000
# age_incr:
 0.00000000000 0.00000000000 0.00000000000 0.00000000000 0.00000000000 0.00000000000 0.00000000000 0.00000000000 0.00000000000 0.00000000000 0.00000000000
# yr_incr:
 0.00000000000 0.00000000000 0.00000000000 0.00000000000 0.00000000000 0.00000000000 0.00000000000 0.00000000000 0.00000000000 0.00000000000 0.00000000000 0.00000000000 0.00000000000 0.00000000000 0.00000000000 0.00000000000 0.00000000000 0.00000000000 0.00000000000 0.00000000000 0.00000000000 0.00000000000 0.00000000000 0.00000000000 0.00000000000 0.00000000000 0.00000000000 0.00000000000 0.00000000000 0.00000000000 0.00000000000 0.00000000000 0.00000000000 0.00000000000 0.00000000000 0.00000000000 0.00000000000 0.00000000000 0.00000000000 0.00000000000 0.00000000000 0.00000000000 0.00000000000 0.00000000000 0.00000000000 0.00000000000 0.00000000000 0.00000000000 0.00000000000 0.00000000000 0.00000000000 0.00000000000 0.00000000000 0.00000000000 0.00000000000 0.00000000000
# growth_alpha:
0.380000000000
# q_alpha:
 -0.0151425509723
# q_beta[1]:
 0.0479751462417 0.0100040238830 -0.00813445060988
# mean_log_rec:
0.904110494214
# rec_dev:
 -0.187343729166 -0.396654040697 -0.548111335440 0.765448190252 0.349017023711 -0.0784009774591 -0.239138436880 -0.831009023432 -0.189465587022 -0.842823728706 -0.926092926926 -0.670123178648 -0.658381428441 0.0850745037894 0.515083264357 0.537073515395 0.807435909331 0.906830388900 0.660095928422 0.288413696050 0.581590565913 0.740297034566 0.317017605239 0.540941720371 0.114268713412 -0.336930478576 0.321454753508 0.0266895834530 1.08772729791 -0.602127015303 0.889334739303 -0.179205327816 -0.452074917399 -0.151248742850 0.152326921393 0.137783143507 -0.570600663207 -0.469634437884 0.307912351695 -0.233635978521 -0.415612965469 -0.448315676484 0.479447294836 -0.405768180914 -0.596729746014 -0.366254523092 -0.0574983722821 -0.505918982847 -0.128292546248 -0.104889758239 0.594823962015 -0.306452435018 0.121951199208 0.514924823766 0.142103235084 -0.0789591016110 -0.00737339424815
# mean_log_init:
-0.692048358851
# init_dev_m:
 0.494588977620 0.113692723569 0.000575364361202 -0.00999567765139 -0.0415279921140 -0.0500205636695 -0.0536258019655 -0.0575190179484 -0.0606500755126 -0.0631707344669 -0.0660884960795 -0.0688822664608 -0.0706172413784 -0.0713507484392 -0.0716190861990 -0.0717856366269 -0.0719164124331 -0.0719890982587 -0.0720364866979
# init_dev_f:
 1.03907476382 0.264922870728 0.0385493478969 0.0197519553822 -0.0405779657119 -0.0522525814773 -0.0558452453046 -0.0598415586218 -0.0630726964486 -0.0656745668693 -0.0686994125407 -0.0715926796421 -0.0733814607814 -0.0741328220909 -0.0744054802218 -0.0745738958737 -0.0747057241231 -0.0747786540290 -0.0748260089238
# log_avg_fmort:
 -2.26054305603
# fmort_dev:
 -2.71603141591 -2.53383825861 -1.97483731859 -1.94706852644 -1.28085299842 0.279227726804 1.51687822446 2.52103301925 3.84391257373 1.23832869079 1.10008566376 0.880176310562 1.50732916620 1.78336606775 1.69571233744 1.87627952124 1.98958166857 1.79993341443 1.16751947918 1.44344880840 0.320795330082 0.208989253262 0.192244792768 -0.575584984257 0.101885485941 -0.435985672548 -0.311986177651 -0.549866653516 -0.830564751283 -0.800814119858 -0.352728662358 0.0438211905427 -0.0310418335203 -0.0337055615023 0.207518718955 -0.0641560173042 -0.890117591555 -0.766597665435 -0.287907161548 -0.543624715128 -0.392788757110 -0.525349468760 -0.437263883452 -0.0313582650594 -0.573372294671 -0.821123021747 -0.611101862391 -0.902838637078 -0.771829673057 -0.799575527141 -0.866482339607 -0.556549890441 -0.590238362581 -0.255176698726 -0.0897519371848 -0.341051087099 -0.224905656092
# sel_slope_fsh_f:
 1.20266859265
# sel50_fsh_f:
 8.71628916568
# sel_slope_fsh_devs_f:
 1.85212237005e-05 8.81925975857e-05 0.000388582030300 0.000806305673944 0.00263133962126 0.0162197157023 0.0562485428125 0.123342447271 0.207630107071 0.0229076575932 0.345839663437 0.140583768919 0.0668428951873 0.0603273072460 -0.253916247866 0.284352788996 0.371227969358 0.997877261460 1.07643783226 0.152482984327 0.210713341477 0.270233579428 -0.0809936871285 -0.477583577086 -0.0270830226122 -0.0955771926194 -0.501281919286 -0.396934219824 -0.174390046491 -0.0214781534922 -0.0830160518369 -0.139761107221 0.204686998919 -0.156010622529 0.0786264623609 0.0656330341398 0.0716932230853 -0.179543951033 -0.155415574344 -0.558710843584 0.0104035155414 0.0272606722360 -0.357087153243 -0.384880207799 -0.211970505921 -0.0773273979958 -0.0868365336996 -0.111697240700 -0.0223859382412 -0.0829236835133 -0.121348948345 -0.329025450093 0.283458248457 -0.145771502076 -0.00899998462787 0.195861054796 -0.102873190917
# sel50_fsh_devs_f:
 -9.44904739733e-05 -5.71509913900e-05 0.000138499212223 0.000690076259428 0.00335641050851 0.0292162406230 0.121690323682 0.264138630252 0.438859199582 -0.0931391064449 -0.0840201907101 0.0670337045729 0.130390327343 0.127209013450 0.297753665461 0.0385207980559 0.223581813274 -0.281570108159 0.167245813181 0.0571741531735 -0.243150985808 -0.0697712199363 0.0436613815074 -0.165729928536 -0.108823223552 -0.106065845300 0.0404515749361 -0.0248859943627 -0.122055827872 -0.208435397094 -0.0744827616006 -0.0399107728173 -0.124186700162 0.0596639857069 0.00772480392215 0.0775579438157 0.00862562849144 0.0290377626506 -0.00475550816277 0.117479501599 -0.0692894144602 -0.108300903373 -0.0586481979717 -0.0319039270314 -0.103193029594 0.0897749391407 0.0853403136003 -0.0101319218605 0.0628615870861 0.00970186914209 -0.00875048793234 -0.0152310200533 -0.298706219025 -0.0406984563745 -0.0640492350210 -0.0525937856369 0.0137517504636
# sel_slope_fsh_m:
 1.44280152273
# male_sel_offset:
0.00000000000
# sel_slope_fsh_devs_m:
 -1.10400055506e-05 -1.12648396335e-05 -2.15636132079e-05 -3.19253500969e-05 -9.98138913788e-05 -0.000901988896354 -0.00472528995505 -0.0133599293074 -0.367099235393 -0.0208853984199 1.10249380865 0.428452741432 0.185173012916 0.319877205983 0.296005410695 0.151930399481 0.577030246632 0.422517248315 0.417154815648 0.588727432652 0.119076371368 0.255393117550 -0.198003758879 0.0368660024185 -0.319159008816 -0.234196552096 -0.872737539542 -0.729730598167 -0.315102859530 -0.139628566452 -0.0431975286060 0.0263953428326 0.154379411730 0.217405053416 0.198429349637 0.0674491883189 0.0601318154393 0.138509905174 -0.110236768897 -0.687618113549 -0.0422492972499 -0.0371287960528 -0.408940656799 -0.362814988806 0.000163959038653 -0.294260028278 -0.193282642648 -0.362881814602 0.121454456629 0.148544726379 -0.163734804631 -0.198960235297 0.377136927594 -0.0261461911503 -0.0717620216498 -0.114396824539 -0.0773806468275
# sel50_fsh_m:
 7.96266411191
# sel50_fsh_devs_m:
 -8.28572772207e-05 -8.80767720961e-05 -0.000134122196545 -0.000128949846388 -0.000280924022061 -0.00189172183115 -0.00977994564222 -0.0297360166370 -0.226232980750 -0.0171945529881 -0.734933356358 0.0325785022621 0.0690264562845 -0.0616780505055 0.0280438463423 0.103311798020 -0.130868140891 -0.0779901663165 -0.0916056395628 -0.0765411559641 0.295402970255 -0.0849584851753 0.131375852202 0.0207962445787 0.0356147997989 -0.0161813634214 0.307538446523 0.115114572697 -0.126453679497 -0.142607581828 -0.0479104438066 -0.0558678228800 -0.0672370070690 0.00389387986408 0.0265562031968 0.132385049010 -0.00760443094819 -0.00275564553984 0.00511164949455 0.167327268731 -0.0301687651578 -0.0569607465792 -0.0828947235772 -0.00195889001670 0.0349564856331 0.228084734474 0.172063384183 0.242049559346 0.0990818772367 0.0157180426935 0.0650557977760 -0.00848538632961 -0.164687302681 -0.0549790251494 -0.00968827979858 0.0709762544816 0.0185025307959
# sel_slope_srv:
 1.52618704351
# sel50_srv:
 5.19570395966
# sel_slope_srv_m:
 0.0503077570693
# sel50_srv_m:
 -0.0117071659507
# F40:
 0.120000000000
# F35:
 0.160000000000
# F30:
 0.210000000000
# R_logalpha:
-4.26250938520
# R_logbeta:
-6.30571557606
# sigmaR:
0.600000000000
# wt_fsh_fut_f:
 6.00000000000 8.00000000000 20.0000000000 31.0000000000 55.0000000000 133.000000000 204.000000000 244.000000000 288.000000000 327.000000000 368.000000000 382.000000000 404.000000000 412.000000000 449.000000000 459.000000000 486.000000000 469.000000000 510.000000000 530.000000000
# wt_fsh_fut_m:
 0.00000000000 4.00000000000 15.0000000000 34.0000000000 60.0000000000 134.000000000 191.000000000 241.000000000 257.000000000 293.000000000 312.000000000 328.000000000 341.000000000 358.000000000 360.000000000 368.000000000 376.000000000 410.000000000 383.000000000 413.000000000
# wt_pop_fut_f:
 8.00000000000 20.0000000000 31.0000000000 55.0000000000 84.0000000000 124.000000000 165.000000000 217.000000000 266.000000000 301.000000000 362.000000000 380.000000000 436.000000000 439.000000000 465.000000000 622.000000000 505.000000000 538.000000000 646.000000000 590.000000000
# wt_pop_fut_m:
 4.00000000000 14.0000000000 18.0000000000 32.0000000000 54.0000000000 85.0000000000 120.000000000 156.000000000 193.000000000 225.000000000 262.000000000 294.000000000 320.000000000 346.000000000 367.000000000 364.000000000 371.000000000 363.000000000 400.000000000 437.000000000
# log_msy_sel_f:
 -9.23048189739 -7.98416640815 -6.73853614779 -5.49515933688 -4.25926248121 -3.04811196909 -1.91492953969 -0.986654507830 -0.407298626661 -0.144492184836 -0.0478437429024 -0.0154957344299 -0.00500796807518 -0.00162559219880 -0.000530655478303 -0.000174130151311 -5.73889696420e-05 -5.73881650824e-05 -5.73895189986e-05 -5.73894255981e-05
# log_msy_sel_m:
 -9.48568488406 -8.16419936259 -6.84330568147 -5.52463850032 -4.21429122589 -2.93422632765 -1.75469383094 -0.832232348138 -0.304234935225 -0.0925594950644 -0.0259390106343 -0.00707569716676 -0.00191584756000 -0.000517911752293 -0.000140010680595 -3.78683265480e-05 -1.02476812128e-05 -1.02487083701e-05 -1.02493165298e-05 -1.02466510530e-05
# rec_dev_future:
 0.00000000000 0.00000000000 0.00000000000 0.00000000000 0.00000000000 0.00000000000 0.00000000000 0.00000000000 0.00000000000 0.00000000000
