# Number of parameters = 488 Objective function value = 1239.19719119057  Maximum gradient component = 0.000500860577695832
# ln_q_srv:
 -0.0717680000000000
# natmort_f:
0.120000000000
# natmort_m:
0.139618451483
# Linf_f:
38.0340000000
# K_f:
0.137000000000
# t0_f:
0.297000000000
# Linf_m:
34.0300000000
# K_m:
0.161000000000
# t0_m:
0.515000000000
# age_incr:
 0.00000000000 0.00000000000 0.00000000000 0.00000000000 0.00000000000 0.00000000000 0.00000000000 0.00000000000 0.00000000000 0.00000000000 0.00000000000
# yr_incr:
 0.00000000000 0.00000000000 0.00000000000 0.00000000000 0.00000000000 0.00000000000 0.00000000000 0.00000000000 0.00000000000 0.00000000000 0.00000000000 0.00000000000 0.00000000000 0.00000000000 0.00000000000 0.00000000000 0.00000000000 0.00000000000 0.00000000000 0.00000000000 0.00000000000 0.00000000000 0.00000000000 0.00000000000 0.00000000000 0.00000000000 0.00000000000 0.00000000000 0.00000000000 0.00000000000 0.00000000000 0.00000000000 0.00000000000 0.00000000000 0.00000000000 0.00000000000 0.00000000000 0.00000000000 0.00000000000 0.00000000000 0.00000000000 0.00000000000 0.00000000000 0.00000000000 0.00000000000 0.00000000000 0.00000000000 0.00000000000 0.00000000000 0.00000000000 0.00000000000 0.00000000000 0.00000000000 0.00000000000 0.00000000000 0.00000000000 0.00000000000 0.00000000000 0.00000000000 0.00000000000 0.00000000000 0.00000000000 0.00000000000
# growth_alpha:
0.380000000000
# q_alpha:
 -0.260258543726
# q_beta[1]:
 0.0694679141309 0.00958565981199 -0.00916345255130
# mean_log_rec:
1.02422078546
# rec_dev:
 -0.108384170248 -0.368229062823 -0.774438412735 0.304324153784 -0.0575006545656 -0.334093861462 -0.386578139493 -0.928191741569 -0.278219658742 -0.942424767815 -1.03913621620 -0.723275890033 -0.658640126754 0.0938366441425 0.526233683618 0.564056321006 0.845159393725 0.952802228670 0.709969824188 0.342852943340 0.630705304658 0.797205346337 0.366363405219 0.580942780343 0.167298941592 -0.285887441893 0.382200556824 0.0874039284030 1.16840813946 -0.605549678300 0.936350007004 -0.164102836804 -0.417227744709 -0.0617158035481 0.265895999778 0.310802326433 -0.462304333714 -0.328051584155 0.468995940316 -0.0819499513064 -0.238497401039 -0.238536106450 0.668722601317 -0.202597583582 -0.372119953606 -0.159807606128 0.199915940920 -0.226537508256 0.0884101335860 0.0775500070502 0.555800469191 -0.330362150366 -0.155470532437 0.0352963212909 -0.0622410955860 0.0688240559373 0.363001766989 -0.749421665488 -1.48258778924 -0.167600134513 0.447252837747 0.387096304081 0.0103058945283 -0.0123024733540
# mean_log_init:
-0.604645247741
# init_dev_m:
 1.13217465330 0.327384958717 0.0714577582247 0.0124424441290 -0.0438803678052 -0.0559162115726 -0.0600599803602 -0.0650056271361 -0.0685702181962 -0.0712660654912 -0.0745461973776 -0.0773991783094 -0.0791734630612 -0.0799149279767 -0.0801909016631 -0.0803632766423 -0.0804992700257 -0.0805748194817 -0.0806237380143
# init_dev_f:
 0.532935866557 0.138784568640 0.0116446153877 -0.0182429283782 -0.0483327561958 -0.0583986736684 -0.0628715254224 -0.0681082252931 -0.0718275891190 -0.0746311599823 -0.0780554018299 -0.0810270537805 -0.0828652171261 -0.0836274124385 -0.0839084258262 -0.0840830240543 -0.0842201971373 -0.0842960203947 -0.0843448597674
# log_avg_fmort:
 -2.47461955125
# fmort_dev:
 -2.57383077710 -2.39156511929 -1.83265667081 -1.80520025043 -1.13996549932 0.414811441595 1.62832448106 2.50751079348 4.04984632220 1.30252870204 1.17464088500 1.05045675212 1.59746795058 1.92513457832 1.56230501654 2.04267075585 2.08986721139 2.30725831958 1.19266001282 1.52049998584 0.418815460336 0.276218961931 0.255907453242 -0.506277572917 0.162889027711 -0.388794847461 -0.283901055372 -0.522485815703 -0.799721524072 -0.773766702019 -0.332624905335 0.0551689328904 -0.0329017341213 -0.0530707786414 0.173104140002 -0.124729686526 -0.844232632180 -0.634949346316 -0.501927540724 -0.606226811690 -0.342765082893 -0.470778402010 -0.525335225979 -0.0269052165786 -0.430455845214 -0.766502946055 -0.629907351963 -0.916814830407 -0.756271140435 -0.900408254352 -0.973934645494 -0.796412413351 -0.769839350920 -0.484671640624 -0.245703609137 -0.636319342907 -0.516064679276 -0.249399524278 -0.249197129054 -0.112537661051 -0.0929338460193 -0.223305549286 -0.175873280567 -0.266920971358
# sel_slope_fsh_f:
 1.20175502588
# sel50_fsh_f:
 8.54987272055
# sel_slope_fsh_devs_f:
 -1.40080272049e-05 -1.42362177638e-05 -2.84766976293e-05 -5.05459073992e-05 -0.000151521207323 -0.00100182381684 -0.00438858024932 -0.000805849597874 0.127876624467 0.0169908999046 0.223269722589 0.399299871946 0.0614276908050 0.0525099898847 -0.215223678642 0.262663988240 0.354743838954 1.03955972520 0.945854302320 0.663981277869 0.220141565092 0.303009743746 -0.0523751947767 -0.479239247548 -0.0326676152932 -0.100830285393 -0.500568695245 -0.396827907222 -0.176289473159 -0.0144585065380 -0.0796362764832 -0.135383095944 0.207625115144 -0.156872430145 0.0725170652233 0.0701816262828 0.112456224085 -0.652650130375 -0.109751533640 -0.465564371087 0.108522245276 0.0271061666901 0.202829140915 -0.206581683587 -0.0414765430313 -0.102245184964 0.0458285952269 -0.148482773966 -0.0284588253090 -0.0480750601187 -0.110446282935 -0.282646308205 0.0765144735488 -0.259524750434 0.0364995315256 0.245479987748 -0.0718744251674 -0.0450887173333 -0.248964801341 0.0121183467630 -0.00226552586096 -0.224158163029 -0.200984206228 -0.292942095156
# sel50_fsh_devs_f:
 -0.000118614693246 -0.000123681475179 -0.000183321575989 -0.000169839990127 -0.000361239134326 -0.00228401210779 -0.0102957782165 -0.0262189991818 -0.0550362539312 -0.0253702671905 0.0338294441487 -0.0110920568571 0.207377215067 0.171270896576 0.263765157033 0.0237972257972 0.244944524737 -0.251009068587 0.187893323367 -0.140373433911 -0.220604187439 -0.0564861377532 0.0565205429242 -0.140433681453 -0.0860693737655 -0.0848883567072 0.0565059722697 -0.00806345793447 -0.103066918790 -0.191481949457 -0.0565679275947 -0.0208590692468 -0.104830852359 0.0780648148646 0.0268609883843 0.0912140893462 0.0233999798395 0.130332329426 -0.0431512586621 0.0776752686032 -0.0117459724576 -0.0796319476796 -0.0648632258315 0.0250799365704 -0.0109147538307 0.0836877746562 0.0364254691062 0.0253146407964 0.0911117880607 -0.00673350677024 0.00386470835760 -0.0206596400696 -0.154270448497 0.0267243326330 -0.123713648963 -0.0965376371316 -0.0632807301914 -0.0449410949226 0.0186483947344 0.0286031439829 0.0611625561806 0.140639483242 0.0632254409317 0.0384925746193
# sel_slope_fsh_m:
 1.33809649622
# male_sel_offset:
0.00000000000
# sel_slope_fsh_devs_m:
 1.39858560830e-05 8.06990621074e-05 0.000386892674744 0.000848224893591 0.00284570195945 0.0167902344497 0.0560505454831 0.112741279235 0.201354248987 -0.0832188461213 1.16027368359 0.139825953686 0.206111288666 0.355152237749 0.361977216341 0.174955197519 0.738473383374 0.370312724893 0.479499134335 0.133018437821 0.0854794667424 0.328647179049 -0.149660043548 0.0983019121583 -0.258438148440 -0.173044046095 -0.807576328239 -0.658098684521 -0.255613243487 -0.0920061394231 0.00745599747650 0.0699662558200 0.211749393722 0.285174475335 0.258833722886 0.148504160994 -0.0673540953976 -0.473053628946 -0.0340347669223 -0.630779243009 -0.347070825961 -0.225998525560 -0.0838647561151 0.391303437905 -0.323474314961 -0.392567071939 -0.138492885783 -0.191677894715 0.0331236089743 0.162696504518 -0.135141249976 -0.218401567870 0.0860359509120 0.00905262136530 -0.0653847073967 -0.200805574941 0.0278003156909 -0.174317326013 0.0660191933807 -0.0601311557480 -0.0268107088765 -0.237048158747 -0.218435218175 -0.0583549721329
# sel50_fsh_m:
 8.42415568350
# sel50_fsh_devs_m:
 -6.90405737185e-05 -2.87581522755e-05 0.000211866546806 0.000873489957726 0.00424599318249 0.0362184820175 0.140336609303 0.278376748166 0.465187707406 -0.143383325750 -0.795416068561 0.182355143584 0.00182136482143 -0.113027263803 -0.0477752786069 0.107644405221 -0.211072637283 0.347485494795 -0.154845812767 0.111278124990 0.184404081572 -0.142704944352 0.0787336129186 -0.0333448067290 -0.0167173147002 -0.0706517987076 0.247975781205 0.0540071534315 -0.181842427651 -0.196041876428 -0.103249729691 -0.111152033717 -0.127691241054 -0.0590848947543 -0.0375407634986 0.0639319092280 0.0415033755961 -0.108741115375 -0.0626298374463 0.159203782262 0.119616237947 -0.00541510539012 -0.0518885268118 -0.0897197203430 0.119158220665 0.255316736809 0.0989207840293 0.0987008765357 0.0902105557856 -0.0357824030257 0.0297674746360 -0.0352790750951 -0.0937820541868 -0.105598501372 -0.0854283864095 0.0246416888053 -0.0999914459841 -0.0451658009183 -0.110478950740 -0.0285531302086 0.00789708413167 0.115705539207 0.0601812516934 -0.0218174577248
# sel_slope_srv:
 1.60565604446
# sel50_srv:
 4.99224324222
# sel_slope_srv_m:
 0.00000000000
# sel50_srv_m:
 0.00000000000
# F40:
 0.120000000000
# F35:
 0.160000000000
# F30:
 0.210000000000
# R_logalpha:
-4.30791765077
# R_logbeta:
-6.57530661782
# sigmaR:
0.600000000000
# wt_fsh_fut_f:
 6.00000000000 8.00000000000 20.0000000000 31.0000000000 55.0000000000 133.000000000 170.000000000 217.000000000 277.000000000 362.000000000 368.000000000 450.000000000 470.000000000 461.000000000 437.000000000 472.000000000 530.000000000 529.000000000 574.000000000 545.000000000
# wt_fsh_fut_m:
 0.00000000000 4.00000000000 15.0000000000 34.0000000000 60.0000000000 134.000000000 178.000000000 210.000000000 246.000000000 307.000000000 343.000000000 358.000000000 365.000000000 376.000000000 380.000000000 395.000000000 417.000000000 429.000000000 414.000000000 429.000000000
# wt_pop_fut_f:
 6.00000000000 9.00000000000 19.0000000000 51.0000000000 69.0000000000 118.000000000 143.000000000 187.000000000 273.000000000 366.000000000 382.000000000 436.000000000 536.000000000 503.000000000 553.000000000 647.000000000 601.000000000 701.000000000 585.000000000 824.000000000
# wt_pop_fut_m:
 4.00000000000 8.00000000000 21.0000000000 46.0000000000 76.0000000000 102.000000000 110.000000000 170.000000000 247.000000000 311.000000000 347.000000000 367.000000000 404.000000000 380.000000000 466.000000000 483.000000000 614.000000000 577.000000000 496.000000000 573.000000000
# log_msy_sel_f:
 -7.84403793672 -6.89809736661 -5.95325006465 -5.01116751013 -4.07603348516 -3.15806271505 -2.28069828032 -1.49054758851 -0.855698518082 -0.427009023580 -0.189563116768 -0.0781762052251 -0.0310852447006 -0.0121736242624 -0.00474129345798 -0.00184388324063 -0.000717177026602 -0.000717171532088 -0.000717184840582 -0.000717172461551
# log_msy_sel_m:
 -8.87250904853 -7.74165006003 -6.61141605245 -5.48313791046 -4.36100133321 -3.25796115974 -2.21127532840 -1.30583487195 -0.651202840261 -0.276573103617 -0.104584336688 -0.0371741070515 -0.0128827096118 -0.00442746306475 -0.00151881702795 -0.000521207980520 -0.000179036250473 -0.000179031617613 -0.000179035395127 -0.000179044613374
# rec_dev_future:
 0.00000000000 0.00000000000 0.00000000000 0.00000000000 0.00000000000 0.00000000000 0.00000000000 0.00000000000 0.00000000000 0.00000000000
