# Number of parameters = 488 Objective function value = 1478.76336217761  Maximum gradient component = 3.13389255468778e-05
# ln_q_srv:
 -0.0717680000000000
# natmort_f:
0.120000000000
# natmort_m:
0.124930779278
# Linf_f:
38.0340000000
# K_f:
0.137000000000
# t0_f:
0.297000000000
# Linf_m:
34.0300000000
# K_m:
0.161000000000
# t0_m:
0.515000000000
# age_incr:
 0.00000000000 0.00000000000 0.00000000000 0.00000000000 0.00000000000 0.00000000000 0.00000000000 0.00000000000 0.00000000000 0.00000000000 0.00000000000
# yr_incr:
 0.00000000000 0.00000000000 0.00000000000 0.00000000000 0.00000000000 0.00000000000 0.00000000000 0.00000000000 0.00000000000 0.00000000000 0.00000000000 0.00000000000 0.00000000000 0.00000000000 0.00000000000 0.00000000000 0.00000000000 0.00000000000 0.00000000000 0.00000000000 0.00000000000 0.00000000000 0.00000000000 0.00000000000 0.00000000000 0.00000000000 0.00000000000 0.00000000000 0.00000000000 0.00000000000 0.00000000000 0.00000000000 0.00000000000 0.00000000000 0.00000000000 0.00000000000 0.00000000000 0.00000000000 0.00000000000 0.00000000000 0.00000000000 0.00000000000 0.00000000000 0.00000000000 0.00000000000 0.00000000000 0.00000000000 0.00000000000 0.00000000000 0.00000000000 0.00000000000 0.00000000000 0.00000000000 0.00000000000 0.00000000000 0.00000000000 0.00000000000 0.00000000000 0.00000000000 0.00000000000 0.00000000000 0.00000000000 0.00000000000
# growth_alpha:
0.380000000000
# q_alpha:
 -0.0233902883112
# q_beta[1]:
 0.0631115271032 0.00629825017409 -0.00470449047739
# mean_log_rec:
0.954290742153
# rec_dev:
 -0.196468532050 -0.537803409712 -0.941758889623 0.241252887129 -0.0740053004831 -0.342484311863 -0.403095016876 -0.936872860838 -0.290378704575 -0.920233336683 -0.990966536587 -0.713977706882 -0.702359985234 0.0541683970158 0.476063532918 0.543124244252 0.799921386612 0.898393952093 0.644768203599 0.277285272083 0.576901516988 0.716079763902 0.308409690440 0.529907837092 0.147496916073 -0.297799531263 0.374366185148 0.138612477641 1.15130627409 -0.628635769282 0.901515024046 -0.210437325024 -0.475993157722 -0.0924355986674 0.243533619170 0.300911214474 -0.437790567635 -0.317756991895 0.491455432959 -0.0398248219067 -0.221902958209 -0.264209389336 0.627748247476 -0.216771779033 -0.364685227313 -0.146996711890 0.193023282129 -0.227218280829 0.129057580632 0.149165235299 0.625824454736 -0.306073258039 -0.124716752771 0.0760520831700 0.0313060150413 0.177808264986 0.431222700783 -0.696058104847 -1.32102609018 -0.164250777158 0.428649589471 0.682863546469 0.231688180840 0.00510455405622
# mean_log_init:
-0.622919453537
# init_dev_m:
 1.04079163293 0.280135977190 0.0470337855259 0.0120770520430 -0.0395448574163 -0.0511306859829 -0.0548877873699 -0.0595846012164 -0.0629360309362 -0.0653545034991 -0.0683917776107 -0.0708584298523 -0.0724174812018 -0.0730900666708 -0.0733399358680 -0.0734959782607 -0.0736188795109 -0.0736874650220 -0.0737323256747
# init_dev_f:
 0.495402358730 0.120151643861 0.00373050363934 -0.0144217126046 -0.0420440844884 -0.0513867489290 -0.0554264359080 -0.0602572730083 -0.0636510788533 -0.0660970660491 -0.0691687378481 -0.0716612128283 -0.0732343698386 -0.0739117219847 -0.0741627604714 -0.0743193123572 -0.0744425039382 -0.0745111620854 -0.0745560158593
# log_avg_fmort:
 -2.45581647088
# fmort_dev:
 -2.58675027999 -2.41161034593 -1.85978267689 -1.83931163989 -1.18091974336 0.365363535227 1.56143114980 2.40344074856 4.04367750767 1.38860550519 1.16599439242 0.987523079767 1.61249352324 1.90958356588 1.66437154678 2.06685668994 2.16614404060 1.95767907157 1.33445769262 1.64845820856 0.473289052740 0.314828196390 0.318392447633 -0.495522351573 0.208416219431 -0.342853351564 -0.211442366417 -0.463524210940 -0.754738715146 -0.721898528159 -0.289053547406 0.0967317720219 0.0237590207248 -0.0109906597763 0.223399673983 -0.0753508633168 -0.797838840593 -0.623775381378 -0.483818040077 -0.574606652254 -0.310226454089 -0.455319563085 -0.511009068225 -0.0386205686310 -0.413097012912 -0.748050686056 -0.626952545147 -0.924561065621 -0.780254885568 -0.925061875858 -0.996102537289 -0.820491000834 -0.786605411717 -0.519042615607 -0.269954685800 -0.644472510035 -0.549761073472 -0.285523792512 -0.327465627059 -0.180040883264 -0.165693087170 -0.295212401935 -0.268041826554 -0.369547218665
# sel_slope_fsh_f:
 1.31766717598
# sel50_fsh_f:
 8.32283569474
# sel_slope_fsh_devs_f:
 -1.00775725018e-05 -9.47111781713e-06 -1.75887228302e-05 -2.59420738775e-05 -8.43312307062e-05 -0.000717040594981 -0.00333701252456 -0.00528927213776 0.00380489302949 -0.0538309760530 1.17640803920 0.0815176700153 0.0583028709093 0.210118519174 -0.0436463480854 0.313871139790 0.348088887393 0.841080858826 1.05270541835 0.576827131277 0.139229003322 0.249459117872 -0.127433790317 -0.502556052884 -0.101758018018 -0.147827853179 -0.557257896625 -0.424267715109 -0.191448986288 0.0155004206869 -0.0668899309141 -0.108083029965 0.194733149598 -0.128110273096 0.0774894339909 0.0540322957369 0.0463679334851 -0.691686143089 -0.146092465749 -0.508329950611 0.0962821964399 0.0659423256873 0.206533479524 -0.205944085213 -0.0840344920233 -0.139971954145 0.00127366516832 -0.194761837150 -0.0351947874043 -0.0693298627042 -0.116812405210 -0.269932428155 0.0715799561915 -0.249273532720 0.0195459590089 0.208163644713 -0.0830234443876 -0.0625990397668 -0.195262454536 0.0287266321440 0.0449728975471 -0.215642476954 -0.163710096887 -0.288354425833
# sel50_fsh_devs_f:
 -9.42782009012e-05 -9.62974194838e-05 -0.000138117406225 -0.000121925750610 -0.000250526899608 -0.00158011756007 -0.00714456854243 -0.0160056079855 0.0280306316231 -0.0399541187506 -0.785810277810 0.236069463161 0.233976416424 0.221402325829 0.367752629736 0.0997170039662 0.290393912643 -0.203342691404 0.216455312591 -0.113422125269 -0.195465876779 -0.0388421639539 0.0774513927935 -0.159632111471 -0.0728703419391 -0.0795719860598 0.0638383151879 -0.0102683102070 -0.106517075333 -0.197131215119 -0.0651866795889 -0.0374896318274 -0.0959575847787 0.0709839572354 0.0368414996675 0.105462945264 0.0435109766046 0.125727303179 -0.0389750242486 0.0802239095096 -0.00282465017915 -0.0791553136126 -0.0530044916207 0.0214945752864 0.00392540742530 0.0976735593417 0.0515092703373 0.0307166645007 0.0907270117185 -0.00532796118986 0.00105413756679 -0.0362673229407 -0.153028998414 0.0135457987281 -0.119790716832 -0.0807770300609 -0.0610707662103 -0.0430209594486 -0.00819864793026 0.0239389444902 0.0546336442565 0.136647086836 0.0555299178094 0.0291015037706
# sel_slope_fsh_m:
 1.21925523338
# male_sel_offset:
0.00000000000
# sel_slope_fsh_devs_m:
 1.78461163571e-05 8.40378243394e-05 0.000368004765114 0.000759382753074 0.00245051433761 0.0142585738835 0.0473674122089 0.103316896268 0.212861651881 0.0520098785035 0.366614494045 0.420506714686 0.179691235540 0.257911555882 0.263295194408 0.240213867579 0.701812504968 0.670168376132 0.596940877760 0.0575968927825 -0.0406750748444 0.387474499130 -0.0952314093278 0.157390820806 -0.207867045170 -0.140464919563 -0.776332371368 -0.650824114311 -0.228794127569 -0.0945699941620 0.0336506427486 0.113821821060 0.249949959357 0.315916796729 0.283626056360 0.132969284263 -0.0846170194284 -0.428268620476 -0.0115053460602 -0.634155601002 -0.380312346434 -0.240605055503 -0.127170354633 0.443318190715 -0.374411829746 -0.423197025425 -0.170106267351 -0.191601403225 0.0335726445790 0.176289801297 -0.116925406941 -0.210099439609 0.104622835623 0.0667628500164 -0.0427466110833 -0.231283371448 -0.0154220819380 -0.212514210588 0.0925882706795 -0.0317819337478 -0.0275084786351 -0.296319729762 -0.216406784210 -0.0784825845012
# sel50_fsh_m:
 8.61079768540
# sel50_fsh_devs_m:
 -7.19541515455e-05 -3.42565033620e-05 0.000163231642873 0.000685614399254 0.00327583647469 0.0281648486285 0.116047876746 0.245488884104 0.442356289932 -0.100235360425 -0.0231773381513 -0.0348472741532 0.0187536410721 -0.103212103130 -0.0390546142470 0.00944917783762 -0.203280126636 -0.211083572352 -0.171892171384 0.215791472676 0.165004661955 -0.158152348802 0.0717956046402 -0.0524640077032 -0.0276051171729 -0.0762312553639 0.261902583264 0.0714337655012 -0.180888768085 -0.189438146275 -0.105747741209 -0.116106326249 -0.130760953714 -0.0655103728165 -0.0448279275599 0.0638750079294 0.0449956415943 -0.114907417954 -0.0685448664517 0.177788609806 0.135694895337 0.000301662577471 -0.0398399488218 -0.106602436791 0.142903975412 0.273738496817 0.106624671090 0.101300547985 0.0853324760750 -0.0509238197666 0.0213189939387 -0.0349244576331 -0.101674910301 -0.118135055086 -0.0831545710705 0.0425777038157 -0.0908656239141 -0.0293941343700 -0.121941899199 -0.0337257752048 0.00859286029448 0.135565934700 0.0627291820649 -0.0243974713949
# sel_slope_srv:
 1.64716771150
# sel50_srv:
 4.72385089023
# sel_slope_srv_m:
 0.00000000000
# sel50_srv_m:
 0.00000000000
# F40:
 0.120000000000
# F35:
 0.160000000000
# F30:
 0.210000000000
# R_logalpha:
-4.27903820692
# R_logbeta:
-6.47085759325
# sigmaR:
0.600000000000
# wt_fsh_fut_f:
 6.00000000000 8.00000000000 20.0000000000 31.0000000000 55.0000000000 133.000000000 170.000000000 217.000000000 277.000000000 362.000000000 368.000000000 450.000000000 470.000000000 461.000000000 437.000000000 472.000000000 530.000000000 529.000000000 574.000000000 545.000000000
# wt_fsh_fut_m:
 0.00000000000 4.00000000000 15.0000000000 34.0000000000 60.0000000000 134.000000000 178.000000000 210.000000000 246.000000000 307.000000000 343.000000000 358.000000000 365.000000000 376.000000000 380.000000000 395.000000000 417.000000000 429.000000000 414.000000000 429.000000000
# wt_pop_fut_f:
 6.00000000000 9.00000000000 19.0000000000 51.0000000000 69.0000000000 118.000000000 143.000000000 187.000000000 273.000000000 366.000000000 382.000000000 436.000000000 536.000000000 503.000000000 553.000000000 647.000000000 601.000000000 701.000000000 585.000000000 824.000000000
# wt_pop_fut_m:
 4.00000000000 8.00000000000 21.0000000000 46.0000000000 76.0000000000 102.000000000 110.000000000 170.000000000 247.000000000 311.000000000 347.000000000 367.000000000 404.000000000 380.000000000 466.000000000 483.000000000 614.000000000 577.000000000 496.000000000 573.000000000
# log_msy_sel_f:
 -8.42358020348 -7.36796911680 -6.31325972052 -5.26107425721 -4.21592244435 -3.19003797182 -2.21437986882 -1.35459698942 -0.703565834679 -0.309460697040 -0.120368390011 -0.0438381621649 -0.0155398005678 -0.00545951345994 -0.00191444544470 -0.000671775657886 -0.000236097981439 -0.000236097617288 -0.000236097517558 -0.000236097243813
# log_msy_sel_m:
 -8.13345025659 -7.12869173784 -6.12481717000 -5.12339155036 -4.12876075264 -3.15275869361 -2.22537130150 -1.40863044609 -0.783068732166 -0.383675598051 -0.169969251945 -0.0705715723209 -0.0283404673045 -0.0112230980642 -0.00442454775385 -0.00174356887291 -0.000687862111789 -0.000687862220697 -0.000687862302113 -0.000687862705872
# rec_dev_future:
 0.00000000000 0.00000000000 0.00000000000 0.00000000000 0.00000000000 0.00000000000 0.00000000000 0.00000000000 0.00000000000 0.00000000000
