# Number of parameters = 512 Objective function value = 1631.89434263791  Maximum gradient component = 0.000684049547286786
# ln_q_srv:
 -0.0717680000000000
# natmort_f:
0.120000000000
# natmort_m:
0.125090785281
# Linf_f:
38.0340000000
# K_f:
0.137000000000
# t0_f:
0.297000000000
# Linf_m:
34.0300000000
# K_m:
0.161000000000
# t0_m:
0.515000000000
# age_incr:
 0.00000000000 0.00000000000 0.00000000000 0.00000000000 0.00000000000 0.00000000000 0.00000000000 0.00000000000 0.00000000000 0.00000000000 0.00000000000
# yr_incr:
 0.00000000000 0.00000000000 0.00000000000 0.00000000000 0.00000000000 0.00000000000 0.00000000000 0.00000000000 0.00000000000 0.00000000000 0.00000000000 0.00000000000 0.00000000000 0.00000000000 0.00000000000 0.00000000000 0.00000000000 0.00000000000 0.00000000000 0.00000000000 0.00000000000 0.00000000000 0.00000000000 0.00000000000 0.00000000000 0.00000000000 0.00000000000 0.00000000000 0.00000000000 0.00000000000 0.00000000000 0.00000000000 0.00000000000 0.00000000000 0.00000000000 0.00000000000 0.00000000000 0.00000000000 0.00000000000 0.00000000000 0.00000000000 0.00000000000 0.00000000000 0.00000000000 0.00000000000 0.00000000000 0.00000000000 0.00000000000 0.00000000000 0.00000000000 0.00000000000 0.00000000000 0.00000000000 0.00000000000 0.00000000000 0.00000000000 0.00000000000 0.00000000000 0.00000000000 0.00000000000 0.00000000000 0.00000000000 0.00000000000 0.00000000000 0.00000000000 0.00000000000 0.00000000000
# growth_alpha:
0.380000000000
# q_alpha:
 -0.00943575063866
# q_beta[1]:
 0.0548583234700 0.0104580731765 -0.00296170535437
# mean_log_rec:
0.953623742919
# rec_dev:
 0.0466103071193 -0.247588502683 -0.608517926462 0.456027232790 0.0108881237589 -0.309404140001 -0.390772862756 -0.932314751276 -0.286819218034 -0.924677189024 -1.00115227494 -0.733649928722 -0.704829473132 0.0452503705258 0.474494984047 0.539988078775 0.796984590443 0.895421445668 0.641942334979 0.274436034772 0.573309589272 0.708946517586 0.297720113815 0.518078208995 0.136602340631 -0.308410671274 0.363698985325 0.128520476867 1.14125050899 -0.639919368681 0.891439271547 -0.220960097740 -0.486977916158 -0.101994510624 0.235195946544 0.293400890302 -0.444869729845 -0.324267876533 0.485972196470 -0.0446563751693 -0.226439835553 -0.269506443790 0.621403645655 -0.224191145210 -0.373568297013 -0.158544546839 0.169309322855 -0.244892459033 0.0841972195231 0.0795035450499 0.510384085235 -0.361469687512 -0.270221714350 -0.145948856650 -0.179687832075 -0.0160567161630 0.290641316824 -0.709270816855 -1.46637948405 -0.664189489858 -0.639974289517 -0.00771097076113 0.285932774283 1.09369505021 0.227583598245 1.38031674950 -0.0196125167052 -0.00969790475242
# mean_log_init:
-0.749025924204
# init_dev_m:
 1.30234785094 0.450416362773 0.0719914330563 -0.0324395350774 -0.0774087009782 -0.0932040050592 -0.100545354728 -0.109221853731 -0.115358630115 -0.119862049443 -0.123831930376 -0.130291972857 -0.133555865895 -0.134887905342 -0.135398151454 -0.135720854866 -0.135976177540 -0.136118965724 -0.136212404697
# init_dev_f:
 1.35871462346 0.464545596268 0.0739742412130 -0.0337724524083 -0.0785114031155 -0.0941964854778 -0.101656694430 -0.110463040077 -0.116679868696 -0.121228835229 -0.125236988250 -0.131764067228 -0.135056814974 -0.136397761586 -0.136910118602 -0.137233707052 -0.137489416399 -0.137632292440 -0.137725599174
# log_avg_fmort:
 -2.44460887500
# fmort_dev:
 -2.41650281682 -2.24014494156 -1.68678523532 -1.66508078721 -1.00619745159 0.554549202795 1.86029364363 3.84861365962 2.45108332047 1.33331233061 1.15710268703 1.03449040923 1.60863547597 1.88717373149 1.62022803949 2.04962987481 2.14450937864 1.96402238161 1.31153202143 1.60884478900 0.457209913843 0.318056789492 0.300026036749 -0.507097683201 0.194531681480 -0.354132158973 -0.238446152752 -0.477053619016 -0.764025718345 -0.729927582850 -0.295904229725 0.0905636022949 0.0187525815867 -0.0149312035538 0.221580545174 -0.0766016831866 -0.798080532764 -0.625008935429 -0.484320920307 -0.576165617435 -0.312249472753 -0.456560890986 -0.512174474333 -0.0397799332304 -0.414651326608 -0.747656594440 -0.626800694551 -0.924057438410 -0.779882509676 -0.925371102721 -0.996979922546 -0.822443248718 -0.788488740711 -0.520892179004 -0.273948668924 -0.647762377587 -0.555337909974 -0.295866024249 -0.318343400624 -0.159037523408 -0.137711808929 -0.287924801604 -0.207846305546 -0.255084378674 -0.262101682807 -0.236784956587 -0.145777257360 -0.426818787629
# sel_slope_fsh_f:
 1.33537686710
# sel50_fsh_f:
 8.27085040009
# sel_slope_fsh_devs_f:
 7.41276558802e-06 8.20279356128e-05 0.000427027108056 0.000995976400096 0.00338327763887 0.0190272478515 0.0692237767195 0.197250037598 -0.116310146458 -0.0325008862043 1.16775116765 0.416980620357 0.111163587477 0.199445035476 -0.0235679910371 0.295814808231 0.338574707596 0.917761380475 1.03139496233 0.0865850927451 0.126445365267 0.205583318048 -0.163158462070 -0.516087873421 -0.108527443419 -0.156633356975 -0.558083894215 -0.430216003377 -0.198678366587 0.0129053347017 -0.0725843352875 -0.114412293941 0.187253162207 -0.133137850120 0.0726234949586 0.0487119806663 0.0368870861529 -0.699653719919 -0.155862523029 -0.517244051581 0.0907451861514 0.0596615235207 0.198858619643 -0.217045976143 -0.0931229503529 -0.150165165947 -0.00888235794826 -0.206992251816 -0.0474755340208 -0.0805139343444 -0.129738520559 -0.286901918378 0.0585672409433 -0.270823851157 -0.00442960761572 0.190516496038 -0.0797388234635 -0.0283623126067 -0.146905851657 0.0364626657256 0.0725474104204 -0.147627958046 -0.00159537290822 -0.271576950588 -0.0979435574782 -0.159773065781 0.159533081246 0.0131032274494
# sel50_fsh_devs_f:
 -0.000188834684277 -0.000146728455420 6.00249220621e-05 0.000827804913007 0.00470360751369 0.0409491175472 0.161978661813 0.383631040706 -0.227665032008 -0.0859759845729 -0.779619443458 -0.0111782268678 0.255237259598 0.234919556797 0.374260825952 0.104570537318 0.295293035380 -0.228001467182 0.220928393457 0.138479472663 -0.194323075948 -0.0258378148255 0.0880145277850 -0.154531367762 -0.0689262295498 -0.0749987874418 0.0619042119566 -0.00767719394439 -0.102791999303 -0.193661221698 -0.0610401878339 -0.0329271111358 -0.0904117744478 0.0755682763075 0.0422205144401 0.110881764631 0.0496977447799 0.131033783679 -0.0323647265628 0.0858370518707 0.00270160866511 -0.0729825034377 -0.0465029290390 0.0292114120310 0.0105002815035 0.104427092604 0.0586041854317 0.0379990991713 0.0978748702788 0.00168986100043 0.00787724593184 -0.0300183651810 -0.148398843322 0.0192081710575 -0.117560568414 -0.0815688913680 -0.0729212299049 -0.0641716025711 -0.0356450961288 0.00983908185806 0.0343951175713 0.0991784126660 0.0181430181988 0.0151706904268 -0.0252324557548 -0.0542537129634 -0.151249183613 -0.135044695192
# sel_slope_fsh_m:
 1.25463261091
# male_sel_offset:
0.00000000000
# sel_slope_fsh_devs_m:
 5.44330003205e-06 8.09632562770e-05 0.000413317193596 0.000925365981448 0.00307162681632 0.0176220938918 0.0648697445088 0.199441367736 0.0524849491321 0.0190642261789 0.294379844080 0.0652361081561 0.129242135302 0.237957452762 0.255729801025 0.221615478798 0.685406848634 0.537356484226 0.528152263919 0.682575340485 0.114133038395 0.367821453366 -0.0864671818496 0.139112042672 -0.227708332481 -0.160204004061 -0.787800310669 -0.668661003671 -0.244139713204 -0.103526120563 0.0189403774989 0.0965023487651 0.233701887901 0.301367552035 0.269311916698 0.119821131066 -0.100906142477 -0.449679864265 -0.0294754408981 -0.650720984923 -0.392008700537 -0.245043539652 -0.130091655494 0.427565611332 -0.379842002532 -0.433383846086 -0.180962513736 -0.208535787871 0.0185578372135 0.169032792155 -0.131354811524 -0.225848547971 0.0914272433572 0.0463371766875 -0.0575232202612 -0.240271453345 0.0226745135256 -0.153899285436 0.133181231975 0.0126469963734 0.0981617653267 -0.0433766221120 -0.0793196232107 -0.0347147642602 -0.0354936962692 -0.0536316092505 -0.0291730234732 -0.112164326694
# sel50_fsh_m:
 8.43040758666
# sel50_fsh_devs_m:
 -0.000169362183655 -0.000129714963679 5.93135041669e-05 0.000723123362130 0.00397883883339 0.0348930767710 0.145970122905 0.369361492032 -0.202830992553 -0.0757098653746 0.00820547559771 0.193844800281 0.0429443462405 -0.0844525794711 -0.0245492812115 0.0305321534012 -0.184598407993 -0.138108958556 -0.142380387277 -0.132374615287 0.247110989318 -0.136365171328 0.0836843388662 -0.0329764954647 -0.00889458413783 -0.0573424301239 0.273121130414 0.0873092606314 -0.164651840958 -0.173746612099 -0.0874364144406 -0.0970089214848 -0.111300536256 -0.0459369514776 -0.0247102521119 0.0832805184895 0.0646437838155 -0.0956608187052 -0.0485895402823 0.195381945091 0.152752214796 0.0161237105862 -0.0239529261410 -0.0862403129982 0.158346188754 0.290896042190 0.124753579972 0.120391648700 0.104453216197 -0.0316594937207 0.0397989538100 -0.0192213954393 -0.0857416527275 -0.103774382517 -0.0744222671222 0.0483531366541 -0.0979426221248 -0.0532381748026 -0.134778019035 -0.0531995251368 -0.0230052513381 0.0683460804250 0.0336549149452 -0.0211870257197 0.00701560048186 -0.0311924740641 -0.0623785041260 -0.0580709452691
# sel_slope_srv:
 1.65940163597
# sel50_srv:
 4.63374031702
# sel_slope_srv_m:
 0.00000000000
# sel50_srv_m:
 0.00000000000
# F40:
 0.120000000000
# F35:
 0.160000000000
# F30:
 0.210000000000
# R_logalpha:
-4.25496829197
# R_logbeta:
-6.38608598930
# sigmaR:
0.600000000000
# wt_fsh_fut_f:
 6.00000000000 8.00000000000 19.0000000000 35.0000000000 192.000000000 220.000000000 278.000000000 286.000000000 317.000000000 378.000000000 395.000000000 425.000000000 449.000000000 484.000000000 525.000000000 501.000000000 531.000000000 561.000000000 607.000000000 606.000000000
# wt_fsh_fut_m:
 0.00000000000 8.00000000000 20.0000000000 35.0000000000 186.000000000 218.000000000 252.000000000 236.000000000 292.000000000 310.000000000 327.000000000 357.000000000 374.000000000 396.000000000 371.000000000 408.000000000 370.000000000 428.000000000 503.000000000 473.000000000
# wt_pop_fut_f:
 6.00000000000 6.00000000000 21.0000000000 43.0000000000 103.000000000 188.000000000 248.000000000 321.000000000 365.000000000 453.000000000 438.000000000 478.000000000 540.000000000 564.000000000 592.000000000 637.000000000 602.000000000 635.000000000 650.000000000 667.000000000
# wt_pop_fut_m:
 4.00000000000 8.00000000000 24.0000000000 59.0000000000 110.000000000 180.000000000 232.000000000 250.000000000 267.000000000 332.000000000 331.000000000 374.000000000 420.000000000 428.000000000 435.000000000 455.000000000 462.000000000 449.000000000 431.000000000 448.000000000
# log_msy_sel_f:
 -8.59107025039 -7.23915435962 -5.88879853448 -4.54427874890 -3.22180760706 -1.97931287420 -0.972372479159 -0.375180076154 -0.124199172375 -0.0384999907246 -0.0117210192265 -0.00357436403917 -0.00109820323644 -0.000340130012661 -0.000106089356792 -3.32731492800e-05 -1.04845086708e-05 -1.04777796922e-05 -1.05004926697e-05 -1.04768347650e-05
# log_msy_sel_m:
 -8.25387602974 -7.07808512101 -5.90363146315 -4.73346073235 -3.57686901290 -2.46184248754 -1.46136658963 -0.704786416820 -0.274932923338 -0.0933850071414 -0.0298534851519 -0.00934958608262 -0.00291181151834 -0.000906266961034 -0.000282308679242 -8.80810611183e-05 -2.74936721440e-05 -2.75375451622e-05 -2.74905415936e-05 -2.75478809197e-05
# rec_dev_future:
 0.00000000000 0.00000000000 0.00000000000 0.00000000000 0.00000000000 0.00000000000 0.00000000000 0.00000000000 0.00000000000 0.00000000000
