# Number of parameters = 501 Objective function value = 1427.30068208307  Maximum gradient component = 0.000360116661309262
# ln_q_srv:
 -0.0717680000000000
# natmort_f:
0.120000000000
# natmort_m:
0.120000000000
# Linf_f:
38.0340000000
# K_f:
0.137000000000
# t0_f:
0.297000000000
# Linf_m:
34.0300000000
# K_m:
0.161000000000
# t0_m:
0.515000000000
# age_incr:
 0.00000000000 0.00000000000 0.00000000000 0.00000000000 0.00000000000 0.00000000000 0.00000000000 0.00000000000 0.00000000000 0.00000000000 0.00000000000
# yr_incr:
 0.00000000000 0.00000000000 0.00000000000 0.00000000000 0.00000000000 0.00000000000 0.00000000000 0.00000000000 0.00000000000 0.00000000000 0.00000000000 0.00000000000 0.00000000000 0.00000000000 0.00000000000 0.00000000000 0.00000000000 0.00000000000 0.00000000000 0.00000000000 0.00000000000 0.00000000000 0.00000000000 0.00000000000 0.00000000000 0.00000000000 0.00000000000 0.00000000000 0.00000000000 0.00000000000 0.00000000000 0.00000000000 0.00000000000 0.00000000000 0.00000000000 0.00000000000 0.00000000000 0.00000000000 0.00000000000 0.00000000000 0.00000000000 0.00000000000 0.00000000000 0.00000000000 0.00000000000 0.00000000000 0.00000000000 0.00000000000 0.00000000000 0.00000000000 0.00000000000 0.00000000000 0.00000000000 0.00000000000 0.00000000000 0.00000000000 0.00000000000 0.00000000000 0.00000000000 0.00000000000 0.00000000000 0.00000000000 0.00000000000 0.00000000000 0.00000000000
# growth_alpha:
0.380000000000
# q_alpha:
 -0.138846918214
# q_beta[1]:
 0.0582112528606 0.0117759942974 -0.0102417880466
# mean_log_rec:
0.888468405310
# rec_dev:
 -0.177541123372 -0.382954222402 -0.531734761881 0.786622370441 0.377678339507 -0.0646781489405 -0.246931739030 -0.851570715187 -0.227640684562 -0.930018436029 -1.00170913244 -0.700747404422 -0.698526632111 0.0430562147555 0.469861666562 0.494978134881 0.771977724834 0.877836312544 0.637354808136 0.270194919384 0.566425442864 0.727373732829 0.308511553032 0.538917256014 0.115842699137 -0.331925511335 0.328133471425 0.0351595370004 1.09903442390 -0.587494856559 0.910305377113 -0.151178192429 -0.414906382535 -0.102763691909 0.212841879233 0.213362119143 -0.479770509453 -0.362286957134 0.435700367851 -0.0800779187955 -0.249646338027 -0.243225978234 0.659421077454 -0.179619805950 -0.365994834166 -0.162832072663 0.174235111752 -0.260567323799 0.0435806064204 0.00717468631611 0.451228939502 -0.363457041649 -0.229986192308 -0.0121819082621 -0.0876041785991 0.0666620050936 0.421366853711 -0.654311946626 -1.28327214482 -0.322260877604 0.0878435967113 0.483925148494 0.235535923852 -0.102866353676 -0.00980367981986 -5.44418577757e-05
# mean_log_init:
-0.775234148508
# init_dev_m:
 0.522337853433 0.129808766542 0.00107689020937 -0.0139363397381 -0.0466069130453 -0.0551274795949 -0.0590045484495 -0.0629969706821 -0.0663415336198 -0.0691489904955 -0.0722996705826 -0.0754840367334 -0.0774728432431 -0.0783058411423 -0.0786127698199 -0.0788044571876 -0.0789555104101 -0.0790398691403 -0.0790951161392
# init_dev_f:
 1.10493272676 0.304156881099 0.0456719616212 0.0183884940709 -0.0439045075794 -0.0553548976569 -0.0590970658389 -0.0630383161892 -0.0663658503193 -0.0691670767633 -0.0723162635637 -0.0755000547744 -0.0774886555792 -0.0783216165253 -0.0786285405739 -0.0788202102008 -0.0789712508781 -0.0790556179820 -0.0791108538316
# log_avg_fmort:
 -2.37544928225
# fmort_dev:
 -2.51571139492 -2.34151192861 -1.79022173867 -1.77002919043 -1.11124696463 0.444201032628 1.68718198728 2.72314589110 3.97618388160 1.33778691980 1.22761194920 0.995477533084 1.62414277651 1.89853363724 1.80701628420 1.98965982693 2.06924845391 1.90642334235 1.16089529147 1.60892115444 0.494422202259 0.328756352954 0.293713730745 -0.477910710880 0.194390683466 -0.348660552920 -0.223467834511 -0.471541179443 -0.764355501027 -0.735947793914 -0.294378728103 0.101444563225 0.0174005495312 -0.000573488072570 0.235970420427 -0.0571226593441 -0.890844377239 -0.773347098707 -0.284866828667 -0.570658159340 -0.396749966780 -0.539474734432 -0.462080185867 -0.0635336733783 -0.624629315772 -0.885426069146 -0.686069647763 -0.981766647434 -0.877150694369 -0.921308316606 -0.999415031209 -0.712171412781 -0.763463554000 -0.460397065595 -0.332631697798 -0.608674015760 -0.546427482626 -0.285834100830 -0.311992474686 -0.0926808645108 -0.103272946712 -0.176669561015 -0.144012639262 -0.198174532540 -0.211339839360 -0.314785413464
# sel_slope_fsh_f:
 1.18694523864
# sel50_fsh_f:
 8.68619407680
# sel_slope_fsh_devs_f:
 2.33844098787e-05 0.000110326444204 0.000480621866456 0.000989019011368 0.00317776082960 0.0190290930599 0.0649698747695 0.137588077779 0.220246184796 0.0209143315846 0.330693096314 0.146903894477 0.0684165517165 0.0737859819177 -0.232285072953 0.282568485873 0.411531457183 0.729902033635 0.601226694475 0.148780103878 0.0744343315482 0.248878804394 -0.0880204920103 -0.452935199710 -0.0182978930863 -0.0743549174002 -0.472835904800 -0.365485117369 -0.142374878985 0.0125535084036 -0.0621695108456 -0.142166784448 0.208705725578 -0.139891842663 0.0825714110598 0.102059008434 0.124486883695 -0.108065490796 -0.127225702469 -0.497521563348 0.0407199635657 0.0754853542653 -0.321567943270 -0.370393075160 -0.172125169152 -0.0204921484640 -0.0413004653990 -0.0729852069495 0.0354855247869 -0.0439297087502 -0.0772325281192 -0.297008172151 0.276791053818 -0.155672488020 -0.0299398519816 0.175531794909 -0.0947732986590 -0.0497736624541 -0.0768247063050 0.186011188800 0.148027902312 -0.0910273955092 -0.112945211017 -0.0339920540227 -0.0679120166153 0.000446657568149
# sel50_fsh_devs_f:
 -9.08066965888e-05 -4.41329073020e-05 0.000202232025410 0.000851810556963 0.00401918401142 0.0338537787492 0.134768998675 0.282359907831 0.448378406364 -0.0968544183771 -0.0789977820273 0.0686400971392 0.133305806528 0.131520478896 0.302432017065 0.0499322620240 0.226023550699 -0.210611133741 -0.187131796403 0.126492445551 0.160577479077 -0.0592215865942 0.0493486674060 -0.171460152360 -0.104180184461 -0.107702782052 0.0343170835670 -0.0316048289096 -0.128948888285 -0.213073553985 -0.0746475348644 -0.0293471730765 -0.118556674444 0.0599830414582 0.0125475998323 0.0717150082593 -0.00428920771132 0.00961682235822 -0.00891571537606 0.0897930234502 -0.0707821634985 -0.113378298937 -0.0632897129363 -0.0250734205906 -0.107795890699 0.0794440218173 0.0788296595820 -0.0146835865188 0.0532788856291 0.00286188188521 -0.0169949639287 -0.0278397377391 -0.301332629335 -0.0505908398746 -0.0822147296963 -0.0786951363826 -0.0546462112570 -0.0493961997702 -0.0605947609652 0.00799768439169 0.00913336983398 0.100204015785 0.0452483480585 -0.0637712348035 -0.00182224396442 0.000902248309325
# sel_slope_fsh_m:
 1.38701938466
# male_sel_offset:
0.00000000000
# sel_slope_fsh_devs_m:
 -1.40932641592e-05 -1.49101100169e-05 -2.92070670547e-05 -4.41575953092e-05 -0.000141555666502 -0.00127775643967 -0.00663156656781 -0.0192490405878 -0.405692974641 -0.0210111253698 1.12131497586 0.429578871393 0.207338067082 0.333383082360 0.300635952293 0.199533306199 0.574887562330 0.800516152666 0.648828884005 0.571833766983 0.0726544424992 0.304213163628 -0.148080142873 0.0678708719454 -0.278487360930 -0.218801445377 -0.855758711330 -0.728775176971 -0.300825439426 -0.130207376361 -0.0180118777385 0.0666298401398 0.188574225395 0.246736386743 0.228968847172 0.0987493339553 0.0956433003722 0.172992780180 -0.0635842202557 -0.649392314183 -0.0142279143500 -0.0145540689408 -0.377892734477 -0.326957170634 0.00303203693801 -0.300994422103 -0.203750412511 -0.383167754215 0.0929346536354 0.118100896861 -0.201024058856 -0.239298547209 0.383156670649 -0.0504849432983 -0.102453559191 -0.165477090790 0.0472841120645 -0.108519879200 0.0330438424395 -0.00452467021181 0.00567203882764 -0.255208246919 -0.247242966715 -0.459135793845 -0.113503779211 0.000339869258884
# sel50_fsh_m:
 8.01475510476
# sel50_fsh_devs_m:
 -0.000113194701822 -0.000120186547813 -0.000183887898926 -0.000176361807270 -0.000380360658877 -0.00252885702730 -0.0128580936126 -0.0395696149652 -0.246244412427 -0.0180630893317 -0.740992523313 0.0319959094258 0.0666476317469 -0.0637860084577 0.0276035009270 0.0885117070242 -0.132989571734 -0.181168940275 0.251937195604 -0.0777402471697 -0.158932301861 -0.0930804769886 0.121910510021 0.0167997442323 0.0239897570410 -0.0189616077012 0.312009605893 0.120160443518 -0.131456909432 -0.147390263196 -0.0587176343809 -0.0728078916524 -0.0812389759721 -0.00825704692330 0.0126681574020 0.120708647215 -0.0192346587825 -0.0153913992797 -0.0128474758334 0.149961429168 -0.0387897872873 -0.0628307096231 -0.0872287493352 -0.00806396646620 0.0367144585654 0.236222429186 0.179935241428 0.257860659941 0.107867116130 0.0182651150928 0.0763928258177 0.00147621660478 -0.170239940712 -0.0635180276016 -0.0299586812809 0.0496000911562 -0.0663198640580 -0.0283236305487 -0.0647574130610 0.0664833752477 0.0463770313452 0.164305157363 0.128990645945 0.167324494395 0.0713929002984 0.00115064118056
# sel_slope_srv:
 1.62762469672
# sel50_srv:
 4.98841897291
# sel_slope_srv_m:
 -0.0622482719904
# sel50_srv_m:
 0.0224340786950
# F40:
 0.120000000000
# F35:
 0.160000000000
# F30:
 0.210000000000
# R_logalpha:
-4.42205691556
# R_logbeta:
-6.42100325072
# sigmaR:
0.600000000000
# wt_fsh_fut_f:
 6.00000000000 8.00000000000 20.0000000000 31.0000000000 55.0000000000 133.000000000 204.000000000 244.000000000 288.000000000 327.000000000 368.000000000 382.000000000 404.000000000 412.000000000 449.000000000 459.000000000 486.000000000 469.000000000 510.000000000 530.000000000
# wt_fsh_fut_m:
 0.00000000000 4.00000000000 15.0000000000 34.0000000000 60.0000000000 134.000000000 191.000000000 241.000000000 257.000000000 293.000000000 312.000000000 328.000000000 341.000000000 358.000000000 360.000000000 368.000000000 376.000000000 410.000000000 383.000000000 413.000000000
# wt_pop_fut_f:
 6.00000000000 9.00000000000 24.0000000000 44.0000000000 85.0000000000 102.000000000 143.000000000 221.000000000 226.000000000 345.000000000 413.000000000 433.000000000 456.000000000 471.000000000 512.000000000 521.000000000 540.000000000 535.000000000 571.000000000 590.000000000
# wt_pop_fut_m:
 4.00000000000 9.00000000000 32.0000000000 47.0000000000 86.0000000000 88.0000000000 154.000000000 174.000000000 216.000000000 286.000000000 324.000000000 357.000000000 365.000000000 376.000000000 392.000000000 364.000000000 415.000000000 409.000000000 480.000000000 500.000000000
# log_msy_sel_f:
 -8.61537906581 -7.46787195051 -6.32124958140 -5.17739420198 -4.04212825469 -2.93288685796 -1.89706916596 -1.03429142647 -0.458244741465 -0.170492253942 -0.0575858305192 -0.0187097646948 -0.00600153069904 -0.00191852169782 -0.000613100587574 -0.000196062266092 -6.27591380183e-05 -6.27594393269e-05 -6.27606142464e-05 -6.27621820347e-05
# log_msy_sel_m:
 -8.86440405748 -7.69745877612 -6.53124025120 -5.36721221369 -4.21009470130 -3.07538376729 -2.01094704989 -1.12783759727 -0.543918205122 -0.238601510682 -0.0998749165194 -0.0408891456066 -0.0166188293408 -0.00676103809867 -0.00276196359250 -0.00113343673447 -0.000466952312481 -0.000466951019402 -0.000466951200498 -0.000466951158636
# rec_dev_future:
 0.00000000000 0.00000000000 0.00000000000 0.00000000000 0.00000000000 0.00000000000 0.00000000000 0.00000000000 0.00000000000 0.00000000000
