# Number of parameters = 518 Objective function value = 1365.81255217886  Maximum gradient component = 2.66985296973089e-05
# ln_q_srv:
 -0.0717680000000000
# natmort_f:
0.120000000000
# natmort_m:
0.128400645672
# Linf_f:
38.0340000000
# K_f:
0.137000000000
# t0_f:
0.297000000000
# Linf_m:
34.0300000000
# K_m:
0.161000000000
# t0_m:
0.515000000000
# age_incr:
 0.00000000000 0.00000000000 0.00000000000 0.00000000000 0.00000000000 0.00000000000 0.00000000000 0.00000000000 0.00000000000 0.00000000000 0.00000000000
# yr_incr:
 0.00000000000 0.00000000000 0.00000000000 0.00000000000 0.00000000000 0.00000000000 0.00000000000 0.00000000000 0.00000000000 0.00000000000 0.00000000000 0.00000000000 0.00000000000 0.00000000000 0.00000000000 0.00000000000 0.00000000000 0.00000000000 0.00000000000 0.00000000000 0.00000000000 0.00000000000 0.00000000000 0.00000000000 0.00000000000 0.00000000000 0.00000000000 0.00000000000 0.00000000000 0.00000000000 0.00000000000 0.00000000000 0.00000000000 0.00000000000 0.00000000000 0.00000000000 0.00000000000 0.00000000000 0.00000000000 0.00000000000 0.00000000000 0.00000000000 0.00000000000 0.00000000000 0.00000000000 0.00000000000 0.00000000000 0.00000000000 0.00000000000 0.00000000000 0.00000000000 0.00000000000 0.00000000000 0.00000000000 0.00000000000 0.00000000000 0.00000000000 0.00000000000 0.00000000000 0.00000000000 0.00000000000 0.00000000000 0.00000000000 0.00000000000 0.00000000000 0.00000000000 0.00000000000 0.00000000000
# growth_alpha:
0.380000000000
# q_alpha:
 -0.0476946027844
# q_beta[1]:
 0.0596022372588 0.0101732256152 -0.00351091247441
# mean_log_rec:
0.947483671960
# rec_dev:
 -0.516622271781 -0.745110089130 -0.990445422810 0.239508289130 -0.0617919380246 -0.320945727248 -0.378868117828 -0.910944590460 -0.261218640211 -0.898155202021 -0.974766174901 -0.702943268600 -0.662140143017 0.0938160132208 0.537694939004 0.571271507119 0.850733607816 0.958579622006 0.707077103240 0.338667864331 0.623402332862 0.773862423175 0.333557409372 0.551337755675 0.154239525728 -0.274813121321 0.394289260148 0.139715215738 1.18954558960 -0.555365737367 0.944714800664 -0.140212439615 -0.436759269466 -0.0604447974286 0.279556213414 0.358140027420 -0.380533067768 -0.259074087143 0.524968210659 0.00212188149166 -0.182417396946 -0.188538670849 0.690140144230 -0.154270359550 -0.298938309292 -0.100458088291 0.250038988678 -0.160315129291 0.131325524731 0.103303117484 0.533900311143 -0.307910356454 -0.236994211315 -0.128618442932 -0.147617970269 0.0178684058828 0.329787891246 -0.656624795558 -1.41248998214 -0.682989373903 -0.684698721028 -0.0645801486828 0.196135780562 0.945712019470 0.0729257251429 1.14708898642 -0.0369898344950 -0.00933007532093 -9.05028110356e-05
# mean_log_init:
-0.561554835769
# init_dev_m:
 0.336525448627 0.0606846293439 0.0718857277093 0.0118079042025 -0.0293261565692 -0.0384492049925 -0.0422252216959 -0.0469374568639 -0.0498465899766 -0.0516434668141 -0.0539675871419 -0.0554904305977 -0.0564547039178 -0.0569048730325 -0.0570819922728 -0.0571954291650 -0.0572857265542 -0.0573363519070 -0.0573694932448
# init_dev_f:
 0.705589347364 0.148458422523 0.171054945938 0.0459537786750 -0.0288039161529 -0.0395203463196 -0.0432354933489 -0.0480631991563 -0.0510426198812 -0.0528720959891 -0.0552414522853 -0.0567908008014 -0.0577695957669 -0.0582250994822 -0.0584036133730 -0.0585176854426 -0.0586083462936 -0.0586590626055 -0.0586921936117
# log_avg_fmort:
 -2.48533928597
# fmort_dev:
 -2.63659421839 -2.45972948031 -1.90653389501 -1.88508763681 -1.22622977716 0.316949330135 1.49403281451 2.28284180919 3.37440320593 3.50498606829 1.16798566192 0.973920250952 1.66741263126 1.94467166766 1.69913574775 2.08730010733 2.18463780515 1.99269416358 1.33345488967 1.62386338583 0.455350012783 0.323778393322 0.298500702293 -0.495718044567 0.198436808973 -0.355006294154 -0.251545058365 -0.489107460177 -0.767895893876 -0.733503904278 -0.297131891886 0.0920613630130 0.0164553749248 -0.0169730933088 0.214832113954 -0.0843203756143 -0.801943327127 -0.622159824656 -0.481564244947 -0.580011783750 -0.313856702026 -0.453381969693 -0.507500400567 -0.0310769899479 -0.415293575200 -0.750188199680 -0.625912541667 -0.921236000104 -0.774688082213 -0.922833623567 -0.996110637544 -0.822197847402 -0.790236106322 -0.519943905207 -0.277700258270 -0.657425980774 -0.560100932355 -0.296653673326 -0.309747206965 -0.155139553929 -0.136572810563 -0.289033160678 -0.206685533095 -0.251615453651 -0.256346383679 -0.230634737879 -0.139209005330 -0.417978161888 -0.127348659657
# sel_slope_fsh_f:
 1.32039370783
# sel50_fsh_f:
 8.43160261046
# sel_slope_fsh_devs_f:
 2.16955600543e-05 8.37362175226e-05 0.000344126170980 0.000606023164961 0.00136237599920 0.00475444960277 0.00896028879249 0.0309121580625 0.124931446050 0.141816673367 1.17527251708 0.371739032556 0.125593855274 0.210863439379 -0.0182180878569 0.294228846939 0.342344828808 0.935305116770 1.03803044537 0.0885935690909 0.132774405392 0.201746060246 -0.158545447372 -0.523601798181 -0.102464402617 -0.157158859767 -0.555895763848 -0.429049357353 -0.200335827737 0.0129996661356 -0.0755434191712 -0.127147371606 0.181787485453 -0.150137523234 0.0669930955273 0.0544240380199 0.0494939487295 -0.695876757853 -0.151183547667 -0.510919097797 0.0966038922091 0.0552294563924 0.192222632881 -0.224164483898 -0.0953919801033 -0.153981281369 -0.00762865581858 -0.209948928632 -0.0629117296847 -0.0846359642083 -0.133292795926 -0.298420737767 0.0441466261816 -0.288790344609 -0.0152489389647 0.188193898667 -0.0830838535414 -0.0365640801305 -0.183099903169 0.0220988633734 0.0628574658833 -0.152227642165 -0.00773957798368 -0.278145807754 -0.104995839419 -0.178226723340 0.164915569219 0.0311014225187 0.00122337800414
# sel50_fsh_devs_f:
 -5.71667446412e-05 -1.06495136123e-05 0.000241336772460 0.000829537112812 0.00328040080722 0.0227727465631 0.0899256358550 0.215040575745 0.420204422695 0.498457770188 -0.799193926532 -0.0309997583509 0.213033837940 0.210174692107 0.349531841691 0.0857988982680 0.275800188839 -0.247414021741 0.201568737469 0.119251172612 -0.213019595160 -0.0420642420414 0.0704868343568 -0.162048905300 -0.0845836350432 -0.0899544588679 0.0440418806121 -0.0258370288357 -0.119562959027 -0.211389234397 -0.0764501946814 -0.0437455720174 -0.106625620054 0.0628906976938 0.0244846385349 0.0915667708288 0.0307968230010 0.116158892969 -0.0491529182325 0.0684753519064 -0.0152128392610 -0.0871372658934 -0.0608280290686 0.0183197235070 -0.00472114513067 0.0892497375768 0.0431214026142 0.0259756268344 0.0870141425194 -0.0117240840354 -0.00474952257574 -0.0389290582574 -0.159197240315 0.0114303987173 -0.131907952422 -0.0995551955650 -0.0886868658431 -0.0766100028571 -0.0395535302824 -0.00229731026786 0.0195106363622 0.0833506713398 0.00136704413328 -0.00173322475393 -0.0423439684034 -0.0736540751319 -0.180251955572 -0.173881119561 0.000931191971764
# sel_slope_fsh_m:
 1.26107437724
# male_sel_offset:
0.00000000000
# sel_slope_fsh_devs_m:
 -5.56197764467e-06 -2.79104665246e-06 -3.51510958208e-06 -1.58699171475e-05 -7.34549064738e-05 -0.000403889700435 -0.00141867010945 0.00209056560964 0.0453836666743 0.100566307490 0.181040261221 0.0636166149168 0.141734940398 0.239890071151 0.247004403096 0.219953587579 0.684905484584 0.516437264938 0.528138684060 0.684895327382 0.119218274273 0.368445949358 -0.0848294408485 0.143179138580 -0.228738066944 -0.162865587056 -0.785012740457 -0.658324099226 -0.232996800351 -0.0844206931892 0.0241215669830 0.0883282903688 0.231126012235 0.298305740289 0.268671980068 0.139173445812 -0.0750529240558 -0.440550872637 -0.0187692317833 -0.630566532010 -0.367642000305 -0.219492501952 -0.113268231454 0.422930291452 -0.354686780748 -0.411489351503 -0.167938547261 -0.201757086033 0.0216637408380 0.171455141926 -0.123021876190 -0.216980807870 0.0942020982663 0.0331540217561 -0.0699474577322 -0.244009868703 0.0425651602501 -0.145018027735 0.125978713559 0.0110427986178 0.110363450938 -0.0168274661709 -0.0689388388544 -0.0202247321335 -0.0293435566352 -0.0552680541675 -0.0341747395287 -0.106622109521 0.00111977350105
# sel50_fsh_m:
 8.36518844620
# sel50_fsh_devs_m:
 -5.76192183850e-05 -5.45556564582e-05 -6.65462816656e-05 -5.01581473724e-05 -0.000126164522939 -0.000991269941364 -0.00509515661974 -0.0131165946367 0.00532809848155 0.0458960937656 0.0800203066845 0.212769268407 0.0502587331580 -0.0760699545993 -0.0125595663339 0.0391664650055 -0.176949622566 -0.123915156210 -0.134953866266 -0.124482355856 0.250166850957 -0.130287190906 0.0883110574071 -0.0256851565558 -0.000966542705065 -0.0514480295573 0.272397363075 0.0823495972651 -0.167139777755 -0.176783359884 -0.0858050731212 -0.0921582045422 -0.108463829091 -0.0424712064704 -0.0221134628104 0.0836496366977 0.0641137358321 -0.0957253263857 -0.0474207032922 0.190014225156 0.149635963188 0.0159558726515 -0.0213929980834 -0.0782468027768 0.156108848111 0.289789918451 0.127794425456 0.124981425521 0.110598262375 -0.0251830412245 0.0447120815665 -0.0149879367435 -0.0787028998487 -0.0944736345368 -0.0679857958249 0.0519766887952 -0.0982457585345 -0.0511571482878 -0.128292866128 -0.0489929664948 -0.0218849509483 0.0663492786623 0.0340270360444 -0.0214367281550 0.00750587826081 -0.0347300175158 -0.0700500231532 -0.0746287468736 0.00147164198229
# sel_slope_srv:
 1.65528106748
# sel50_srv:
 4.62085772060
# sel_slope_srv_m:
 0.00000000000
# sel50_srv_m:
 0.00000000000
# F40:
 0.120000000000
# F35:
 0.160000000000
# F30:
 0.210000000000
# R_logalpha:
-4.28529509229
# R_logbeta:
-6.45598618422
# sigmaR:
0.600000000000
# wt_fsh_fut_f:
 6.00000000000 8.00000000000 19.0000000000 35.0000000000 192.000000000 220.000000000 278.000000000 286.000000000 317.000000000 378.000000000 395.000000000 425.000000000 449.000000000 484.000000000 525.000000000 501.000000000 531.000000000 561.000000000 607.000000000 606.000000000
# wt_fsh_fut_m:
 0.00000000000 8.00000000000 20.0000000000 35.0000000000 186.000000000 218.000000000 252.000000000 236.000000000 292.000000000 310.000000000 327.000000000 357.000000000 374.000000000 396.000000000 371.000000000 408.000000000 370.000000000 428.000000000 503.000000000 473.000000000
# wt_pop_fut_f:
 6.00000000000 6.00000000000 21.0000000000 43.0000000000 103.000000000 188.000000000 248.000000000 321.000000000 365.000000000 453.000000000 438.000000000 478.000000000 540.000000000 564.000000000 592.000000000 637.000000000 602.000000000 635.000000000 650.000000000 667.000000000
# wt_pop_fut_m:
 4.00000000000 8.00000000000 24.0000000000 59.0000000000 110.000000000 180.000000000 232.000000000 250.000000000 267.000000000 332.000000000 331.000000000 374.000000000 420.000000000 428.000000000 435.000000000 455.000000000 462.000000000 449.000000000 431.000000000 448.000000000
# log_msy_sel_f:
 -9.17717142409 -7.76381708068 -6.35168543788 -4.94459577644 -3.55807525163 -2.24985794731 -1.17360754527 -0.493623639899 -0.169048663999 -0.0494175240879 -0.0134132358624 -0.00355721817492 -0.000938471610382 -0.000247541151215 -6.53576520736e-05 -1.72753312975e-05 -4.57083408179e-06 -4.57065808187e-06 -4.57060922511e-06 -4.57082415282e-06
# log_msy_sel_m:
 -8.42264500608 -7.21833992348 -6.01539306899 -4.81685109109 -3.63243795729 -2.49161041999 -1.47070718701 -0.701997058878 -0.267941467005 -0.0879143124392 -0.0270177335541 -0.00813698076263 -0.00244093494947 -0.000733036758245 -0.000220717816657 -6.66646466707e-05 -2.02004336913e-05 -2.02003943964e-05 -2.02005533846e-05 -2.02004308886e-05
# rec_dev_future:
 0.00000000000 0.00000000000 0.00000000000 0.00000000000 0.00000000000 0.00000000000 0.00000000000 0.00000000000 0.00000000000 0.00000000000
