# Number of parameters = 494 Objective function value = 1514.37934178894  Maximum gradient component = 0.00203496927332023
# ln_q_srv:
 -0.0717680000000000
# natmort_f:
0.120000000000
# natmort_m:
0.124564640077
# Linf_f:
38.0340000000
# K_f:
0.137000000000
# t0_f:
0.297000000000
# Linf_m:
34.0300000000
# K_m:
0.161000000000
# t0_m:
0.515000000000
# age_incr:
 0.00000000000 0.00000000000 0.00000000000 0.00000000000 0.00000000000 0.00000000000 0.00000000000 0.00000000000 0.00000000000 0.00000000000 0.00000000000
# yr_incr:
 0.00000000000 0.00000000000 0.00000000000 0.00000000000 0.00000000000 0.00000000000 0.00000000000 0.00000000000 0.00000000000 0.00000000000 0.00000000000 0.00000000000 0.00000000000 0.00000000000 0.00000000000 0.00000000000 0.00000000000 0.00000000000 0.00000000000 0.00000000000 0.00000000000 0.00000000000 0.00000000000 0.00000000000 0.00000000000 0.00000000000 0.00000000000 0.00000000000 0.00000000000 0.00000000000 0.00000000000 0.00000000000 0.00000000000 0.00000000000 0.00000000000 0.00000000000 0.00000000000 0.00000000000 0.00000000000 0.00000000000 0.00000000000 0.00000000000 0.00000000000 0.00000000000 0.00000000000 0.00000000000 0.00000000000 0.00000000000 0.00000000000 0.00000000000 0.00000000000 0.00000000000 0.00000000000 0.00000000000 0.00000000000 0.00000000000 0.00000000000 0.00000000000 0.00000000000 0.00000000000 0.00000000000 0.00000000000 0.00000000000 0.00000000000
# growth_alpha:
0.380000000000
# q_alpha:
 -0.0285572741748
# q_beta[1]:
 0.0532774961351 0.00634341886219 -0.00559972064367
# mean_log_rec:
0.981304427305
# rec_dev:
 -0.269043013652 -0.467270448657 -0.618442675432 0.683813390720 0.270996583129 -0.163656570281 -0.335304671086 -0.932437258049 -0.304247118828 -0.955496143291 -1.02886776840 -0.760928814504 -0.734336662082 0.0180884042989 0.448675739867 0.514098998362 0.771598473344 0.870683464176 0.617385143216 0.250145819239 0.549706355970 0.688584052104 0.280625783477 0.502374863708 0.120784227992 -0.324295905688 0.347983316652 0.112650411698 1.12561013753 -0.654503933843 0.875777284456 -0.236241168238 -0.501933877203 -0.118306361129 0.217849667708 0.275752338276 -0.462163694457 -0.341428659584 0.468117262729 -0.0633401999302 -0.244897461959 -0.287310764481 0.604748302865 -0.239779473762 -0.387707273114 -0.170509696658 0.158477702025 -0.248805539405 0.0912031493955 0.101001983972 0.561627328637 -0.354965411193 -0.213659007672 -0.0327636587971 -0.0556599600366 0.0998232144346 0.414371004536 -0.646181116205 -1.26793149957 -0.336017438264 0.169273050443 0.762733276071 0.769990761656 0.0319285577059 -0.0180486468764
# mean_log_init:
-0.750642686699
# init_dev_m:
 0.507577653924 0.119837436745 0.00464944065305 -0.00962921436120 -0.0456322718908 -0.0535550168922 -0.0572873825226 -0.0610410472875 -0.0642337178323 -0.0669549312548 -0.0700580664841 -0.0731210098034 -0.0750064349914 -0.0757957559633 -0.0760875940302 -0.0762706294415 -0.0764146746315 -0.0764951712778 -0.0765480012720
# init_dev_f:
 1.07448358667 0.283119534510 0.0517797461087 0.0255876317038 -0.0436473978476 -0.0542581592906 -0.0579384901796 -0.0616995678152 -0.0649146397002 -0.0676586375574 -0.0707920619696 -0.0738842080040 -0.0757853126963 -0.0765797733644 -0.0768728836307 -0.0770564521712 -0.0772008317033 -0.0772813552036 -0.0773341879921
# log_avg_fmort:
 -2.43484577337
# fmort_dev:
 -2.48090567965 -2.30466661550 -1.75137933159 -1.72921235061 -1.06848647652 0.488338284158 1.73141754465 2.76076499220 4.07379631832 1.37977653401 1.28229155328 1.04136622718 1.67555551906 1.95742945079 1.87043680859 2.03691398825 2.13874017654 1.95360449230 1.30112009263 1.60866562232 0.449315391660 0.305208498394 0.286968134084 -0.513598714092 0.180414502498 -0.369366322647 -0.246465071220 -0.492756760105 -0.781138326464 -0.747833080477 -0.313729946179 0.0724006927743 -0.00122333464951 -0.0356632285776 0.197993413640 -0.101770281329 -0.825253535474 -0.651119590417 -0.510112437681 -0.604108837294 -0.339959981445 -0.484527753281 -0.541436577241 -0.0638710031850 -0.444748267566 -0.778915656099 -0.657000439722 -0.953520554608 -0.808942131029 -0.953864546151 -1.02587639028 -0.850926627440 -0.815592043813 -0.548098188125 -0.300674778286 -0.677003741608 -0.582892580569 -0.322327062809 -0.356056082850 -0.205731602911 -0.190623418737 -0.335812236694 -0.278745351836 -0.355804816874 -0.390776732490
# sel_slope_fsh_f:
 1.27378580444
# sel50_fsh_f:
 8.55408445529
# sel_slope_fsh_devs_f:
 1.81059622797e-05 9.37180300555e-05 0.000425467863590 0.000878353161577 0.00281873421763 0.0168605609191 0.0579197046663 0.123457268553 0.202389675437 0.0285805630107 0.306179590845 0.0976831725522 0.0179650763049 0.0147615527392 -0.282960213865 0.352030507280 0.366922926138 0.938732777458 1.05206191097 0.120430074105 0.167675090775 0.243644773657 -0.121475211123 -0.485232388103 -0.0721331489021 -0.119863660907 -0.524033512028 -0.395450051503 -0.166055401764 0.0348401829270 -0.0448854634153 -0.0868627122448 0.213968049370 -0.109357261371 0.0939448804291 0.0719869749345 0.0719236219511 -0.665774831779 -0.121943992993 -0.479766367822 0.113468887074 0.0779392987348 0.223989619209 -0.190754611334 -0.0611638725951 -0.116483895524 0.0235599651821 -0.170738982983 -0.0169255995115 -0.0486409478662 -0.0939802892809 -0.250272913103 0.0885445693805 -0.233783586805 0.0347328736764 0.228477179364 -0.0578033520057 -0.0237236211813 -0.150622620183 0.0618415947674 0.0926542390465 -0.141647844015 -0.0590784050779 -0.239770256923 -0.0122196745796
# sel50_fsh_devs_f:
 -9.44112421362e-05 -5.09423900734e-05 0.000193402588856 0.000859491383117 0.00404762593667 0.0341935450461 0.136648874118 0.286815601196 0.461945299672 -0.0923080308080 -0.0659310582511 0.0786890129595 0.146125929063 0.145852824134 0.317245994367 0.0534874106859 0.242578844926 -0.258787792412 0.186753274501 0.111154565805 -0.226177025953 -0.0581794319240 0.0554988372848 -0.180429473341 -0.100231954357 -0.106128529932 0.0344732328684 -0.0374985932629 -0.132873799282 -0.222324007564 -0.0901781698333 -0.0616171456435 -0.120766524212 0.0468860562136 0.0119801600380 0.0800624274675 0.0165460291373 0.0997122329314 -0.0645497409587 0.0534330486458 -0.0280534748609 -0.103845025944 -0.0791467259284 -0.00104137776231 -0.0221672131249 0.0714408335362 0.0249827613051 0.00512080225273 0.0658622777558 -0.0313271796862 -0.0252213576363 -0.0613432329335 -0.178697560610 -0.0110600310613 -0.146858122223 -0.110350812602 -0.0941549884002 -0.0806473793073 -0.0475369375095 -0.0120369853885 0.0154509900967 0.0885697823711 0.0124020674613 0.00314175149352 -0.0405397039966
# sel_slope_fsh_m:
 1.28879067654
# male_sel_offset:
0.00000000000
# sel_slope_fsh_devs_m:
 -1.62728726556e-05 -1.73669110097e-05 -3.39529916866e-05 -4.89201663383e-05 -0.000152049304052 -0.00138412871646 -0.00741160750215 -0.0246113669130 -0.329182942017 -0.0217898178523 1.17084455316 0.430998347300 0.246778610864 0.384546946992 0.364889858926 0.148339429405 0.660137083980 0.540498335079 0.507009950021 0.660375745800 0.113169644004 0.344765922308 -0.110104831296 0.115220048219 -0.246920223568 -0.177949387559 -0.811547999773 -0.687205481657 -0.259034428200 -0.114507706428 0.00398828716696 0.0817940374097 0.220154235746 0.286920728378 0.255680233163 0.107606279482 -0.114959477467 -0.468312955345 -0.0430853271800 -0.668473586544 -0.401500918154 -0.243552684057 -0.120933618086 0.413581377612 -0.381227464238 -0.444200253883 -0.186211265915 -0.221090513621 0.00779611358403 0.167010472896 -0.138701559931 -0.229590248667 0.0846836180659 0.0359491732902 -0.0683109644835 -0.246419291666 -0.0186310296490 -0.208225556023 0.100657844569 -0.0254590294361 0.0307460636134 -0.169674392656 -0.170674083797 -0.0888189205559 -0.0341736566902
# sel50_fsh_m:
 8.21478898122
# sel50_fsh_devs_m:
 -0.000103634910559 -0.000111633012004 -0.000173831940195 -0.000169934968348 -0.000374288268183 -0.00251336913833 -0.0126992247323 -0.0419590486120 -0.245726049921 -0.0197501308251 -0.764000227493 0.0166740053419 0.0450971665607 -0.0855499415817 0.00351905001236 0.0735963624825 -0.158151494105 -0.119258293718 -0.117306427526 -0.106249511330 0.269777698820 -0.110916559411 0.109155251329 -0.00631512801150 0.0150768832896 -0.0335989130020 0.300012040079 0.110704975718 -0.141849184869 -0.151478279246 -0.0639333093472 -0.0744097923538 -0.0883455145420 -0.0220158881696 -0.00100841302402 0.106629875923 0.0877785867339 -0.0747042986471 -0.0265077248779 0.216758072835 0.172744288431 0.0338377380296 -0.00752271904871 -0.0625143174445 0.175916061658 0.311750158069 0.145327887891 0.142178801354 0.126888083217 -0.00867008522889 0.0619151371251 0.00109094307762 -0.0623671089759 -0.0782916576044 -0.0465840189352 0.0750747497778 -0.0604807304260 -0.00737778527685 -0.0959887290861 -0.0102880462013 0.0248775751159 0.130361450179 0.0869789965868 0.0222863392546 0.0432576417127
# sel_slope_srv:
 1.64637652123
# sel50_srv:
 4.71226348637
# sel_slope_srv_m:
 0.00000000000
# sel50_srv_m:
 0.00000000000
# F40:
 0.120000000000
# F35:
 0.160000000000
# F30:
 0.210000000000
# R_logalpha:
-4.28175944719
# R_logbeta:
-6.45004256881
# sigmaR:
0.600000000000
# wt_fsh_fut_f:
 6.00000000000 8.00000000000 20.0000000000 31.0000000000 55.0000000000 133.000000000 252.000000000 235.000000000 250.000000000 353.000000000 405.000000000 471.000000000 438.000000000 448.000000000 519.000000000 489.000000000 497.000000000 582.000000000 533.000000000 569.000000000
# wt_fsh_fut_m:
 0.00000000000 4.00000000000 15.0000000000 34.0000000000 60.0000000000 134.000000000 222.000000000 185.000000000 243.000000000 271.000000000 341.000000000 339.000000000 371.000000000 411.000000000 418.000000000 441.000000000 415.000000000 455.000000000 477.000000000 442.000000000
# wt_pop_fut_f:
 6.00000000000 8.00000000000 22.0000000000 39.0000000000 88.0000000000 111.000000000 163.000000000 236.000000000 248.000000000 346.000000000 421.000000000 447.000000000 504.000000000 478.000000000 542.000000000 606.000000000 586.000000000 571.000000000 717.000000000 677.000000000
# wt_pop_fut_m:
 4.00000000000 8.00000000000 23.0000000000 45.0000000000 89.0000000000 95.0000000000 161.000000000 178.000000000 221.000000000 276.000000000 316.000000000 403.000000000 384.000000000 435.000000000 421.000000000 386.000000000 424.000000000 431.000000000 548.000000000 484.000000000
# log_msy_sel_f:
 -8.62494523885 -7.47165633012 -6.31928583903 -5.16970617531 -4.02866008321 -2.91346720562 -1.87237418572 -1.00989565945 -0.443827922604 -0.166376855226 -0.0576541192537 -0.0194866911245 -0.00657532616649 -0.00223334511373 -0.000765376633863 -0.000264772310385 -9.23899696939e-05 -9.23808971730e-05 -9.23740848836e-05 -9.23612945866e-05
# log_msy_sel_m:
 -8.93854700726 -7.76840742317 -6.59892887862 -5.43156553134 -4.27095553880 -3.13157688562 -2.05537042273 -1.13965880084 -0.512486156946 -0.192827074699 -0.0656423872474 -0.0214592120213 -0.00692964692336 -0.00223411431351 -0.000721755449940 -0.000233881894394 -7.60343205421e-05 -7.60311703067e-05 -7.60468148383e-05 -7.60564678677e-05
# rec_dev_future:
 0.00000000000 0.00000000000 0.00000000000 0.00000000000 0.00000000000 0.00000000000 0.00000000000 0.00000000000 0.00000000000 0.00000000000
