ParName   Value   Gradient
natmort_m     0.124565 -2.25199e-05
q_alpha(1)   -0.0285573 -4.77468e-06
q_beta[1](1)    0.0532775 -1.30213e-05
q_beta[1](2)   0.00634342  8.44818e-06
q_beta[1](3)  -0.00559972 -5.72234e-06
mean_log_rec     0.981304  -1.0527e-05
rec_dev(1954)    -0.269043  1.85624e-05
rec_dev(1955)     -0.46727  1.59891e-05
rec_dev(1956)    -0.618443   1.1743e-05
rec_dev(1957)     0.683813 -3.57547e-05
rec_dev(1958)     0.270997 -3.77356e-05
rec_dev(1959)    -0.163657 -2.08866e-05
rec_dev(1960)    -0.335305 -1.96007e-05
rec_dev(1961)    -0.932437 -9.81367e-06
rec_dev(1962)    -0.304247 -9.88202e-06
rec_dev(1963)    -0.955496 -2.60829e-06
rec_dev(1964)     -1.02887 -1.90311e-06
rec_dev(1965)    -0.760929 -2.56934e-06
rec_dev(1966)    -0.734337  3.77467e-06
rec_dev(1967)    0.0180884  4.76387e-06
rec_dev(1968)     0.448676  3.02407e-06
rec_dev(1969)     0.514099 -2.92404e-06
rec_dev(1970)     0.771598 -5.39212e-06
rec_dev(1971)     0.870683  1.64592e-05
rec_dev(1972)     0.617385 -1.47368e-05
rec_dev(1973)     0.250146  4.36671e-06
rec_dev(1974)     0.549706 -1.09772e-05
rec_dev(1975)     0.688584 -8.45806e-06
rec_dev(1976)     0.280626  5.48369e-06
rec_dev(1977)     0.502375  9.19815e-06
rec_dev(1978)     0.120784  3.37822e-06
rec_dev(1979)    -0.324296  5.62784e-07
rec_dev(1980)     0.347983 -3.64423e-06
rec_dev(1981)      0.11265  1.67725e-05
rec_dev(1982)      1.12561 -5.23027e-06
rec_dev(1983)    -0.654504  3.51871e-06
rec_dev(1984)     0.875777   1.9069e-06
rec_dev(1985)    -0.236241  7.79574e-06
rec_dev(1986)    -0.501934  -2.0776e-06
rec_dev(1987)    -0.118306 -1.21434e-05
rec_dev(1988)      0.21785  1.30858e-05
rec_dev(1989)     0.275752  7.95368e-06
rec_dev(1990)    -0.462164  1.45494e-06
rec_dev(1991)    -0.341429 -3.13144e-06
rec_dev(1992)     0.468117 -4.69984e-07
rec_dev(1993)   -0.0633402 -4.93874e-06
rec_dev(1994)    -0.244897 -3.96654e-06
rec_dev(1995)    -0.287311 -1.79395e-06
rec_dev(1996)     0.604748  1.06982e-05
rec_dev(1997)    -0.239779 -3.24158e-06
rec_dev(1998)    -0.387707 -3.00549e-06
rec_dev(1999)     -0.17051 -7.19655e-06
rec_dev(2000)     0.158478  1.10452e-05
rec_dev(2001)    -0.248806  1.56827e-05
rec_dev(2002)    0.0912031  3.09421e-06
rec_dev(2003)     0.101002  7.69818e-06
rec_dev(2004)     0.561627  5.26097e-06
rec_dev(2005)    -0.354965 -5.41758e-06
rec_dev(2006)    -0.213659 -2.10056e-05
rec_dev(2007)   -0.0327637 -1.68126e-05
rec_dev(2008)     -0.05566 -1.44806e-05
rec_dev(2009)    0.0998232  1.78769e-07
rec_dev(2010)     0.414371 -1.40958e-05
rec_dev(2011)    -0.646181  3.47021e-06
rec_dev(2012)     -1.26793 -9.77627e-07
rec_dev(2013)    -0.336017 -3.93095e-06
rec_dev(2014)     0.169273 -7.57199e-06
rec_dev(2015)     0.762733  3.32331e-07
rec_dev(2016)     0.769991  1.40509e-06
rec_dev(2017)    0.0319286  3.17413e-06
rec_dev(2018)   -0.0180486  8.52025e-08
mean_log_init    -0.750643  2.12949e-05
init_dev_m(2)     0.507578  1.24748e-06
init_dev_m(3)     0.119837  5.24384e-07
init_dev_m(4)   0.00464944  2.09351e-06
init_dev_m(5)  -0.00962921  9.43002e-07
init_dev_m(6)   -0.0456323  5.60261e-07
init_dev_m(7)    -0.053555  4.52037e-06
init_dev_m(8)   -0.0572874  6.89917e-07
init_dev_m(9)    -0.061041 -1.11796e-06
init_dev_m(10)   -0.0642337 -3.03116e-06
init_dev_m(11)   -0.0669549  8.77883e-06
init_dev_m(12)   -0.0700581  3.13204e-06
init_dev_m(13)    -0.073121  1.19931e-06
init_dev_m(14)   -0.0750064  3.13129e-06
init_dev_m(15)   -0.0757958  3.76483e-06
init_dev_m(16)   -0.0760876  1.23478e-05
init_dev_m(17)   -0.0762706  8.80267e-06
init_dev_m(18)   -0.0764147  9.48302e-06
init_dev_m(19)   -0.0764952  6.53633e-06
init_dev_m(20)    -0.076548  2.08746e-06
init_dev_f(2)      1.07448  1.50755e-05
init_dev_f(3)      0.28312  7.98865e-06
init_dev_f(4)    0.0517797 -4.45379e-07
init_dev_f(5)    0.0255876    3.204e-06
init_dev_f(6)   -0.0436474  1.22946e-07
init_dev_f(7)   -0.0542582  5.31276e-06
init_dev_f(8)   -0.0579385  8.38638e-07
init_dev_f(9)   -0.0616996  3.51984e-07
init_dev_f(10)   -0.0649146  -1.9657e-06
init_dev_f(11)   -0.0676586  9.32867e-06
init_dev_f(12)   -0.0707921  2.87519e-06
init_dev_f(13)   -0.0738842   1.6011e-06
init_dev_f(14)   -0.0757853  3.80181e-06
init_dev_f(15)   -0.0765798  4.64613e-06
init_dev_f(16)   -0.0768729  1.25904e-05
init_dev_f(17)   -0.0770565  9.85728e-06
init_dev_f(18)   -0.0772008  9.28885e-06
init_dev_f(19)   -0.0772814  8.47806e-06
init_dev_f(20)   -0.0773342  3.25111e-06
log_avg_fmort(1)     -2.43485  1.74537e-05
fmort_dev(1,1954)     -2.48091   2.1704e-05
fmort_dev(1,1955)     -2.30467  1.78376e-05
fmort_dev(1,1956)     -1.75138  2.93467e-05
fmort_dev(1,1957)     -1.72921  2.56949e-05
fmort_dev(1,1958)     -1.06849  2.49853e-05
fmort_dev(1,1959)     0.488338  1.05852e-05
fmort_dev(1,1960)      1.73142 -1.23344e-05
fmort_dev(1,1961)      2.76076  -1.5391e-05
fmort_dev(1,1962)       4.0738  2.01301e-05
fmort_dev(1,1963)      1.37978  6.15551e-05
fmort_dev(1,1964)      1.28229 -2.01845e-05
fmort_dev(1,1965)      1.04137  0.000100428
fmort_dev(1,1966)      1.67556  -2.3811e-05
fmort_dev(1,1967)      1.95743  2.45978e-05
fmort_dev(1,1968)      1.87044 -7.98239e-05
fmort_dev(1,1969)      2.03691 -2.08704e-06
fmort_dev(1,1970)      2.13874 -7.85331e-06
fmort_dev(1,1971)       1.9536 -8.30235e-06
fmort_dev(1,1972)      1.30112   8.7706e-06
fmort_dev(1,1973)      1.60867  3.46784e-06
fmort_dev(1,1974)     0.449315 -1.20309e-05
fmort_dev(1,1975)     0.305208  8.01856e-07
fmort_dev(1,1976)     0.286968 -1.30006e-05
fmort_dev(1,1977)    -0.513599 -1.13538e-07
fmort_dev(1,1978)     0.180415  6.48607e-06
fmort_dev(1,1979)    -0.369366  1.34314e-05
fmort_dev(1,1980)    -0.246465  8.29629e-06
fmort_dev(1,1981)    -0.492757  5.66808e-06
fmort_dev(1,1982)    -0.781138 -2.33893e-06
fmort_dev(1,1983)    -0.747833 -5.94694e-07
fmort_dev(1,1984)     -0.31373 -4.99016e-06
fmort_dev(1,1985)    0.0724007 -6.62588e-06
fmort_dev(1,1986)  -0.00122333  -1.0383e-05
fmort_dev(1,1987)   -0.0356632 -1.10249e-06
fmort_dev(1,1988)     0.197993 -8.78523e-07
fmort_dev(1,1989)     -0.10177 -2.74227e-06
fmort_dev(1,1990)    -0.825254    -4.38e-06
fmort_dev(1,1991)     -0.65112  8.16769e-06
fmort_dev(1,1992)    -0.510112  2.14558e-06
fmort_dev(1,1993)    -0.604109 -4.39355e-07
fmort_dev(1,1994)     -0.33996  1.55386e-06
fmort_dev(1,1995)    -0.484528  3.91004e-06
fmort_dev(1,1996)    -0.541437  1.62245e-06
fmort_dev(1,1997)    -0.063871  6.58542e-06
fmort_dev(1,1998)    -0.444748  6.26412e-06
fmort_dev(1,1999)    -0.778916 -1.56028e-06
fmort_dev(1,2000)       -0.657 -1.15153e-05
fmort_dev(1,2001)    -0.953521 -1.86823e-06
fmort_dev(1,2002)    -0.808942  2.48096e-06
fmort_dev(1,2003)    -0.953865  3.67209e-06
fmort_dev(1,2004)     -1.02588 -1.13447e-06
fmort_dev(1,2005)    -0.850927 -2.91879e-06
fmort_dev(1,2006)    -0.815592  1.03129e-05
fmort_dev(1,2007)    -0.548098 -1.32089e-05
fmort_dev(1,2008)    -0.300675 -1.12002e-05
fmort_dev(1,2009)    -0.677004 -6.98758e-06
fmort_dev(1,2010)    -0.582893  7.36974e-06
fmort_dev(1,2011)    -0.322327  4.40523e-06
fmort_dev(1,2012)    -0.356056  5.08736e-06
fmort_dev(1,2013)    -0.205732  1.41478e-05
fmort_dev(1,2014)    -0.190623  7.60926e-06
fmort_dev(1,2015)    -0.335812  6.15574e-06
fmort_dev(1,2016)    -0.278745 -1.06427e-05
fmort_dev(1,2017)    -0.355805 -3.35649e-05
fmort_dev(1,2018)    -0.390777 -2.83819e-05
sel_slope_fsh_f(1)      1.27379  0.000509775
sel50_fsh_f(1)      8.55408  0.000128468
sel_slope_fsh_devs_f(1,1954)   1.8106e-05  2.02386e-06
sel_slope_fsh_devs_f(1,1955)   9.3718e-05 -1.05009e-06
sel_slope_fsh_devs_f(1,1956)  0.000425468  -1.7926e-06
sel_slope_fsh_devs_f(1,1957)  0.000878353 -1.35609e-06
sel_slope_fsh_devs_f(1,1958)   0.00281873 -2.51876e-06
sel_slope_fsh_devs_f(1,1959)    0.0168606 -6.45465e-07
sel_slope_fsh_devs_f(1,1960)    0.0579197  1.82692e-06
sel_slope_fsh_devs_f(1,1961)     0.123457  2.11414e-06
sel_slope_fsh_devs_f(1,1962)      0.20239   5.7499e-07
sel_slope_fsh_devs_f(1,1963)    0.0285806 -7.81184e-06
sel_slope_fsh_devs_f(1,1964)      0.30618  2.36141e-07
sel_slope_fsh_devs_f(1,1965)    0.0976832 -1.33955e-05
sel_slope_fsh_devs_f(1,1966)    0.0179651   6.6787e-07
sel_slope_fsh_devs_f(1,1967)    0.0147616 -1.19237e-06
sel_slope_fsh_devs_f(1,1968)     -0.28296  2.42001e-06
sel_slope_fsh_devs_f(1,1969)     0.352031 -8.67619e-07
sel_slope_fsh_devs_f(1,1970)     0.366923  1.50693e-06
sel_slope_fsh_devs_f(1,1971)     0.938733 -4.58918e-07
sel_slope_fsh_devs_f(1,1972)      1.05206   -3.418e-07
sel_slope_fsh_devs_f(1,1973)      0.12043  2.66421e-06
sel_slope_fsh_devs_f(1,1974)     0.167675 -3.13192e-06
sel_slope_fsh_devs_f(1,1975)     0.243645  3.67617e-07
sel_slope_fsh_devs_f(1,1976)    -0.121475 -4.27766e-07
sel_slope_fsh_devs_f(1,1977)    -0.485232  2.19869e-06
sel_slope_fsh_devs_f(1,1978)   -0.0721331  1.83283e-06
sel_slope_fsh_devs_f(1,1979)    -0.119864  1.14082e-06
sel_slope_fsh_devs_f(1,1980)    -0.524034  -7.1986e-07
sel_slope_fsh_devs_f(1,1981)     -0.39545  3.30948e-07
sel_slope_fsh_devs_f(1,1982)    -0.166055 -3.82126e-07
sel_slope_fsh_devs_f(1,1983)    0.0348402   7.2247e-07
sel_slope_fsh_devs_f(1,1984)   -0.0448855  3.09043e-06
sel_slope_fsh_devs_f(1,1985)   -0.0868627 -4.28768e-07
sel_slope_fsh_devs_f(1,1986)     0.213968 -9.92517e-07
sel_slope_fsh_devs_f(1,1987)    -0.109357  4.40625e-06
sel_slope_fsh_devs_f(1,1988)    0.0939449   4.2226e-06
sel_slope_fsh_devs_f(1,1989)     0.071987 -3.28035e-06
sel_slope_fsh_devs_f(1,1990)    0.0719236  2.29221e-07
sel_slope_fsh_devs_f(1,1991)    -0.665775  6.95946e-07
sel_slope_fsh_devs_f(1,1992)    -0.121944 -2.83277e-07
sel_slope_fsh_devs_f(1,1993)    -0.479766  1.47939e-06
sel_slope_fsh_devs_f(1,1994)     0.113469 -1.81529e-07
sel_slope_fsh_devs_f(1,1995)    0.0779393  1.48882e-06
sel_slope_fsh_devs_f(1,1996)      0.22399 -1.18241e-06
sel_slope_fsh_devs_f(1,1997)    -0.190755 -1.84555e-06
sel_slope_fsh_devs_f(1,1998)   -0.0611639 -1.03291e-07
sel_slope_fsh_devs_f(1,1999)    -0.116484 -5.34231e-07
sel_slope_fsh_devs_f(1,2000)      0.02356 -6.57715e-06
sel_slope_fsh_devs_f(1,2001)    -0.170739  6.75891e-08
sel_slope_fsh_devs_f(1,2002)   -0.0169256  1.05808e-06
sel_slope_fsh_devs_f(1,2003)   -0.0486409 -9.04294e-07
sel_slope_fsh_devs_f(1,2004)   -0.0939803 -1.32288e-06
sel_slope_fsh_devs_f(1,2005)    -0.250273 -8.78662e-07
sel_slope_fsh_devs_f(1,2006)    0.0885446 -9.79207e-07
sel_slope_fsh_devs_f(1,2007)    -0.233784 -1.19694e-06
sel_slope_fsh_devs_f(1,2008)    0.0347329  2.37064e-06
sel_slope_fsh_devs_f(1,2009)     0.228477  8.94759e-08
sel_slope_fsh_devs_f(1,2010)   -0.0578034  2.37006e-07
sel_slope_fsh_devs_f(1,2011)   -0.0237236  2.91232e-06
sel_slope_fsh_devs_f(1,2012)    -0.150623 -3.85734e-06
sel_slope_fsh_devs_f(1,2013)    0.0618416  1.71604e-06
sel_slope_fsh_devs_f(1,2014)    0.0926542 -6.40912e-06
sel_slope_fsh_devs_f(1,2015)    -0.141648 -1.44514e-06
sel_slope_fsh_devs_f(1,2016)   -0.0590784  0.000586038
sel_slope_fsh_devs_f(1,2017)     -0.23977  0.000437894
sel_slope_fsh_devs_f(1,2018)   -0.0122197  0.000572916
sel50_fsh_devs_f(1,1954) -9.44112e-05 -7.89071e-07
sel50_fsh_devs_f(1,1955) -5.09424e-05  -5.4911e-07
sel50_fsh_devs_f(1,1956)  0.000193403  2.99247e-06
sel50_fsh_devs_f(1,1957)  0.000859491  2.29892e-07
sel50_fsh_devs_f(1,1958)   0.00404763  1.10394e-06
sel50_fsh_devs_f(1,1959)    0.0341935  4.45294e-06
sel50_fsh_devs_f(1,1960)     0.136649  1.77895e-05
sel50_fsh_devs_f(1,1961)     0.286816   2.8672e-05
sel50_fsh_devs_f(1,1962)     0.461945  1.38335e-05
sel50_fsh_devs_f(1,1963)    -0.092308 -0.000140194
sel50_fsh_devs_f(1,1964)   -0.0659311  3.97203e-05
sel50_fsh_devs_f(1,1965)     0.078689 -0.000288387
sel50_fsh_devs_f(1,1966)     0.146126  6.56875e-05
sel50_fsh_devs_f(1,1967)     0.145853 -1.18445e-05
sel50_fsh_devs_f(1,1968)     0.317246  0.000175332
sel50_fsh_devs_f(1,1969)    0.0534874  1.20368e-07
sel50_fsh_devs_f(1,1970)     0.242579  8.28349e-06
sel50_fsh_devs_f(1,1971)    -0.258788 -5.42871e-06
sel50_fsh_devs_f(1,1972)     0.186753 -2.63754e-06
sel50_fsh_devs_f(1,1973)     0.111155  -4.0308e-07
sel50_fsh_devs_f(1,1974)    -0.226177  7.09702e-06
sel50_fsh_devs_f(1,1975)   -0.0581794 -3.29153e-06
sel50_fsh_devs_f(1,1976)    0.0554988  7.91565e-06
sel50_fsh_devs_f(1,1977)    -0.180429  7.10582e-06
sel50_fsh_devs_f(1,1978)    -0.100232  1.14626e-05
sel50_fsh_devs_f(1,1979)    -0.106129  1.77767e-05
sel50_fsh_devs_f(1,1980)    0.0344732 -2.87126e-05
sel50_fsh_devs_f(1,1981)   -0.0374986  9.87625e-07
sel50_fsh_devs_f(1,1982)    -0.132874  2.56874e-06
sel50_fsh_devs_f(1,1983)    -0.222324 -8.12654e-06
sel50_fsh_devs_f(1,1984)   -0.0901782 -1.98315e-06
sel50_fsh_devs_f(1,1985)   -0.0616171 -3.02965e-06
sel50_fsh_devs_f(1,1986)    -0.120767  9.51652e-06
sel50_fsh_devs_f(1,1987)    0.0468861 -2.25213e-06
sel50_fsh_devs_f(1,1988)    0.0119802  1.35538e-06
sel50_fsh_devs_f(1,1989)    0.0800624  -1.2485e-05
sel50_fsh_devs_f(1,1990)     0.016546   6.5536e-06
sel50_fsh_devs_f(1,1991)    0.0997122 -3.89891e-06
sel50_fsh_devs_f(1,1992)   -0.0645497  6.64798e-06
sel50_fsh_devs_f(1,1993)     0.053433  1.19561e-05
sel50_fsh_devs_f(1,1994)   -0.0280535 -6.45375e-06
sel50_fsh_devs_f(1,1995)    -0.103845 -5.85562e-06
sel50_fsh_devs_f(1,1996)   -0.0791467 -4.52893e-06
sel50_fsh_devs_f(1,1997)  -0.00104138 -5.82255e-06
sel50_fsh_devs_f(1,1998)   -0.0221672  2.02799e-06
sel50_fsh_devs_f(1,1999)    0.0714408 -1.48036e-07
sel50_fsh_devs_f(1,2000)    0.0249828 -3.79084e-06
sel50_fsh_devs_f(1,2001)    0.0051208  1.81111e-06
sel50_fsh_devs_f(1,2002)    0.0658623 -7.21228e-06
sel50_fsh_devs_f(1,2003)   -0.0313272  1.46895e-05
sel50_fsh_devs_f(1,2004)   -0.0252214 -5.10349e-06
sel50_fsh_devs_f(1,2005)   -0.0613432 -2.18344e-08
sel50_fsh_devs_f(1,2006)    -0.178698 -3.27211e-06
sel50_fsh_devs_f(1,2007)     -0.01106 -5.95392e-06
sel50_fsh_devs_f(1,2008)    -0.146858  7.25262e-06
sel50_fsh_devs_f(1,2009)    -0.110351 -4.60247e-06
sel50_fsh_devs_f(1,2010)    -0.094155 -3.49438e-06
sel50_fsh_devs_f(1,2011)   -0.0806474 -4.14879e-06
sel50_fsh_devs_f(1,2012)   -0.0475369 -5.07941e-06
sel50_fsh_devs_f(1,2013)    -0.012037 -1.07433e-05
sel50_fsh_devs_f(1,2014)     0.015451 -6.87472e-06
sel50_fsh_devs_f(1,2015)    0.0885698 -6.14388e-06
sel50_fsh_devs_f(1,2016)    0.0124021   0.00196422
sel50_fsh_devs_f(1,2017)   0.00314175   0.00165437
sel50_fsh_devs_f(1,2018)   -0.0405397   0.00203497
sel_slope_fsh_m(1)      1.28879  0.000158731
sel_slope_fsh_devs_m(1,1954) -1.62729e-05  2.61729e-06
sel_slope_fsh_devs_m(1,1955) -1.73669e-05  4.79691e-06
sel_slope_fsh_devs_m(1,1956)  -3.3953e-05 -3.57206e-06
sel_slope_fsh_devs_m(1,1957) -4.89202e-05  2.20414e-06
sel_slope_fsh_devs_m(1,1958) -0.000152049 -1.83971e-06
sel_slope_fsh_devs_m(1,1959)  -0.00138413 -8.69716e-07
sel_slope_fsh_devs_m(1,1960)  -0.00741161  8.98046e-07
sel_slope_fsh_devs_m(1,1961)   -0.0246114 -2.82978e-07
sel_slope_fsh_devs_m(1,1962)    -0.329183 -9.04983e-06
sel_slope_fsh_devs_m(1,1963)   -0.0217898 -2.02308e-06
sel_slope_fsh_devs_m(1,1964)      1.17084 -4.72061e-06
sel_slope_fsh_devs_m(1,1965)     0.430998 -5.51072e-06
sel_slope_fsh_devs_m(1,1966)     0.246779   2.1362e-06
sel_slope_fsh_devs_m(1,1967)     0.384547 -3.22506e-06
sel_slope_fsh_devs_m(1,1968)      0.36489  2.23244e-06
sel_slope_fsh_devs_m(1,1969)     0.148339 -6.13155e-07
sel_slope_fsh_devs_m(1,1970)     0.660137  7.52861e-07
sel_slope_fsh_devs_m(1,1971)     0.540498  2.10975e-06
sel_slope_fsh_devs_m(1,1972)      0.50701 -1.05189e-06
sel_slope_fsh_devs_m(1,1973)     0.660376 -2.84439e-07
sel_slope_fsh_devs_m(1,1974)      0.11317  7.58401e-07
sel_slope_fsh_devs_m(1,1975)     0.344766  8.30021e-07
sel_slope_fsh_devs_m(1,1976)    -0.110105  2.76802e-06
sel_slope_fsh_devs_m(1,1977)      0.11522  1.04903e-06
sel_slope_fsh_devs_m(1,1978)     -0.24692   1.4538e-06
sel_slope_fsh_devs_m(1,1979)    -0.177949 -8.53091e-07
sel_slope_fsh_devs_m(1,1980)    -0.811548  2.56041e-06
sel_slope_fsh_devs_m(1,1981)    -0.687205 -9.20799e-08
sel_slope_fsh_devs_m(1,1982)    -0.259034 -3.67784e-07
sel_slope_fsh_devs_m(1,1983)    -0.114508  6.51414e-07
sel_slope_fsh_devs_m(1,1984)   0.00398829  3.95114e-07
sel_slope_fsh_devs_m(1,1985)     0.081794 -1.88189e-07
sel_slope_fsh_devs_m(1,1986)     0.220154 -4.05933e-06
sel_slope_fsh_devs_m(1,1987)     0.286921 -1.25541e-06
sel_slope_fsh_devs_m(1,1988)      0.25568  1.75937e-06
sel_slope_fsh_devs_m(1,1989)     0.107606 -1.63955e-06
sel_slope_fsh_devs_m(1,1990)    -0.114959 -9.96189e-07
sel_slope_fsh_devs_m(1,1991)    -0.468313 -3.41987e-06
sel_slope_fsh_devs_m(1,1992)   -0.0430853 -4.68773e-06
sel_slope_fsh_devs_m(1,1993)    -0.668474 -3.66309e-07
sel_slope_fsh_devs_m(1,1994)    -0.401501  2.31453e-06
sel_slope_fsh_devs_m(1,1995)    -0.243553 -1.28104e-06
sel_slope_fsh_devs_m(1,1996)    -0.120934  9.41517e-07
sel_slope_fsh_devs_m(1,1997)     0.413581  4.29294e-06
sel_slope_fsh_devs_m(1,1998)    -0.381227  2.05665e-06
sel_slope_fsh_devs_m(1,1999)      -0.4442 -1.38124e-06
sel_slope_fsh_devs_m(1,2000)    -0.186211 -2.09689e-06
sel_slope_fsh_devs_m(1,2001)    -0.221091  9.45219e-07
sel_slope_fsh_devs_m(1,2002)   0.00779611  4.38113e-07
sel_slope_fsh_devs_m(1,2003)      0.16701 -2.10748e-07
sel_slope_fsh_devs_m(1,2004)    -0.138702 -2.77817e-06
sel_slope_fsh_devs_m(1,2005)     -0.22959  1.05023e-06
sel_slope_fsh_devs_m(1,2006)    0.0846836   8.6738e-07
sel_slope_fsh_devs_m(1,2007)    0.0359492 -7.84402e-07
sel_slope_fsh_devs_m(1,2008)    -0.068311 -1.10804e-07
sel_slope_fsh_devs_m(1,2009)    -0.246419  5.09849e-07
sel_slope_fsh_devs_m(1,2010)    -0.018631  -2.2763e-06
sel_slope_fsh_devs_m(1,2011)    -0.208226 -5.41245e-07
sel_slope_fsh_devs_m(1,2012)     0.100658  2.86977e-06
sel_slope_fsh_devs_m(1,2013)    -0.025459 -3.01653e-06
sel_slope_fsh_devs_m(1,2014)    0.0307461 -1.61198e-06
sel_slope_fsh_devs_m(1,2015)    -0.169674  2.33137e-06
sel_slope_fsh_devs_m(1,2016)    -0.170674  0.000129216
sel_slope_fsh_devs_m(1,2017)   -0.0888189  0.000174623
sel_slope_fsh_devs_m(1,2018)   -0.0341737  0.000189525
sel50_fsh_m(1)      8.21479  1.46533e-05
sel50_fsh_devs_m(1,1954) -0.000103635 -4.22418e-06
sel50_fsh_devs_m(1,1955) -0.000111633  -4.3607e-07
sel50_fsh_devs_m(1,1956) -0.000173832 -3.19631e-06
sel50_fsh_devs_m(1,1957) -0.000169935  4.27377e-07
sel50_fsh_devs_m(1,1958) -0.000374288 -1.67439e-07
sel50_fsh_devs_m(1,1959)  -0.00251337   1.2506e-07
sel50_fsh_devs_m(1,1960)   -0.0126992  5.12637e-06
sel50_fsh_devs_m(1,1961)    -0.041959  5.71487e-06
sel50_fsh_devs_m(1,1962)    -0.245726 -6.12583e-05
sel50_fsh_devs_m(1,1963)   -0.0197501  -1.1804e-05
sel50_fsh_devs_m(1,1964)       -0.764 -1.34462e-05
sel50_fsh_devs_m(1,1965)     0.016674 -0.000153317
sel50_fsh_devs_m(1,1966)    0.0450972 -7.48543e-06
sel50_fsh_devs_m(1,1967)   -0.0855499 -7.36593e-05
sel50_fsh_devs_m(1,1968)   0.00351905  8.12031e-05
sel50_fsh_devs_m(1,1969)    0.0735964 -5.17581e-06
sel50_fsh_devs_m(1,1970)    -0.158151 -1.75787e-06
sel50_fsh_devs_m(1,1971)    -0.119258  1.55141e-05
sel50_fsh_devs_m(1,1972)    -0.117306 -5.93952e-05
sel50_fsh_devs_m(1,1973)     -0.10625  2.23322e-05
sel50_fsh_devs_m(1,1974)     0.269778  8.12847e-06
sel50_fsh_devs_m(1,1975)    -0.110917    1.739e-05
sel50_fsh_devs_m(1,1976)     0.109155  2.43472e-05
sel50_fsh_devs_m(1,1977)  -0.00631513  -3.5714e-06
sel50_fsh_devs_m(1,1978)    0.0150769  -1.1629e-05
sel50_fsh_devs_m(1,1979)   -0.0335989 -2.98171e-05
sel50_fsh_devs_m(1,1980)     0.300012  2.50238e-05
sel50_fsh_devs_m(1,1981)     0.110705 -3.53148e-06
sel50_fsh_devs_m(1,1982)    -0.141849   4.6972e-07
sel50_fsh_devs_m(1,1983)    -0.151478  8.80683e-06
sel50_fsh_devs_m(1,1984)   -0.0639333   1.3476e-06
sel50_fsh_devs_m(1,1985)   -0.0744098  3.95863e-06
sel50_fsh_devs_m(1,1986)   -0.0883455 -1.23506e-05
sel50_fsh_devs_m(1,1987)   -0.0220159  5.24109e-06
sel50_fsh_devs_m(1,1988)  -0.00100841  1.24479e-05
sel50_fsh_devs_m(1,1989)      0.10663  1.37299e-06
sel50_fsh_devs_m(1,1990)    0.0877786 -8.51264e-06
sel50_fsh_devs_m(1,1991)   -0.0747043  2.09445e-06
sel50_fsh_devs_m(1,1992)   -0.0265077 -5.18454e-06
sel50_fsh_devs_m(1,1993)     0.216758  7.77392e-06
sel50_fsh_devs_m(1,1994)     0.172744  1.75496e-06
sel50_fsh_devs_m(1,1995)    0.0338377 -1.23011e-06
sel50_fsh_devs_m(1,1996)  -0.00752272  2.04975e-07
sel50_fsh_devs_m(1,1997)   -0.0625143  7.25119e-07
sel50_fsh_devs_m(1,1998)     0.175916 -2.27917e-06
sel50_fsh_devs_m(1,1999)      0.31175   2.8789e-06
sel50_fsh_devs_m(1,2000)     0.145328  3.25044e-06
sel50_fsh_devs_m(1,2001)     0.142179 -3.02092e-06
sel50_fsh_devs_m(1,2002)     0.126888  5.70648e-06
sel50_fsh_devs_m(1,2003)  -0.00867009 -1.22073e-05
sel50_fsh_devs_m(1,2004)    0.0619151 -6.26349e-06
sel50_fsh_devs_m(1,2005)   0.00109094   2.3726e-06
sel50_fsh_devs_m(1,2006)   -0.0623671  8.11946e-06
sel50_fsh_devs_m(1,2007)   -0.0782917 -6.25084e-06
sel50_fsh_devs_m(1,2008)    -0.046584  2.61376e-06
sel50_fsh_devs_m(1,2009)    0.0750747 -1.28067e-05
sel50_fsh_devs_m(1,2010)   -0.0604807  1.79858e-06
sel50_fsh_devs_m(1,2011)  -0.00737779 -5.46494e-07
sel50_fsh_devs_m(1,2012)   -0.0959887 -8.62769e-06
sel50_fsh_devs_m(1,2013)    -0.010288  -8.8775e-06
sel50_fsh_devs_m(1,2014)    0.0248776 -8.14132e-07
sel50_fsh_devs_m(1,2015)     0.130361  7.31253e-07
sel50_fsh_devs_m(1,2016)     0.086979 -5.42331e-05
sel50_fsh_devs_m(1,2017)    0.0222863  0.000474408
sel50_fsh_devs_m(1,2018)    0.0432576  0.000507463
sel_slope_srv(1)      1.64638 -3.41447e-07
sel50_srv(1)      4.71226  7.92069e-06
R_logalpha     -4.28176  -2.2888e-06
R_logbeta     -6.45004  2.86315e-06
log_msy_sel_f(1)     -8.62495  1.91625e-05
log_msy_sel_f(2)     -7.47166  1.98868e-05
log_msy_sel_f(3)     -6.31929  1.95816e-05
log_msy_sel_f(4)     -5.16971  2.15713e-05
log_msy_sel_f(5)     -4.02866  1.66869e-05
log_msy_sel_f(6)     -2.91347  1.25003e-05
log_msy_sel_f(7)     -1.87237  5.46809e-06
log_msy_sel_f(8)      -1.0099  4.65893e-06
log_msy_sel_f(9)    -0.443828 -2.23149e-06
log_msy_sel_f(10)    -0.166377 -3.65057e-06
log_msy_sel_f(11)   -0.0576541  2.30505e-07
log_msy_sel_f(12)   -0.0194867  6.78276e-07
log_msy_sel_f(13)  -0.00657533  5.89203e-06
log_msy_sel_f(14)  -0.00223335 -6.49468e-06
log_msy_sel_f(15) -0.000765377  1.09265e-05
log_msy_sel_f(16) -0.000264772 -7.08241e-06
log_msy_sel_f(17)   -9.239e-05 -4.60956e-06
log_msy_sel_f(18) -9.23809e-05 -9.80556e-07
log_msy_sel_f(19) -9.23741e-05  1.74436e-06
log_msy_sel_f(20) -9.23613e-05  6.86048e-06
log_msy_sel_m(1)     -8.93855  1.42263e-05
log_msy_sel_m(2)     -7.76841  1.17117e-05
log_msy_sel_m(3)     -6.59893  1.09037e-06
log_msy_sel_m(4)     -5.43157  6.86567e-06
log_msy_sel_m(5)     -4.27096 -3.64493e-06
log_msy_sel_m(6)     -3.13158 -1.06378e-05
log_msy_sel_m(7)     -2.05537 -1.18538e-05
log_msy_sel_m(8)     -1.13966 -7.60008e-06
log_msy_sel_m(9)    -0.512486  1.02571e-05
log_msy_sel_m(10)    -0.192827  2.13149e-05
log_msy_sel_m(11)   -0.0656424  1.63495e-05
log_msy_sel_m(12)   -0.0214592  1.17191e-05
log_msy_sel_m(13)  -0.00692965 -1.14279e-07
log_msy_sel_m(14)  -0.00223411  1.08012e-05
log_msy_sel_m(15) -0.000721755  -5.6929e-06
log_msy_sel_m(16) -0.000233882 -1.06531e-07
log_msy_sel_m(17) -7.60343e-05  2.77105e-06
log_msy_sel_m(18) -7.60312e-05  4.03114e-06
log_msy_sel_m(19) -7.60468e-05 -2.22667e-06
log_msy_sel_m(20) -7.60565e-05 -6.08788e-06
rec_dev_future(2019)            0            0
rec_dev_future(2020)            0            0
rec_dev_future(2021)            0            0
rec_dev_future(2022)            0            0
rec_dev_future(2023)            0            0
rec_dev_future(2024)            0            0
rec_dev_future(2025)            0            0
rec_dev_future(2026)            0            0
rec_dev_future(2027)            0            0
rec_dev_future(2028)            0            0
