# Number of parameters = 464 Objective function value = 1343.65893119921  Maximum gradient component = 0.000866360002268451
# ln_q_srv:
 -0.0717680000000000
# natmort_f:
0.120000000000
# natmort_m:
0.125320667533
# Linf_f:
38.0340000000
# K_f:
0.137000000000
# t0_f:
0.297000000000
# Linf_m:
34.0300000000
# K_m:
0.161000000000
# t0_m:
0.515000000000
# age_incr:
 0.00000000000 0.00000000000 0.00000000000 0.00000000000 0.00000000000 0.00000000000 0.00000000000 0.00000000000 0.00000000000 0.00000000000 0.00000000000
# yr_incr:
 0.00000000000 0.00000000000 0.00000000000 0.00000000000 0.00000000000 0.00000000000 0.00000000000 0.00000000000 0.00000000000 0.00000000000 0.00000000000 0.00000000000 0.00000000000 0.00000000000 0.00000000000 0.00000000000 0.00000000000 0.00000000000 0.00000000000 0.00000000000 0.00000000000 0.00000000000 0.00000000000 0.00000000000 0.00000000000 0.00000000000 0.00000000000 0.00000000000 0.00000000000 0.00000000000 0.00000000000 0.00000000000 0.00000000000 0.00000000000 0.00000000000 0.00000000000 0.00000000000 0.00000000000 0.00000000000 0.00000000000 0.00000000000 0.00000000000 0.00000000000 0.00000000000 0.00000000000 0.00000000000 0.00000000000 0.00000000000 0.00000000000 0.00000000000 0.00000000000 0.00000000000 0.00000000000 0.00000000000 0.00000000000 0.00000000000 0.00000000000 0.00000000000 0.00000000000
# growth_alpha:
0.380000000000
# q_alpha:
 0.0839847927401
# q_beta[1]:
 0.0672408053865 0.00500553338042 -0.00362738435664
# mean_log_rec:
0.913464433078
# rec_dev:
 -0.156354959686 -0.506296488470 -0.906431627864 0.282258889817 -0.0317714540217 -0.300285512482 -0.361408747409 -0.896618883170 -0.252919418630 -0.893706590362 -0.971702752328 -0.710487745610 -0.692621955908 0.0494100949139 0.474046954108 0.534778753981 0.788064863309 0.883988644881 0.627815450242 0.258709951671 0.557839955966 0.697976400881 0.290325131030 0.510225754957 0.126047771203 -0.321751974889 0.347155299177 0.108151049923 1.11842482420 -0.662531264624 0.866478527621 -0.247051637211 -0.515717366828 -0.136117763778 0.195427078853 0.247266113574 -0.498203803870 -0.386214100798 0.415636133485 -0.120839204909 -0.309737539977 -0.358578594042 0.534498554714 -0.308929611272 -0.444812943797 -0.227352504980 0.0948599866762 -0.285574754311 0.127457216127 0.166998966497 0.780602849738 -0.125866197468 0.0112241401118 0.224690599101 0.306957079719 0.379542494654 0.0731046566805 -0.328165361379 -0.108956981550 -0.0129563046514
# mean_log_init:
-0.620489217947
# init_dev_m:
 1.04008716865 0.276892719143 0.0461759444988 0.0131024896956 -0.0392977899012 -0.0509158675437 -0.0546916305662 -0.0593992862314 -0.0627439808373 -0.0651551969852 -0.0681772390793 -0.0706429377334 -0.0722032388714 -0.0728758819325 -0.0731251872409 -0.0732809055215 -0.0734034202446 -0.0734718438689 -0.0735164683869
# init_dev_f:
 0.495307472621 0.118529047439 0.00329452886938 -0.0138499907317 -0.0418568134169 -0.0512406533568 -0.0552899300247 -0.0601318532509 -0.0635202224584 -0.0659599789871 -0.0690186443982 -0.0715121241213 -0.0730876082729 -0.0737654238890 -0.0740159649259 -0.0741722570200 -0.0742950542302 -0.0743635776179 -0.0744081763166
# log_avg_fmort:
 -2.35550010635
# fmort_dev:
 -2.68728512570 -2.51218300050 -1.96034774939 -1.93981960939 -1.28129427342 0.265297107641 1.46229726161 2.30717096105 3.94146612262 1.29624981403 1.06513556577 0.890720640235 1.51532434257 1.81035780813 1.56554952273 1.96922527501 2.06790404839 1.89336005081 1.24769243379 1.55733296193 0.417382094346 0.277707602262 0.267673673641 -0.533638468732 0.167566110983 -0.377645105191 -0.241507943663 -0.487583423740 -0.783419125277 -0.750250113038 -0.315000621365 0.0736799620285 0.00590923388761 -0.0213811878229 0.218007459269 -0.0699264997628 -0.787715379122 -0.612619925780 -0.480517579227 -0.556764078188 -0.303302587986 -0.445613728061 -0.499080815144 -0.0230361869164 -0.387429879886 -0.713733745686 -0.594337273654 -0.888129374624 -0.739385732758 -0.879286204310 -0.945178130192 -0.764031280350 -0.727710476992 -0.449830533379 -0.189459907323 -0.557343368827 -0.440615849319 -0.140143943214 -0.162001471548 -0.0344599614991
# sel_slope_fsh_f:
 1.28799816249
# sel50_fsh_f:
 8.41433487503
# sel_slope_fsh_devs_f:
 -1.05645238406e-05 -9.92167407432e-06 -1.80020625891e-05 -2.57567554440e-05 -8.36639431192e-05 -0.000712922482079 -0.00335353838251 -0.00591076378765 -0.000596084192629 -0.0517743466151 1.18975464507 0.0871896860726 0.0649272101744 0.215939096618 -0.0360162601002 0.302666737335 0.354366630386 0.946237284788 1.04801640135 0.105576584716 0.155067579776 0.233663255569 -0.133383410565 -0.497525086264 -0.0855857338488 -0.132282522441 -0.543720381034 -0.415856057421 -0.180344715778 0.0212983004697 -0.0562697480975 -0.0931595378933 0.208384331311 -0.115400728718 0.0861037525505 0.0555677631771 0.0489619859383 -0.687066331592 -0.143438568631 -0.513981745485 0.0912208794654 0.0564104925346 0.205635028934 -0.204781045515 -0.0797659017521 -0.137392018762 0.0109453606916 -0.179190765077 -0.0210153862236 -0.0545941069267 -0.102520072655 -0.253231106550 0.0969903836041 -0.215621373854 0.0509199113320 0.228125687593 -0.114104143966 -0.165675510271 -0.417219998900 -0.222333725262
# sel50_fsh_devs_f:
 -9.44377687890e-05 -9.65863561415e-05 -0.000138496161370 -0.000121328266312 -0.000246930994008 -0.00154508028096 -0.00687856617304 -0.0156984221429 0.0251060080430 -0.0403671424772 -0.796290702434 0.228954797769 0.225372143923 0.211163928343 0.357868122934 0.0890419309723 0.279110110259 -0.245869224342 0.203418240555 0.123018108461 -0.209756499650 -0.0417895085233 0.0729648169696 -0.163628954721 -0.0826134753350 -0.0879114924871 0.0580333373398 -0.0143914061677 -0.113701567316 -0.204685048689 -0.0734870210983 -0.0469601894383 -0.104983141674 0.0634958202559 0.0296239286599 0.100344665952 0.0395327702488 0.127078628850 -0.0424504976833 0.0841681374791 -0.00819132646259 -0.0847270308154 -0.0607941561433 0.0145493409221 -0.00355630787073 0.0913367072745 0.0415112329763 0.0211204712261 0.0813942117601 -0.0137589801829 -0.00563573912295 -0.0389855771382 -0.157551644771 0.0126036165854 -0.108887042517 -0.0676588871369 -0.0159900064783 0.0329849842726 0.117963588569 0.127683011865
# sel_slope_fsh_m:
 1.23497547730
# male_sel_offset:
0.00000000000
# sel_slope_fsh_devs_m:
 1.59849077335e-05 7.89068534814e-05 0.000351616156902 0.000734737144466 0.00240817059523 0.0143286471029 0.0478690454092 0.103045784446 0.208457478427 0.0504848257341 0.357473005308 0.410414740048 0.169320033432 0.245232399281 0.249814893329 0.237765348028 0.694371280442 0.537126595995 0.538668177886 0.695856584129 0.114598139693 0.377826932310 -0.0762010860184 0.146172898567 -0.219363693589 -0.154172552669 -0.781622159815 -0.668673178509 -0.245409174615 -0.109550004822 0.0218861552992 0.106343049240 0.241942046655 0.306978052332 0.277236500814 0.121728493193 -0.106024548270 -0.452385884190 -0.0317165202115 -0.657926658192 -0.401294364533 -0.260052083491 -0.141733132304 0.434150669852 -0.389745652010 -0.440994977298 -0.180152708065 -0.200292324950 0.0314251271417 0.178413840166 -0.119437866188 -0.212004250188 0.100086186489 0.0779480365541 -0.0274600037863 -0.214146942182 -0.108014091322 -0.370399689387 -0.235683129778 -0.296096119937
# sel50_fsh_m:
 8.62416690145
# sel50_fsh_devs_m:
 -7.24130794048e-05 -3.64738378309e-05 0.000153835633279 0.000667505015272 0.00322170376689 0.0279766170800 0.115616129921 0.244372604498 0.440392583135 -0.101046054244 -0.0241140992845 -0.0362363918140 0.0174468766604 -0.104631844616 -0.0406752773759 0.00930620155873 -0.206972046927 -0.157613553519 -0.165009219070 -0.154538101102 0.234635895627 -0.158351739024 0.0628135046115 -0.0531486349956 -0.0288062977134 -0.0761030623455 0.260311416220 0.0756899574242 -0.179478383312 -0.189153159410 -0.106420383161 -0.117855784479 -0.131822665287 -0.0659506773914 -0.0452186938411 0.0648637084487 0.0493962565134 -0.106014053235 -0.0656386095299 0.185824879264 0.137938467170 0.000780370246989 -0.0411040333760 -0.109378235056 0.141951921178 0.274787216135 0.103950611712 0.0984703401455 0.0817079268924 -0.0527960710258 0.0204835078835 -0.0331780878861 -0.0995128409354 -0.112378775989 -0.0695480904644 0.0591916249980 -0.0339464169293 0.0670434020696 0.00491177797232 0.0828433917721
# sel_slope_srv:
 1.61839086840
# sel50_srv:
 4.77384158167
# sel_slope_srv_m:
 0.00000000000
# sel50_srv_m:
 0.00000000000
# F40:
 0.120000000000
# F35:
 0.160000000000
# F30:
 0.210000000000
# R_logalpha:
-4.28149069568
# R_logbeta:
-6.38689636185
# sigmaR:
0.600000000000
# wt_fsh_fut_f:
 6.00000000000 8.00000000000 20.0000000000 31.0000000000 55.0000000000 133.000000000 200.000000000 316.000000000 273.000000000 329.000000000 376.000000000 377.000000000 396.000000000 423.000000000 463.000000000 488.000000000 536.000000000 485.000000000 515.000000000 569.000000000
# wt_fsh_fut_m:
 0.00000000000 4.00000000000 15.0000000000 34.0000000000 60.0000000000 134.000000000 172.000000000 213.000000000 254.000000000 289.000000000 308.000000000 310.000000000 363.000000000 390.000000000 328.000000000 404.000000000 372.000000000 384.000000000 386.000000000 450.000000000
# wt_pop_fut_f:
 6.00000000000 8.00000000000 12.0000000000 21.0000000000 40.0000000000 102.000000000 131.000000000 195.000000000 275.000000000 318.000000000 366.000000000 399.000000000 415.000000000 474.000000000 473.000000000 518.000000000 550.000000000 555.000000000 606.000000000 702.000000000
# wt_pop_fut_m:
 4.00000000000 8.00000000000 12.0000000000 20.0000000000 41.0000000000 77.0000000000 131.000000000 189.000000000 228.000000000 267.000000000 269.000000000 346.000000000 275.000000000 371.000000000 383.000000000 420.000000000 456.000000000 407.000000000 395.000000000 487.000000000
# log_msy_sel_f:
 -8.13814697243 -7.14831611712 -6.15938603094 -5.17281318530 -4.19244929869 -3.22837132068 -2.30564302377 -1.47791458323 -0.825212882023 -0.400177634780 -0.174342453351 -0.0716042701346 -0.0287302831295 -0.0114720230523 -0.00459521912414 -0.00185202207854 -0.000751686177479 -0.000751670331305 -0.000751651204870 -0.000751642020868
# log_msy_sel_m:
 -7.39326507291 -6.47859674887 -5.56532790507 -4.65553388571 -3.75431677803 -2.87387403514 -2.04132514960 -1.30742985006 -0.737653738525 -0.367046567225 -0.166002313050 -0.0709724204466 -0.0295336619222 -0.0121543424850 -0.00498389999693 -0.00204282493903 -0.000838092525004 -0.000838099139655 -0.000838103190002 -0.000838114318033
# rec_dev_future:
 0.00000000000 0.00000000000 0.00000000000 0.00000000000 0.00000000000 0.00000000000 0.00000000000 0.00000000000 0.00000000000 0.00000000000
