# Number of parameters = 518 Objective function value = 1621.92686164788  Maximum gradient component = 0.000199272951525703
# ln_q_srv:
 -0.0717680000000000
# natmort_f:
0.120000000000
# natmort_m:
0.125263053917
# Linf_f:
38.0340000000
# K_f:
0.137000000000
# t0_f:
0.297000000000
# Linf_m:
34.0300000000
# K_m:
0.161000000000
# t0_m:
0.515000000000
# age_incr:
 0.00000000000 0.00000000000 0.00000000000 0.00000000000 0.00000000000 0.00000000000 0.00000000000 0.00000000000 0.00000000000 0.00000000000 0.00000000000
# yr_incr:
 0.00000000000 0.00000000000 0.00000000000 0.00000000000 0.00000000000 0.00000000000 0.00000000000 0.00000000000 0.00000000000 0.00000000000 0.00000000000 0.00000000000 0.00000000000 0.00000000000 0.00000000000 0.00000000000 0.00000000000 0.00000000000 0.00000000000 0.00000000000 0.00000000000 0.00000000000 0.00000000000 0.00000000000 0.00000000000 0.00000000000 0.00000000000 0.00000000000 0.00000000000 0.00000000000 0.00000000000 0.00000000000 0.00000000000 0.00000000000 0.00000000000 0.00000000000 0.00000000000 0.00000000000 0.00000000000 0.00000000000 0.00000000000 0.00000000000 0.00000000000 0.00000000000 0.00000000000 0.00000000000 0.00000000000 0.00000000000 0.00000000000 0.00000000000 0.00000000000 0.00000000000 0.00000000000 0.00000000000 0.00000000000 0.00000000000 0.00000000000 0.00000000000 0.00000000000 0.00000000000 0.00000000000 0.00000000000 0.00000000000 0.00000000000 0.00000000000 0.00000000000 0.00000000000 0.00000000000
# growth_alpha:
0.380000000000
# q_alpha:
 -0.00254771841995
# q_beta[1]:
 0.0595390006969 0.0110041702685 -0.00325795969765
# mean_log_rec:
0.946102767117
# rec_dev:
 -0.178530189185 -0.384628025501 -0.544118053507 0.732099967087 0.285273286605 -0.145210711099 -0.303397691250 -0.900700688182 -0.271617070668 -0.944907201324 -1.03762762950 -0.751178801695 -0.691493350330 0.0547699396252 0.483636119880 0.548447082812 0.804473790548 0.902246685135 0.648184289911 0.280254390388 0.579020578766 0.714328846529 0.302706700037 0.522695802226 0.140796697607 -0.304256056675 0.367793893416 0.132666034689 1.14527990875 -0.635659445346 0.895835536968 -0.216444354479 -0.482420148983 -0.0971405096720 0.240197989467 0.298271262845 -0.440383817664 -0.320048448526 0.489960241652 -0.0406886445919 -0.222968532496 -0.266248331809 0.624228095657 -0.221565216626 -0.371188404623 -0.156429556866 0.171018759759 -0.243830717987 0.0841593892368 0.0784070522080 0.507918196685 -0.365158313178 -0.275649311215 -0.153812409650 -0.189528266926 -0.0287027221320 0.274729079766 -0.727558786630 -1.48600251850 -0.692242510132 -0.675401123264 -0.0576988748115 0.208530232624 0.994936657912 0.108020570766 1.26291301550 -0.0462486298285 -0.0129425739688 -0.000172580207648
# mean_log_init:
-0.747159382140
# init_dev_m:
 1.12503803880 0.313251269069 0.0512933549579 0.0180611404814 -0.0442093373544 -0.0559960720294 -0.0599317222202 -0.0642433704476 -0.0676974343523 -0.0705132285828 -0.0736803535729 -0.0768704743341 -0.0788782209090 -0.0797179452027 -0.0800262593549 -0.0802184023723 -0.0803696447013 -0.0804539664192 -0.0805090931710
# init_dev_f:
 0.531558403641 0.133645737791 0.00318913372461 -0.0145509168245 -0.0473671746804 -0.0564483441938 -0.0605687057962 -0.0649841732754 -0.0684898433424 -0.0713402534091 -0.0745444424490 -0.0777702250104 -0.0797974048260 -0.0806434763848 -0.0809533188888 -0.0811461320168 -0.0812977452695 -0.0813821537332 -0.0814372626790
# log_avg_fmort:
 -2.42906250274
# fmort_dev:
 -2.48603605494 -2.30955655688 -1.75602833625 -1.73362562812 -1.07273550941 0.483934781409 1.72444598339 2.73733799408 3.98431332372 1.36909517969 1.22503320298 1.03784310468 1.65569774584 1.92444841658 1.79037661881 2.00591160265 1.99329471967 2.40281250646 1.19681255385 1.70097615589 0.432940291169 0.314558173160 0.299544560047 -0.514436303360 0.185539782827 -0.363916883397 -0.261524401702 -0.485406039828 -0.774092803929 -0.740019489591 -0.306516256311 0.0798071862885 0.00827270728396 -0.0251463814937 0.211907209179 -0.0852817103766 -0.806194277217 -0.633183985453 -0.493560180918 -0.582961057187 -0.319639338291 -0.464024420810 -0.519399116785 -0.0500106910918 -0.421236623719 -0.754212701913 -0.634312976920 -0.931942920608 -0.787803139105 -0.933878832257 -1.00487824483 -0.829823138213 -0.796892637182 -0.529283368806 -0.281738651360 -0.654210242207 -0.561875899898 -0.301560155104 -0.324088027561 -0.163003456946 -0.140110020945 -0.288991720353 -0.207881072861 -0.253039681623 -0.257597691543 -0.228925590403 -0.134832755774 -0.414330781241 -0.145157906124
# sel_slope_fsh_f:
 1.32000848697
# sel50_fsh_f:
 8.08472056588
# sel_slope_fsh_devs_f:
 -1.45523325417e-05 -1.54885554853e-05 -3.16091928934e-05 -4.92252349984e-05 -0.000156740123325 -0.00139912128382 -0.00703857374827 -0.0199584315722 -0.335088010487 -0.0310619833203 1.14750587024 0.481192257003 0.221966371747 0.324136498062 0.304817507431 0.0602942793509 0.223064618292 0.954943935327 0.838609898409 0.0302491726722 0.137157110046 0.214202246419 -0.153185772595 -0.508216953904 -0.0993024991437 -0.146325576828 -0.535015625609 -0.420696443264 -0.188995888362 0.0219109649040 -0.0620423221411 -0.102688083307 0.198330625783 -0.120870974602 0.0833365179883 0.0587253196762 0.0457205721727 -0.688766599604 -0.146647130976 -0.507933337565 0.0988042005420 0.0654333646371 0.204115260284 -0.205325715806 -0.0844894721828 -0.141399456014 -0.000764716438318 -0.196859404338 -0.0380295697140 -0.0714967648166 -0.120875387720 -0.276799483060 0.0687708972607 -0.259359310921 0.00596160778713 0.199996676899 -0.0692769123705 -0.0174418291202 -0.131967384998 0.0471476937296 0.0832072613693 -0.136270816638 0.0109175730848 -0.262251624921 -0.0884627482495 -0.152848384547 0.169524828282 0.0262895098711 0.00308760618151
# sel50_fsh_devs_f:
 -0.000116896187830 -0.000122919179219 -0.000185695078937 -0.000176342309391 -0.000381000551533 -0.00253163646168 -0.0124551882605 -0.0359577815612 -0.207793134434 -0.0281883925998 -0.749339752160 0.0202369531513 0.0626016492014 -0.0610083126198 0.0218809291635 0.133205466578 0.361277130696 -0.199024549022 0.245115993959 0.287161036452 -0.172989818189 -0.00263639417511 0.111607862008 -0.130253915699 -0.0460307750183 -0.0524134070761 0.0769102769104 0.0155050156969 -0.0802948142622 -0.171400755723 -0.0390651441276 -0.0112250921947 -0.0681994292822 0.0976018684638 0.0647997244172 0.133803348102 0.0728265653638 0.153895222905 -0.00994474392117 0.109383984112 0.0258004285398 -0.0495424428697 -0.0231783090565 0.0510556361553 0.0338015878291 0.127720332778 0.0815282869021 0.0607119166615 0.120687134830 0.0242787172409 0.0304972410034 -0.00754919270707 -0.126293825588 0.0409655054576 -0.0956873074183 -0.0592074086869 -0.0513248824758 -0.0429343151431 -0.0157426734680 0.0310684218976 0.0558157609079 0.120457299786 0.0391491821387 0.0351833329860 -0.00617214428105 -0.0357422825426 -0.133495105520 -0.120754696911 0.00282670399775
# sel_slope_fsh_m:
 1.23260835685
# male_sel_offset:
0.00000000000
# sel_slope_fsh_devs_m:
 1.79135974010e-05 9.57177681018e-05 0.000437186374595 0.000926843049465 0.00305993472941 0.0186870544516 0.0635644745899 0.131494241849 0.210025629075 0.0226316586607 0.372153027760 0.106193524224 0.0508730352774 0.0496027382669 -0.230044324564 0.345832837580 0.804548649936 0.595415241551 0.513552389893 0.669076965175 0.144302738794 0.383301337461 -0.0727068550005 0.150983121577 -0.215809099981 -0.150030616307 -0.768896831637 -0.659689099030 -0.237865881501 -0.101641198686 0.0260254076089 0.104554533359 0.241017426737 0.308718634619 0.276440021496 0.125000447836 -0.0940180539455 -0.439093283900 -0.0215993445353 -0.642965728053 -0.390017429923 -0.252440590804 -0.141066306873 0.435538934104 -0.385266755527 -0.431578091498 -0.181097844990 -0.202606462038 0.0232588563720 0.168531641216 -0.128605616622 -0.226108251477 0.0937780211129 0.0537019614925 -0.0526807719705 -0.241191128861 0.0251026834845 -0.149648627554 0.140271271853 0.0207707250036 0.102563872043 -0.0432272713331 -0.0719432412222 -0.0279232724463 -0.0274883369686 -0.0552278612081 -0.0297301556396 -0.111920719668 0.00207853534890
# sel50_fsh_m:
 8.67384932841
# sel50_fsh_devs_m:
 -8.80242366819e-05 -4.56839821386e-05 0.000187930489147 0.000830615210139 0.00401054564405 0.0342551442163 0.135649797253 0.280605013923 0.445024509728 -0.0970562092334 -0.0776286704517 0.0811016184882 0.140677471728 0.138099813604 0.301815364124 0.0124243439650 -0.243338987008 0.288643466171 -0.174080956915 -0.156125454035 0.182178347941 -0.164616336061 0.0562626609068 -0.0600221667632 -0.0356073409491 -0.0836560913601 0.240434494606 0.0629069607956 -0.188960028149 -0.197528074833 -0.113180650536 -0.122686350774 -0.137427266896 -0.0726251547558 -0.0515227080868 0.0570246786669 0.0386160951800 -0.119800033726 -0.0740379028194 0.171749082210 0.129764466688 -0.00490886416411 -0.0446471173903 -0.113072069162 0.137309286304 0.267308072563 0.100650765295 0.0953057532691 0.0788787435409 -0.0578388943662 0.0146082371084 -0.0421586139015 -0.111056243502 -0.129902865682 -0.0998519132466 0.0246450876975 -0.123832263355 -0.0788067148197 -0.161620045813 -0.0798791338455 -0.0494016282638 0.0427753360940 0.00630795824964 -0.0490846264149 -0.0209998566118 -0.0567573709241 -0.0901492462137 -0.0886519914712 0.00260193080031
# sel_slope_srv:
 1.65852166158
# sel50_srv:
 4.62537148644
# sel_slope_srv_m:
 0.00000000000
# sel50_srv_m:
 0.00000000000
# F40:
 0.120000000000
# F35:
 0.160000000000
# F30:
 0.210000000000
# R_logalpha:
-4.23197333080
# R_logbeta:
-6.36867946924
# sigmaR:
0.600000000000
# wt_fsh_fut_f:
 6.00000000000 8.00000000000 19.0000000000 35.0000000000 192.000000000 220.000000000 278.000000000 286.000000000 317.000000000 378.000000000 395.000000000 425.000000000 449.000000000 484.000000000 525.000000000 501.000000000 531.000000000 561.000000000 607.000000000 606.000000000
# wt_fsh_fut_m:
 0.00000000000 8.00000000000 20.0000000000 35.0000000000 186.000000000 218.000000000 252.000000000 236.000000000 292.000000000 310.000000000 327.000000000 357.000000000 374.000000000 396.000000000 371.000000000 408.000000000 370.000000000 428.000000000 503.000000000 473.000000000
# wt_pop_fut_f:
 6.00000000000 6.00000000000 21.0000000000 43.0000000000 103.000000000 188.000000000 248.000000000 321.000000000 365.000000000 453.000000000 438.000000000 478.000000000 540.000000000 564.000000000 592.000000000 637.000000000 602.000000000 635.000000000 650.000000000 667.000000000
# wt_pop_fut_m:
 4.00000000000 8.00000000000 24.0000000000 59.0000000000 110.000000000 180.000000000 232.000000000 250.000000000 267.000000000 332.000000000 331.000000000 374.000000000 420.000000000 428.000000000 435.000000000 455.000000000 462.000000000 449.000000000 431.000000000 448.000000000
# log_msy_sel_f:
 -9.08860316611 -7.67462129100 -6.26184998730 -4.85403807966 -3.46639015018 -2.15589359062 -1.07947554222 -0.419229883680 -0.131843473890 -0.0366458551002 -0.00971811426500 -0.00254591354698 -0.000666074125524 -0.000174501997679 -4.57993347689e-05 -1.20408449609e-05 -3.17128630524e-06 -3.16925069188e-06 -3.16783212923e-06 -3.17054965549e-06
# log_msy_sel_m:
 -8.48022806940 -7.30287904928 -6.12676482572 -4.95454045556 -3.79445499591 -2.67099334492 -1.64763356418 -0.840843967207 -0.345871499431 -0.120200805912 -0.0383705323887 -0.0118918894902 -0.00365950264922 -0.00112649352189 -0.000347677736222 -0.000107668108829 -3.34635105685e-05 -3.34616717879e-05 -3.34631813649e-05 -3.34638666728e-05
# rec_dev_future:
 0.00000000000 0.00000000000 0.00000000000 0.00000000000 0.00000000000 0.00000000000 0.00000000000 0.00000000000 0.00000000000 0.00000000000
