# Number of parameters = 520 Objective function value = 1345.22761816118  Maximum gradient component = 0.00143341734853113
# ln_q_srv:
 -0.0717680000000000
# natmort_f:
0.120000000000
# natmort_m:
0.139430900427
# Linf_f:
40.4644535000
# K_f:
0.126336700000
# t0_f:
0.594268800000
# Linf_m:
36.0729742000
# K_m:
0.138976400000
# t0_m:
0.357008100000
# age_incr:
 0.00000000000 0.00000000000 0.00000000000 0.00000000000 0.00000000000 0.00000000000 0.00000000000 0.00000000000 0.00000000000 0.00000000000 0.00000000000
# yr_incr:
 0.00000000000 0.00000000000 0.00000000000 0.00000000000 0.00000000000 0.00000000000 0.00000000000 0.00000000000 0.00000000000 0.00000000000 0.00000000000 0.00000000000 0.00000000000 0.00000000000 0.00000000000 0.00000000000 0.00000000000 0.00000000000 0.00000000000 0.00000000000 0.00000000000 0.00000000000 0.00000000000 0.00000000000 0.00000000000 0.00000000000 0.00000000000 0.00000000000 0.00000000000 0.00000000000 0.00000000000 0.00000000000 0.00000000000 0.00000000000 0.00000000000 0.00000000000 0.00000000000 0.00000000000 0.00000000000 0.00000000000 0.00000000000 0.00000000000 0.00000000000 0.00000000000 0.00000000000 0.00000000000 0.00000000000 0.00000000000 0.00000000000 0.00000000000 0.00000000000 0.00000000000 0.00000000000 0.00000000000 0.00000000000 0.00000000000 0.00000000000 0.00000000000 0.00000000000 0.00000000000 0.00000000000 0.00000000000 0.00000000000 0.00000000000 0.00000000000 0.00000000000 0.00000000000 0.00000000000
# growth_alpha:
0.380000000000
# q_alpha:
 -0.246140872524
# q_beta[1]:
 0.0649090502381 0.0110560635854 -0.00966901710990
# mean_log_rec:
0.997996619778
# rec_dev:
 -0.277390783338 -0.483762143123 -0.632031684645 0.685989070567 0.282106695749 -0.145667488862 -0.309405022963 -0.898658094355 -0.253348651638 -0.903010789844 -0.981997275987 -0.708624117616 -0.661542154244 0.101606949646 0.547908708684 0.583747312692 0.864094475910 0.971394552514 0.728734931632 0.361622362171 0.648677749053 0.812545040175 0.379611175695 0.593850045866 0.180653486113 -0.272719514919 0.396297200767 0.101681610619 1.18376654203 -0.592740535639 0.951685687774 -0.149925105778 -0.403692531742 -0.0469434756548 0.281311042197 0.326528697336 -0.447114349323 -0.312131370585 0.485956107510 -0.0654027517247 -0.222387224828 -0.223292555964 0.683136734808 -0.189713547694 -0.360724208971 -0.149955216336 0.195783500259 -0.221832753679 0.0639467610782 0.0284166935778 0.453727952915 -0.369995387508 -0.299758331295 -0.198765144414 -0.262805619532 -0.0983391280621 0.231564394293 -0.767631571568 -1.56454171944 -0.793983339080 -0.825135624598 -0.168245001833 0.160513307588 1.12106985429 -0.0563860412839 1.03328694973 -0.109950430089 -0.0116135812450 -5.07254226942e-05
# mean_log_init:
-0.686326094222
# init_dev_m:
 0.492340303963 0.114744497704 0.00339870821223 -0.00969991123219 -0.0421620060540 -0.0503130869645 -0.0538545314812 -0.0575581315451 -0.0606264105746 -0.0631638179133 -0.0661153666077 -0.0689273594117 -0.0706489634473 -0.0713744911520 -0.0716415009328 -0.0718077081635 -0.0719383153998 -0.0720109411498 -0.0720582527036
# init_dev_f:
 1.03590858149 0.267712741067 0.0446452294005 0.0207753442486 -0.0415333841681 -0.0528377055693 -0.0564023972796 -0.0602287288336 -0.0634139101402 -0.0660490072870 -0.0691273856917 -0.0720561155084 -0.0738397309880 -0.0745857468073 -0.0748577560564 -0.0750261259425 -0.0751579516906 -0.0752308618972 -0.0752781297102
# log_avg_fmort:
 -2.44855662889
# fmort_dev:
 -2.53316024253 -2.34968382413 -1.78943446654 -1.76047598031 -1.09317707012 0.468017268761 1.70820013178 2.72050382671 4.06175781341 1.40431667656 1.29704467858 1.05569740002 1.68783355501 1.96755267848 1.86175306568 2.04983857040 2.16150160130 1.95940104224 1.28934490503 1.55924076045 0.392935787487 0.280987054039 0.247265186582 -0.522803224746 0.137226629421 -0.412265490069 -0.316481465784 -0.549179711558 -0.822494967661 -0.795138809823 -0.352862893732 0.0356957991183 -0.0508959551276 -0.0704330467314 0.157022421279 -0.139904452840 -0.858997149727 -0.651367777110 -0.517154666709 -0.622709028545 -0.359992701514 -0.486934768958 -0.541964433833 -0.0414405939024 -0.446642511158 -0.780660875309 -0.644106126376 -0.931023626989 -0.770281550895 -0.914526627791 -0.988679584276 -0.812168098582 -0.784274961643 -0.498888803279 -0.260430408592 -0.649910937458 -0.530191635456 -0.265218361902 -0.250974848884 -0.101863668122 -0.0739760775656 -0.215282682207 -0.122050952260 -0.158507985084 -0.166278975222 -0.137301819897 -0.0398103271497 -0.298720702239 -0.0224120398832
# sel_slope_fsh_f:
 1.20839100511
# sel50_fsh_f:
 8.61721399438
# sel_slope_fsh_devs_f:
 2.15630943572e-05 9.67330664592e-05 0.000417470973372 0.000847231402018 0.00268299053427 0.0158408487373 0.0548012843998 0.123410873125 0.210382736420 0.0267311424995 0.331378853450 0.145418098295 0.0612486554404 0.0417179380485 -0.258130850911 0.318410564869 0.368286718169 1.03062588188 1.07956826905 0.144402257629 0.207379684200 0.259996137107 -0.0872564059654 -0.495177107944 -0.0346823121340 -0.104588787622 -0.501122996327 -0.397542564529 -0.178264492838 -0.0140992510115 -0.0818445863762 -0.138421783929 0.203582784542 -0.159288941132 0.0686099837984 0.0662897398699 0.107862700617 -0.655691924302 -0.114615831815 -0.469324230927 0.105220307457 0.0225141985957 0.199529723901 -0.214758070692 -0.0458650521831 -0.107523680915 0.0406947312197 -0.154529198568 -0.0350091065226 -0.0541280199269 -0.117115946197 -0.293150438585 0.0672471277892 -0.276318110160 0.0162394242879 0.230118717080 -0.0740347911144 -0.0214696511018 -0.213401186153 0.0376973091176 0.0596164709317 -0.144609705048 -0.0324657354707 -0.273645083650 -0.0799607546987 -0.129230789913 0.224079687634 0.0830078842688 0.00129010247776
# sel50_fsh_devs_f:
 -9.56033906441e-05 -5.41682877664e-05 0.000164388660490 0.000758360990920 0.00359990413322 0.0306858326328 0.126594462914 0.273825830669 0.452183616988 -0.0906572406782 -0.0739983236112 0.0724008667589 0.138469652407 0.135916696279 0.302903854640 0.0483784857376 0.236419729512 -0.272292025544 0.178230915714 0.0820639729372 -0.228733652692 -0.0545692328836 0.0576776751878 -0.144242161764 -0.0953840799618 -0.0935422889812 0.0446380213730 -0.0188554793353 -0.112760273908 -0.201074298701 -0.0652747992573 -0.0289936485020 -0.112441588705 0.0698960808958 0.0193732096267 0.0835704673659 0.0158769120887 0.122101326236 -0.0501200990851 0.0697611372623 -0.0196182627326 -0.0870014390943 -0.0725296377178 0.0194096732322 -0.0184029659033 0.0764166174800 0.0291852502541 0.0181198470114 0.0839600344396 -0.0141664964382 -0.00395334964324 -0.0291055747439 -0.163606218189 0.0182598374066 -0.135200099645 -0.111013054056 -0.0877428170208 -0.0784299018492 -0.0227171654144 -0.00459302674777 0.0195322652174 0.0868855950345 0.00607938031885 0.00893203377234 -0.0363705328804 -0.0661340051682 -0.179980773505 -0.159558766376 0.000941166481647
# sel_slope_fsh_m:
 1.37523350237
# male_sel_offset:
0.00000000000
# sel_slope_fsh_devs_m:
 -1.27930451050e-05 -1.35163765265e-05 -2.53766547962e-05 -3.65221224188e-05 -0.000113155536336 -0.00103643264569 -0.00553636131618 -0.0174960516302 -0.331585310078 -0.0196740055064 1.13247280176 0.420777270530 0.219500181503 0.350665576411 0.337820280598 0.143048414483 0.622281930110 0.377977871009 0.456865394876 0.629871739505 0.129242955265 0.303024368261 -0.145379413504 0.0789965495396 -0.275052230235 -0.189689294019 -0.818987302713 -0.671116362970 -0.263880349074 -0.0930432882253 -0.00252390803295 0.0590531175370 0.200989771949 0.274690324953 0.248898466940 0.139408466988 -0.0816866593476 -0.491261603089 -0.0483757546144 -0.644711853326 -0.350733208266 -0.222391361502 -0.0722289804304 0.378158213919 -0.321774471991 -0.401434722482 -0.144638789458 -0.203682968599 0.0232787807203 0.158194591131 -0.145901115273 -0.223875565409 0.0778988343849 -0.00784306858768 -0.0761665112420 -0.202816013303 0.0729303174545 -0.126671389377 0.0915602522057 -0.0239244576927 0.0908540567554 -0.00954993979200 -0.0915212779166 -0.0382949316298 -0.0564244964306 -0.0476229580727 -0.0383122741925 -0.112549751585 0.00113538418733
# sel50_fsh_m:
 8.04706042228
# sel50_fsh_devs_m:
 -8.10719916160e-05 -8.76521206337e-05 -0.000136519738822 -0.000134366909753 -0.000299207174638 -0.00204208429962 -0.0105532237444 -0.0337392729863 -0.241407590081 -0.0166883820211 -0.742907279730 0.0303493224161 0.0608185114155 -0.0680760943425 0.0181813661353 0.0973868032957 -0.140688050681 -0.0581451689579 -0.0989353283065 -0.0859785555792 0.282603948643 -0.0937967505851 0.119793288731 0.0117465107435 0.0257535177202 -0.0280088219970 0.285861339025 0.0927035335538 -0.143510478415 -0.157844649843 -0.0619634496250 -0.0697086309186 -0.0850883769834 -0.0156777233782 0.00654068759267 0.107621768559 0.0853535557169 -0.0675118207642 -0.0200595763242 0.199780930253 0.158608729586 0.0329434052885 -0.0145643651891 -0.0457988765765 0.157059888237 0.296422181593 0.140681854868 0.140673052250 0.132662782810 0.00758346964939 0.0717515713237 0.00233896806097 -0.0541093557820 -0.0676597850463 -0.0528181566608 0.0543198363847 -0.0802585653566 -0.0382515343912 -0.0969740118930 -0.0228868076324 0.00357901189385 0.0869719189336 0.0601674617979 0.00964432770124 0.0374090452766 -0.0181685187204 -0.0448107746127 -0.0394409249344 0.00149927740411
# sel_slope_srv:
 1.57820262015
# sel50_srv:
 4.93099076995
# sel_slope_srv_m:
 0.0438577717869
# sel50_srv_m:
 -0.00666984965903
# F40:
 0.120000000000
# F35:
 0.160000000000
# F30:
 0.210000000000
# R_logalpha:
-4.42921738962
# R_logbeta:
-6.55683811498
# sigmaR:
0.600000000000
# wt_fsh_fut_f:
 6.00000000000 8.00000000000 19.0000000000 35.0000000000 192.000000000 220.000000000 278.000000000 286.000000000 317.000000000 378.000000000 395.000000000 425.000000000 449.000000000 484.000000000 525.000000000 501.000000000 531.000000000 561.000000000 607.000000000 606.000000000
# wt_fsh_fut_m:
 0.00000000000 8.00000000000 20.0000000000 35.0000000000 186.000000000 218.000000000 252.000000000 236.000000000 292.000000000 310.000000000 327.000000000 357.000000000 374.000000000 396.000000000 371.000000000 408.000000000 370.000000000 428.000000000 503.000000000 473.000000000
# wt_pop_fut_f:
 6.00000000000 6.00000000000 21.0000000000 43.0000000000 103.000000000 188.000000000 248.000000000 321.000000000 365.000000000 453.000000000 438.000000000 478.000000000 540.000000000 564.000000000 592.000000000 637.000000000 602.000000000 635.000000000 650.000000000 667.000000000
# wt_pop_fut_m:
 4.00000000000 8.00000000000 24.0000000000 59.0000000000 110.000000000 180.000000000 232.000000000 250.000000000 267.000000000 332.000000000 331.000000000 374.000000000 420.000000000 428.000000000 435.000000000 455.000000000 462.000000000 449.000000000 431.000000000 448.000000000
# log_msy_sel_f:
 -8.97661482769 -7.63206612047 -6.28864382138 -4.94960817392 -3.62759209480 -2.36839511918 -1.29917869961 -0.585037770513 -0.221150326221 -0.0727055325336 -0.0221260566176 -0.00654450686060 -0.00192180673516 -0.000564176718710 -0.000165879095358 -4.88605892991e-05 -1.44200922564e-05 -1.44150079878e-05 -1.44161595068e-05 -1.44159943392e-05
# log_msy_sel_m:
 -8.95236908028 -7.64303638440 -6.33473226582 -5.03014309852 -3.73886280662 -2.49355838728 -1.38877598277 -0.596627293414 -0.199129874929 -0.0576928767550 -0.0159165441861 -0.00434114998364 -0.00118389493292 -0.000323840772335 -8.89230652434e-05 -2.45149522780e-05 -6.78207618040e-06 -6.78164413550e-06 -6.79305275099e-06 -6.78111400495e-06
# rec_dev_future:
 0.00000000000 0.00000000000 0.00000000000 0.00000000000 0.00000000000 0.00000000000 0.00000000000 0.00000000000 0.00000000000 0.00000000000
