ParName   Value   Gradient
natmort_m     0.139431 -7.06684e-06
q_alpha(1)    -0.246141  2.28809e-06
q_beta[1](1)    0.0649091  2.63581e-06
q_beta[1](2)    0.0110561  -7.6664e-06
q_beta[1](3)  -0.00966902  1.10883e-05
mean_log_rec     0.997997  2.75117e-05
rec_dev(1954)    -0.277391 -4.31919e-05
rec_dev(1955)    -0.483762 -2.03583e-05
rec_dev(1956)    -0.632032  4.42188e-05
rec_dev(1957)     0.685989  0.000161218
rec_dev(1958)     0.282107  7.04337e-05
rec_dev(1959)    -0.145667  7.01616e-05
rec_dev(1960)    -0.309405  7.40448e-05
rec_dev(1961)    -0.898658  4.27551e-05
rec_dev(1962)    -0.253349  5.45176e-05
rec_dev(1963)    -0.903011  1.50283e-05
rec_dev(1964)    -0.981997  1.22528e-05
rec_dev(1965)    -0.708624  4.56111e-06
rec_dev(1966)    -0.661542 -1.24365e-05
rec_dev(1967)     0.101607 -3.57742e-06
rec_dev(1968)     0.547909  3.87666e-05
rec_dev(1969)     0.583747   2.1152e-05
rec_dev(1970)     0.864094   4.4689e-05
rec_dev(1971)     0.971395   3.5065e-05
rec_dev(1972)     0.728735  2.44384e-05
rec_dev(1973)     0.361622  1.78036e-05
rec_dev(1974)     0.648678  1.52164e-05
rec_dev(1975)     0.812545  2.74594e-05
rec_dev(1976)     0.379611 -9.68981e-06
rec_dev(1977)      0.59385  5.05605e-06
rec_dev(1978)     0.180653  1.25171e-06
rec_dev(1979)     -0.27272  2.57771e-06
rec_dev(1980)     0.396297  2.14111e-06
rec_dev(1981)     0.101682  5.00494e-06
rec_dev(1982)      1.18377 -3.50079e-05
rec_dev(1983)    -0.592741   1.2181e-05
rec_dev(1984)     0.951686 -2.46146e-05
rec_dev(1985)    -0.149925  1.03575e-06
rec_dev(1986)    -0.403693  1.17377e-07
rec_dev(1987)   -0.0469435  4.09929e-06
rec_dev(1988)     0.281311 -2.78207e-06
rec_dev(1989)     0.326529   7.7895e-07
rec_dev(1990)    -0.447114  9.30458e-06
rec_dev(1991)    -0.312131 -2.98811e-06
rec_dev(1992)     0.485956 -1.09341e-05
rec_dev(1993)   -0.0654028  5.96247e-06
rec_dev(1994)    -0.222387  8.34294e-06
rec_dev(1995)    -0.223293  5.12557e-06
rec_dev(1996)     0.683137  4.19585e-06
rec_dev(1997)    -0.189714  3.81002e-06
rec_dev(1998)    -0.360724  1.67774e-06
rec_dev(1999)    -0.149955  1.42886e-05
rec_dev(2000)     0.195784  8.55461e-06
rec_dev(2001)    -0.221833  1.32882e-05
rec_dev(2002)    0.0639468  1.20616e-06
rec_dev(2003)    0.0284167  8.84466e-06
rec_dev(2004)     0.453728 -5.14243e-05
rec_dev(2005)    -0.369995   8.4946e-06
rec_dev(2006)    -0.299758  1.11898e-05
rec_dev(2007)    -0.198765  1.55784e-05
rec_dev(2008)    -0.262806  8.46252e-06
rec_dev(2009)   -0.0983391  -6.4916e-07
rec_dev(2010)     0.231564 -2.78899e-05
rec_dev(2011)    -0.767632  7.15818e-06
rec_dev(2012)     -1.56454  9.90988e-06
rec_dev(2013)    -0.793983   6.8466e-07
rec_dev(2014)    -0.825136 -1.77794e-05
rec_dev(2015)    -0.168245 -5.95931e-06
rec_dev(2016)     0.160513 -1.25848e-05
rec_dev(2017)      1.12107 -2.02852e-06
rec_dev(2018)    -0.056386  2.67397e-06
rec_dev(2019)      1.03329  1.55191e-06
rec_dev(2020)     -0.10995 -2.23368e-07
rec_dev(2021)   -0.0116136  1.24088e-06
rec_dev(2022) -5.07254e-05  4.69865e-07
mean_log_init    -0.686326 -7.07505e-07
init_dev_m(2)      0.49234 -1.51205e-06
init_dev_m(3)     0.114744  1.58271e-06
init_dev_m(4)   0.00339871  3.15119e-07
init_dev_m(5)  -0.00969991 -3.10532e-06
init_dev_m(6)    -0.042162 -6.90726e-07
init_dev_m(7)   -0.0503131 -1.73202e-06
init_dev_m(8)   -0.0538545 -1.53348e-06
init_dev_m(9)   -0.0575581 -2.63775e-06
init_dev_m(10)   -0.0606264  -1.7062e-06
init_dev_m(11)   -0.0631638 -1.38174e-06
init_dev_m(12)   -0.0661154 -2.87893e-06
init_dev_m(13)   -0.0689274 -1.13842e-06
init_dev_m(14)    -0.070649 -2.95098e-06
init_dev_m(15)   -0.0713745 -3.17872e-06
init_dev_m(16)   -0.0716415 -1.50361e-06
init_dev_m(17)   -0.0718077 -2.14175e-06
init_dev_m(18)   -0.0719383 -1.34712e-06
init_dev_m(19)   -0.0720109 -2.36924e-06
init_dev_m(20)   -0.0720583 -2.22835e-06
init_dev_f(2)      1.03591 -2.39954e-06
init_dev_f(3)     0.267713  1.28839e-05
init_dev_f(4)    0.0446452  1.02521e-05
init_dev_f(5)    0.0207753 -1.48451e-06
init_dev_f(6)   -0.0415334  6.68859e-08
init_dev_f(7)   -0.0528377  2.51644e-06
init_dev_f(8)   -0.0564024  5.99302e-07
init_dev_f(9)   -0.0602287  4.28166e-07
init_dev_f(10)   -0.0634139 -5.91168e-07
init_dev_f(11)    -0.066049 -1.72711e-06
init_dev_f(12)   -0.0691274 -5.75993e-07
init_dev_f(13)   -0.0720561 -3.48434e-06
init_dev_f(14)   -0.0738397 -1.72799e-06
init_dev_f(15)   -0.0745857 -2.49592e-06
init_dev_f(16)   -0.0748578 -3.13832e-06
init_dev_f(17)   -0.0750261 -2.23662e-06
init_dev_f(18)    -0.075158 -2.41531e-06
init_dev_f(19)   -0.0752309 -2.12349e-06
init_dev_f(20)   -0.0752781 -2.24552e-06
log_avg_fmort(1)     -2.44856 -3.21332e-08
fmort_dev(1,1954)     -2.53316   -7.094e-06
fmort_dev(1,1955)     -2.34968 -5.94286e-06
fmort_dev(1,1956)     -1.78943 -1.25392e-05
fmort_dev(1,1957)     -1.76048 -1.35347e-05
fmort_dev(1,1958)     -1.09318  -8.6607e-06
fmort_dev(1,1959)     0.468017  -6.1054e-06
fmort_dev(1,1960)       1.7082 -1.97081e-06
fmort_dev(1,1961)       2.7205 -0.000159507
fmort_dev(1,1962)      4.06176  2.60049e-05
fmort_dev(1,1963)      1.40432  0.000212423
fmort_dev(1,1964)      1.29704 -7.31248e-06
fmort_dev(1,1965)       1.0557 -0.000244341
fmort_dev(1,1966)      1.68783 -0.000180105
fmort_dev(1,1967)      1.96755  7.52171e-05
fmort_dev(1,1968)      1.86175  9.38661e-05
fmort_dev(1,1969)      2.04984  2.21197e-05
fmort_dev(1,1970)       2.1615  3.93583e-05
fmort_dev(1,1971)       1.9594   5.0943e-05
fmort_dev(1,1972)      1.28934  3.20969e-07
fmort_dev(1,1973)      1.55924  4.77829e-06
fmort_dev(1,1974)     0.392936 -4.09047e-05
fmort_dev(1,1975)     0.280987 -6.28713e-06
fmort_dev(1,1976)     0.247265 -9.67436e-06
fmort_dev(1,1977)    -0.522803  0.000111642
fmort_dev(1,1978)     0.137227  -3.9041e-05
fmort_dev(1,1979)    -0.412265 -7.88333e-06
fmort_dev(1,1980)    -0.316481 -8.50606e-06
fmort_dev(1,1981)     -0.54918  1.05286e-05
fmort_dev(1,1982)    -0.822495  1.43942e-05
fmort_dev(1,1983)    -0.795139  5.18475e-06
fmort_dev(1,1984)    -0.352863  6.44478e-06
fmort_dev(1,1985)    0.0356958  8.04055e-06
fmort_dev(1,1986)    -0.050896  1.11395e-05
fmort_dev(1,1987)    -0.070433 -7.48211e-07
fmort_dev(1,1988)     0.157022  8.43014e-06
fmort_dev(1,1989)    -0.139904  7.46077e-06
fmort_dev(1,1990)    -0.858997 -6.56003e-07
fmort_dev(1,1991)    -0.651368  6.59745e-07
fmort_dev(1,1992)    -0.517155 -2.99409e-06
fmort_dev(1,1993)    -0.622709  1.00934e-06
fmort_dev(1,1994)    -0.359993  -3.9723e-06
fmort_dev(1,1995)    -0.486935 -6.64037e-06
fmort_dev(1,1996)    -0.541964 -3.13377e-06
fmort_dev(1,1997)   -0.0414406  3.47273e-06
fmort_dev(1,1998)    -0.446643 -5.80784e-06
fmort_dev(1,1999)    -0.780661 -6.44174e-06
fmort_dev(1,2000)    -0.644106 -8.26191e-06
fmort_dev(1,2001)    -0.931024 -1.32678e-05
fmort_dev(1,2002)    -0.770282 -4.39145e-06
fmort_dev(1,2003)    -0.914527 -6.47277e-06
fmort_dev(1,2004)     -0.98868  1.44677e-06
fmort_dev(1,2005)    -0.812168  9.75737e-06
fmort_dev(1,2006)    -0.784275 -4.47831e-06
fmort_dev(1,2007)    -0.498889  -4.7194e-06
fmort_dev(1,2008)     -0.26043 -1.44301e-05
fmort_dev(1,2009)    -0.649911 -2.52787e-06
fmort_dev(1,2010)    -0.530192 -8.96326e-06
fmort_dev(1,2011)    -0.265218  2.00584e-06
fmort_dev(1,2012)    -0.250975  7.95459e-06
fmort_dev(1,2013)    -0.101864 -2.01601e-06
fmort_dev(1,2014)   -0.0739761   3.2836e-07
fmort_dev(1,2015)    -0.215283  1.06183e-05
fmort_dev(1,2016)    -0.122051   8.5015e-06
fmort_dev(1,2017)    -0.158508  7.88631e-06
fmort_dev(1,2018)    -0.166279  1.92615e-06
fmort_dev(1,2019)    -0.137302  6.35987e-05
fmort_dev(1,2020)   -0.0398103 -5.11711e-05
fmort_dev(1,2021)    -0.298721 -3.62187e-05
fmort_dev(1,2022)    -0.022412  0.000114994
sel_slope_fsh_f(1)      1.20839 -7.67546e-05
sel50_fsh_f(1)      8.61721 -2.43786e-05
sel_slope_fsh_devs_f(1,1954)  2.15631e-05  1.88208e-06
sel_slope_fsh_devs_f(1,1955)  9.67331e-05  3.51747e-06
sel_slope_fsh_devs_f(1,1956)  0.000417471  2.68046e-06
sel_slope_fsh_devs_f(1,1957)  0.000847231 -8.17237e-07
sel_slope_fsh_devs_f(1,1958)   0.00268299 -1.29552e-06
sel_slope_fsh_devs_f(1,1959)    0.0158408 -3.93089e-06
sel_slope_fsh_devs_f(1,1960)    0.0548013  2.67009e-07
sel_slope_fsh_devs_f(1,1961)     0.123411  6.20893e-07
sel_slope_fsh_devs_f(1,1962)     0.210383  1.49165e-06
sel_slope_fsh_devs_f(1,1963)    0.0267311 -2.05211e-05
sel_slope_fsh_devs_f(1,1964)     0.331379  1.93699e-05
sel_slope_fsh_devs_f(1,1965)     0.145418  1.78764e-05
sel_slope_fsh_devs_f(1,1966)    0.0612487  2.08298e-06
sel_slope_fsh_devs_f(1,1967)    0.0417179  4.05922e-06
sel_slope_fsh_devs_f(1,1968)    -0.258131  -6.2892e-06
sel_slope_fsh_devs_f(1,1969)     0.318411  -8.9575e-06
sel_slope_fsh_devs_f(1,1970)     0.368287 -6.22439e-06
sel_slope_fsh_devs_f(1,1971)      1.03063 -8.77353e-07
sel_slope_fsh_devs_f(1,1972)      1.07957  -6.5798e-07
sel_slope_fsh_devs_f(1,1973)     0.144402  1.59128e-05
sel_slope_fsh_devs_f(1,1974)      0.20738    4.849e-07
sel_slope_fsh_devs_f(1,1975)     0.259996 -2.17866e-06
sel_slope_fsh_devs_f(1,1976)   -0.0872564  8.85362e-08
sel_slope_fsh_devs_f(1,1977)    -0.495177  2.88766e-06
sel_slope_fsh_devs_f(1,1978)   -0.0346823 -4.69318e-06
sel_slope_fsh_devs_f(1,1979)    -0.104589   -4.244e-06
sel_slope_fsh_devs_f(1,1980)    -0.501123  -3.4551e-06
sel_slope_fsh_devs_f(1,1981)    -0.397543 -8.74457e-07
sel_slope_fsh_devs_f(1,1982)    -0.178264 -1.05903e-07
sel_slope_fsh_devs_f(1,1983)   -0.0140993 -3.40295e-06
sel_slope_fsh_devs_f(1,1984)   -0.0818446 -5.61572e-07
sel_slope_fsh_devs_f(1,1985)    -0.138422  -1.8665e-06
sel_slope_fsh_devs_f(1,1986)     0.203583  -2.1394e-06
sel_slope_fsh_devs_f(1,1987)    -0.159289 -1.37344e-06
sel_slope_fsh_devs_f(1,1988)      0.06861 -1.44553e-06
sel_slope_fsh_devs_f(1,1989)    0.0662897 -1.07596e-06
sel_slope_fsh_devs_f(1,1990)     0.107863  1.38621e-06
sel_slope_fsh_devs_f(1,1991)    -0.655692  2.98983e-06
sel_slope_fsh_devs_f(1,1992)    -0.114616 -6.98105e-07
sel_slope_fsh_devs_f(1,1993)    -0.469324 -2.27719e-06
sel_slope_fsh_devs_f(1,1994)      0.10522  2.03186e-06
sel_slope_fsh_devs_f(1,1995)    0.0225142  3.42487e-06
sel_slope_fsh_devs_f(1,1996)      0.19953   5.1436e-06
sel_slope_fsh_devs_f(1,1997)    -0.214758  8.64237e-07
sel_slope_fsh_devs_f(1,1998)   -0.0458651   5.3245e-08
sel_slope_fsh_devs_f(1,1999)    -0.107524 -2.34034e-07
sel_slope_fsh_devs_f(1,2000)    0.0406947  2.07506e-06
sel_slope_fsh_devs_f(1,2001)    -0.154529  1.95909e-06
sel_slope_fsh_devs_f(1,2002)   -0.0350091  4.30167e-06
sel_slope_fsh_devs_f(1,2003)    -0.054128  1.00833e-06
sel_slope_fsh_devs_f(1,2004)    -0.117116  3.61399e-06
sel_slope_fsh_devs_f(1,2005)     -0.29315  3.30229e-06
sel_slope_fsh_devs_f(1,2006)    0.0672471  2.54048e-07
sel_slope_fsh_devs_f(1,2007)    -0.276318 -1.75807e-06
sel_slope_fsh_devs_f(1,2008)    0.0162394 -3.18917e-06
sel_slope_fsh_devs_f(1,2009)     0.230119  1.97815e-06
sel_slope_fsh_devs_f(1,2010)   -0.0740348 -3.78604e-06
sel_slope_fsh_devs_f(1,2011)   -0.0214697  9.17254e-11
sel_slope_fsh_devs_f(1,2012)    -0.213401  2.17114e-07
sel_slope_fsh_devs_f(1,2013)    0.0376973 -5.03646e-06
sel_slope_fsh_devs_f(1,2014)    0.0596165 -3.86867e-06
sel_slope_fsh_devs_f(1,2015)     -0.14461 -3.18676e-06
sel_slope_fsh_devs_f(1,2016)   -0.0324657 -2.61427e-06
sel_slope_fsh_devs_f(1,2017)    -0.273645 -2.55586e-06
sel_slope_fsh_devs_f(1,2018)   -0.0799608 -1.99609e-06
sel_slope_fsh_devs_f(1,2019)    -0.129231 -2.47939e-06
sel_slope_fsh_devs_f(1,2020)      0.22408 -0.000226371
sel_slope_fsh_devs_f(1,2021)    0.0830079 -0.000196533
sel_slope_fsh_devs_f(1,2022)    0.0012901 -0.000330057
sel50_fsh_devs_f(1,1954) -9.56034e-05  6.28547e-07
sel50_fsh_devs_f(1,1955) -5.41683e-05  1.24988e-06
sel50_fsh_devs_f(1,1956)  0.000164389 -1.60791e-06
sel50_fsh_devs_f(1,1957)  0.000758361  5.07741e-07
sel50_fsh_devs_f(1,1958)    0.0035999  8.49653e-07
sel50_fsh_devs_f(1,1959)    0.0306858  6.68187e-06
sel50_fsh_devs_f(1,1960)     0.126594  4.94367e-06
sel50_fsh_devs_f(1,1961)     0.273826  6.99928e-05
sel50_fsh_devs_f(1,1962)     0.452184  6.63055e-05
sel50_fsh_devs_f(1,1963)   -0.0906572 -0.000305683
sel50_fsh_devs_f(1,1964)   -0.0739983  0.000206658
sel50_fsh_devs_f(1,1965)    0.0724009  0.000683767
sel50_fsh_devs_f(1,1966)      0.13847  9.63603e-05
sel50_fsh_devs_f(1,1967)     0.135917 -0.000260619
sel50_fsh_devs_f(1,1968)     0.302904 -7.97454e-05
sel50_fsh_devs_f(1,1969)    0.0483785  -9.4202e-05
sel50_fsh_devs_f(1,1970)      0.23642 -6.47739e-05
sel50_fsh_devs_f(1,1971)    -0.272292   -2.537e-05
sel50_fsh_devs_f(1,1972)     0.178231 -6.66165e-05
sel50_fsh_devs_f(1,1973)     0.082064  7.76596e-05
sel50_fsh_devs_f(1,1974)    -0.228734  6.69121e-05
sel50_fsh_devs_f(1,1975)   -0.0545692  -1.2936e-05
sel50_fsh_devs_f(1,1976)    0.0576777  5.25531e-07
sel50_fsh_devs_f(1,1977)    -0.144242 -6.96623e-05
sel50_fsh_devs_f(1,1978)   -0.0953841  2.00714e-05
sel50_fsh_devs_f(1,1979)   -0.0935423 -5.10895e-06
sel50_fsh_devs_f(1,1980)     0.044638  1.13617e-06
sel50_fsh_devs_f(1,1981)   -0.0188555 -2.47381e-06
sel50_fsh_devs_f(1,1982)     -0.11276  3.00456e-06
sel50_fsh_devs_f(1,1983)    -0.201074 -8.68328e-06
sel50_fsh_devs_f(1,1984)   -0.0652748 -8.97769e-06
sel50_fsh_devs_f(1,1985)   -0.0289936 -9.96187e-06
sel50_fsh_devs_f(1,1986)    -0.112442 -2.51227e-06
sel50_fsh_devs_f(1,1987)    0.0698961 -6.22968e-06
sel50_fsh_devs_f(1,1988)    0.0193732 -8.45827e-06
sel50_fsh_devs_f(1,1989)    0.0835705 -9.85157e-06
sel50_fsh_devs_f(1,1990)    0.0158769  9.69262e-06
sel50_fsh_devs_f(1,1991)     0.122101   9.7768e-06
sel50_fsh_devs_f(1,1992)   -0.0501201  1.01596e-05
sel50_fsh_devs_f(1,1993)    0.0697611  3.51882e-06
sel50_fsh_devs_f(1,1994)   -0.0196183  6.58639e-06
sel50_fsh_devs_f(1,1995)   -0.0870014  1.55214e-05
sel50_fsh_devs_f(1,1996)   -0.0725296 -1.08872e-05
sel50_fsh_devs_f(1,1997)    0.0194097  1.95531e-06
sel50_fsh_devs_f(1,1998)    -0.018403  1.06908e-05
sel50_fsh_devs_f(1,1999)    0.0764166  1.36634e-05
sel50_fsh_devs_f(1,2000)    0.0291853  1.91275e-05
sel50_fsh_devs_f(1,2001)    0.0181198  1.99763e-05
sel50_fsh_devs_f(1,2002)      0.08396  1.74339e-05
sel50_fsh_devs_f(1,2003)   -0.0141665  9.49858e-06
sel50_fsh_devs_f(1,2004)  -0.00395335  1.28296e-05
sel50_fsh_devs_f(1,2005)   -0.0291056 -2.86913e-06
sel50_fsh_devs_f(1,2006)    -0.163606   4.2858e-08
sel50_fsh_devs_f(1,2007)    0.0182598  5.84782e-06
sel50_fsh_devs_f(1,2008)      -0.1352  7.43835e-06
sel50_fsh_devs_f(1,2009)    -0.111013 -5.43241e-07
sel50_fsh_devs_f(1,2010)   -0.0877428   4.1968e-06
sel50_fsh_devs_f(1,2011)   -0.0784299   1.1371e-05
sel50_fsh_devs_f(1,2012)   -0.0227172    8.627e-06
sel50_fsh_devs_f(1,2013)  -0.00459303  2.23727e-07
sel50_fsh_devs_f(1,2014)    0.0195323 -8.79555e-06
sel50_fsh_devs_f(1,2015)    0.0868856 -8.28623e-06
sel50_fsh_devs_f(1,2016)   0.00607938 -1.06132e-05
sel50_fsh_devs_f(1,2017)   0.00893203 -5.59155e-06
sel50_fsh_devs_f(1,2018)   -0.0363705  2.48917e-06
sel50_fsh_devs_f(1,2019)    -0.066134  -2.5088e-05
sel50_fsh_devs_f(1,2020)    -0.179981  -0.00125531
sel50_fsh_devs_f(1,2021)    -0.159559 -0.000983265
sel50_fsh_devs_f(1,2022)  0.000941166  -0.00143342
sel_slope_fsh_m(1)      1.37523 -4.73917e-05
sel_slope_fsh_devs_m(1,1954)  -1.2793e-05   4.5769e-06
sel_slope_fsh_devs_m(1,1955) -1.35164e-05 -2.02588e-06
sel_slope_fsh_devs_m(1,1956) -2.53767e-05 -1.43431e-06
sel_slope_fsh_devs_m(1,1957) -3.65221e-05  2.74482e-06
sel_slope_fsh_devs_m(1,1958) -0.000113156   1.9667e-06
sel_slope_fsh_devs_m(1,1959)  -0.00103643  3.76401e-06
sel_slope_fsh_devs_m(1,1960)  -0.00553636 -7.67593e-07
sel_slope_fsh_devs_m(1,1961)   -0.0174961  3.56575e-06
sel_slope_fsh_devs_m(1,1962)    -0.331585 -3.77903e-06
sel_slope_fsh_devs_m(1,1963)    -0.019674  4.70495e-06
sel_slope_fsh_devs_m(1,1964)      1.13247 -2.07391e-07
sel_slope_fsh_devs_m(1,1965)     0.420777  7.48795e-06
sel_slope_fsh_devs_m(1,1966)       0.2195 -1.13689e-06
sel_slope_fsh_devs_m(1,1967)     0.350666  5.01945e-06
sel_slope_fsh_devs_m(1,1968)      0.33782 -7.71917e-07
sel_slope_fsh_devs_m(1,1969)     0.143048 -2.57656e-06
sel_slope_fsh_devs_m(1,1970)     0.622282 -1.01144e-06
sel_slope_fsh_devs_m(1,1971)     0.377978 -2.40498e-06
sel_slope_fsh_devs_m(1,1972)     0.456865 -5.34224e-07
sel_slope_fsh_devs_m(1,1973)     0.629872 -1.62764e-07
sel_slope_fsh_devs_m(1,1974)     0.129243 -8.83472e-06
sel_slope_fsh_devs_m(1,1975)     0.303024  2.40545e-06
sel_slope_fsh_devs_m(1,1976)    -0.145379  2.12485e-06
sel_slope_fsh_devs_m(1,1977)    0.0789965 -3.83309e-06
sel_slope_fsh_devs_m(1,1978)    -0.275052  1.12254e-07
sel_slope_fsh_devs_m(1,1979)    -0.189689 -3.00259e-06
sel_slope_fsh_devs_m(1,1980)    -0.818987 -2.09436e-06
sel_slope_fsh_devs_m(1,1981)    -0.671116 -7.42586e-07
sel_slope_fsh_devs_m(1,1982)     -0.26388 -2.15903e-06
sel_slope_fsh_devs_m(1,1983)   -0.0930433  1.21302e-06
sel_slope_fsh_devs_m(1,1984)  -0.00252391 -1.25121e-06
sel_slope_fsh_devs_m(1,1985)    0.0590531 -2.02014e-06
sel_slope_fsh_devs_m(1,1986)      0.20099 -2.80163e-07
sel_slope_fsh_devs_m(1,1987)      0.27469 -1.54202e-06
sel_slope_fsh_devs_m(1,1988)     0.248898  1.04247e-06
sel_slope_fsh_devs_m(1,1989)     0.139408  2.60759e-06
sel_slope_fsh_devs_m(1,1990)   -0.0816867  2.19379e-06
sel_slope_fsh_devs_m(1,1991)    -0.491262 -1.30236e-06
sel_slope_fsh_devs_m(1,1992)   -0.0483758  1.01878e-07
sel_slope_fsh_devs_m(1,1993)    -0.644712  1.94624e-06
sel_slope_fsh_devs_m(1,1994)    -0.350733   3.1333e-06
sel_slope_fsh_devs_m(1,1995)    -0.222391  1.15104e-06
sel_slope_fsh_devs_m(1,1996)    -0.072229 -1.41427e-06
sel_slope_fsh_devs_m(1,1997)     0.378158  5.42695e-08
sel_slope_fsh_devs_m(1,1998)    -0.321774  1.66937e-06
sel_slope_fsh_devs_m(1,1999)    -0.401435  1.23463e-06
sel_slope_fsh_devs_m(1,2000)    -0.144639 -1.03896e-06
sel_slope_fsh_devs_m(1,2001)    -0.203683 -1.42305e-06
sel_slope_fsh_devs_m(1,2002)    0.0232788  2.45099e-06
sel_slope_fsh_devs_m(1,2003)     0.158195 -3.48321e-06
sel_slope_fsh_devs_m(1,2004)    -0.145901 -3.22457e-06
sel_slope_fsh_devs_m(1,2005)    -0.223876  5.80686e-06
sel_slope_fsh_devs_m(1,2006)    0.0778988  1.07976e-06
sel_slope_fsh_devs_m(1,2007)  -0.00784307  4.74516e-06
sel_slope_fsh_devs_m(1,2008)   -0.0761665 -8.92848e-07
sel_slope_fsh_devs_m(1,2009)    -0.202816  9.38029e-07
sel_slope_fsh_devs_m(1,2010)    0.0729303 -8.36633e-07
sel_slope_fsh_devs_m(1,2011)    -0.126671 -3.28553e-06
sel_slope_fsh_devs_m(1,2012)    0.0915603 -1.26507e-06
sel_slope_fsh_devs_m(1,2013)   -0.0239245  3.53565e-06
sel_slope_fsh_devs_m(1,2014)    0.0908541  2.21175e-06
sel_slope_fsh_devs_m(1,2015)  -0.00954994 -4.36026e-07
sel_slope_fsh_devs_m(1,2016)   -0.0915213  2.32445e-07
sel_slope_fsh_devs_m(1,2017)   -0.0382949  5.70912e-06
sel_slope_fsh_devs_m(1,2018)   -0.0564245  2.63384e-06
sel_slope_fsh_devs_m(1,2019)    -0.047623 -1.86314e-07
sel_slope_fsh_devs_m(1,2020)   -0.0383123  -0.00016908
sel_slope_fsh_devs_m(1,2021)     -0.11255 -0.000171656
sel_slope_fsh_devs_m(1,2022)   0.00113538  -0.00018821
sel50_fsh_m(1)      8.04706 -1.40946e-05
sel50_fsh_devs_m(1,1954)  -8.1072e-05  7.51427e-07
sel50_fsh_devs_m(1,1955) -8.76521e-05 -2.20278e-06
sel50_fsh_devs_m(1,1956)  -0.00013652  3.23283e-06
sel50_fsh_devs_m(1,1957) -0.000134367  1.67324e-06
sel50_fsh_devs_m(1,1958) -0.000299207  1.50537e-06
sel50_fsh_devs_m(1,1959)  -0.00204208  4.90185e-06
sel50_fsh_devs_m(1,1960)   -0.0105532  6.60414e-06
sel50_fsh_devs_m(1,1961)   -0.0337393   6.0973e-05
sel50_fsh_devs_m(1,1962)    -0.241408 -2.53976e-05
sel50_fsh_devs_m(1,1963)   -0.0166884 -6.79961e-05
sel50_fsh_devs_m(1,1964)    -0.742907 -2.10356e-06
sel50_fsh_devs_m(1,1965)    0.0303493  0.000191068
sel50_fsh_devs_m(1,1966)    0.0608185  0.000426699
sel50_fsh_devs_m(1,1967)   -0.0680761  6.52635e-05
sel50_fsh_devs_m(1,1968)    0.0181814 -0.000148403
sel50_fsh_devs_m(1,1969)    0.0973868 -2.24603e-05
sel50_fsh_devs_m(1,1970)    -0.140688 -2.33582e-05
sel50_fsh_devs_m(1,1971)   -0.0581452 -9.09689e-05
sel50_fsh_devs_m(1,1972)   -0.0989353  1.64136e-06
sel50_fsh_devs_m(1,1973)   -0.0859786 -2.49721e-05
sel50_fsh_devs_m(1,1974)     0.282604  9.60765e-06
sel50_fsh_devs_m(1,1975)   -0.0937968  4.45561e-05
sel50_fsh_devs_m(1,1976)     0.119793  1.70402e-05
sel50_fsh_devs_m(1,1977)    0.0117465 -0.000132642
sel50_fsh_devs_m(1,1978)    0.0257535  1.96792e-05
sel50_fsh_devs_m(1,1979)   -0.0280088 -1.12095e-05
sel50_fsh_devs_m(1,1980)     0.285861 -5.26616e-06
sel50_fsh_devs_m(1,1981)    0.0927035 -4.53502e-06
sel50_fsh_devs_m(1,1982)     -0.14351  9.34127e-07
sel50_fsh_devs_m(1,1983)    -0.157845  5.57988e-06
sel50_fsh_devs_m(1,1984)   -0.0619634 -7.55393e-06
sel50_fsh_devs_m(1,1985)   -0.0697086 -1.22334e-05
sel50_fsh_devs_m(1,1986)   -0.0850884  1.25432e-06
sel50_fsh_devs_m(1,1987)   -0.0156777 -5.97047e-06
sel50_fsh_devs_m(1,1988)   0.00654069 -7.05935e-06
sel50_fsh_devs_m(1,1989)     0.107622  1.74103e-06
sel50_fsh_devs_m(1,1990)    0.0853536  4.55271e-06
sel50_fsh_devs_m(1,1991)   -0.0675118 -6.75919e-07
sel50_fsh_devs_m(1,1992)   -0.0200596 -4.09061e-06
sel50_fsh_devs_m(1,1993)     0.199781  5.86776e-06
sel50_fsh_devs_m(1,1994)     0.158609  1.13141e-05
sel50_fsh_devs_m(1,1995)    0.0329434  -8.1964e-06
sel50_fsh_devs_m(1,1996)   -0.0145644 -2.07011e-06
sel50_fsh_devs_m(1,1997)   -0.0457989  1.28187e-06
sel50_fsh_devs_m(1,1998)      0.15706  6.64588e-06
sel50_fsh_devs_m(1,1999)     0.296422  5.25167e-06
sel50_fsh_devs_m(1,2000)     0.140682  -9.1791e-07
sel50_fsh_devs_m(1,2001)     0.140673  7.23463e-06
sel50_fsh_devs_m(1,2002)     0.132663  6.85984e-06
sel50_fsh_devs_m(1,2003)   0.00758347 -6.33708e-06
sel50_fsh_devs_m(1,2004)    0.0717516 -9.42636e-08
sel50_fsh_devs_m(1,2005)   0.00233897  1.28992e-05
sel50_fsh_devs_m(1,2006)   -0.0541094 -2.61946e-06
sel50_fsh_devs_m(1,2007)   -0.0676598   5.2478e-06
sel50_fsh_devs_m(1,2008)   -0.0528182 -4.29441e-06
sel50_fsh_devs_m(1,2009)    0.0543198  7.54488e-06
sel50_fsh_devs_m(1,2010)   -0.0802586  2.31675e-06
sel50_fsh_devs_m(1,2011)   -0.0382515  4.21029e-06
sel50_fsh_devs_m(1,2012)    -0.096974   4.6218e-06
sel50_fsh_devs_m(1,2013)   -0.0228868 -5.76816e-06
sel50_fsh_devs_m(1,2014)   0.00357901  5.35321e-06
sel50_fsh_devs_m(1,2015)    0.0869719 -1.12614e-05
sel50_fsh_devs_m(1,2016)    0.0601675 -5.38485e-06
sel50_fsh_devs_m(1,2017)   0.00964433  4.97335e-06
sel50_fsh_devs_m(1,2018)     0.037409  3.59474e-06
sel50_fsh_devs_m(1,2019)   -0.0181685 -1.66055e-05
sel50_fsh_devs_m(1,2020)   -0.0448108 -0.000545617
sel50_fsh_devs_m(1,2021)   -0.0394409 -0.000710539
sel50_fsh_devs_m(1,2022)   0.00149928 -0.000802691
sel_slope_srv(1)       1.5782 -3.21343e-07
sel50_srv(1)      4.93099 -2.30102e-07
sel_slope_srv_m(1)    0.0438578 -1.25158e-06
sel50_srv_m(1)  -0.00666985  2.48191e-07
R_logalpha     -4.42922  3.17686e-06
R_logbeta     -6.55684 -6.11461e-06
log_msy_sel_f(1)     -8.97661  1.09968e-06
log_msy_sel_f(2)     -7.63207 -4.79272e-06
log_msy_sel_f(3)     -6.28864 -1.88367e-06
log_msy_sel_f(4)     -4.94961 -6.32516e-06
log_msy_sel_f(5)     -3.62759  -6.0393e-06
log_msy_sel_f(6)      -2.3684 -2.64441e-06
log_msy_sel_f(7)     -1.29918 -5.02018e-06
log_msy_sel_f(8)    -0.585038 -6.87824e-07
log_msy_sel_f(9)     -0.22115  2.81016e-07
log_msy_sel_f(10)   -0.0727055 -6.50219e-08
log_msy_sel_f(11)   -0.0221261 -1.80885e-06
log_msy_sel_f(12)  -0.00654451  5.28262e-06
log_msy_sel_f(13)  -0.00192181  1.42574e-06
log_msy_sel_f(14) -0.000564177 -2.17866e-06
log_msy_sel_f(15) -0.000165879 -2.43042e-06
log_msy_sel_f(16) -4.88606e-05 -1.62692e-06
log_msy_sel_f(17) -1.44201e-05 -2.42688e-06
log_msy_sel_f(18)  -1.4415e-05 -3.93171e-07
log_msy_sel_f(19) -1.44162e-05 -8.53779e-07
log_msy_sel_f(20)  -1.4416e-05 -7.87712e-07
log_msy_sel_m(1)     -8.95237 -7.58882e-07
log_msy_sel_m(2)     -7.64304  1.45352e-06
log_msy_sel_m(3)     -6.33473 -2.84982e-06
log_msy_sel_m(4)     -5.03014 -5.08361e-06
log_msy_sel_m(5)     -3.73886 -4.21708e-06
log_msy_sel_m(6)     -2.49356 -3.80852e-06
log_msy_sel_m(7)     -1.38878 -1.56814e-06
log_msy_sel_m(8)    -0.596627  5.43564e-06
log_msy_sel_m(9)     -0.19913  1.77274e-06
log_msy_sel_m(10)   -0.0576929  9.84289e-07
log_msy_sel_m(11)   -0.0159165 -5.28877e-07
log_msy_sel_m(12)  -0.00434115  3.54304e-06
log_msy_sel_m(13)  -0.00118389 -6.21514e-07
log_msy_sel_m(14) -0.000323841 -5.91209e-07
log_msy_sel_m(15) -8.89231e-05  2.87958e-07
log_msy_sel_m(16)  -2.4515e-05  6.16726e-07
log_msy_sel_m(17) -6.78208e-06  1.76948e-06
log_msy_sel_m(18) -6.78164e-06   1.9423e-06
log_msy_sel_m(19) -6.79305e-06 -2.62115e-06
log_msy_sel_m(20) -6.78111e-06  2.15435e-06
rec_dev_future(2023)            0            0
rec_dev_future(2024)            0            0
rec_dev_future(2025)            0            0
rec_dev_future(2026)            0            0
rec_dev_future(2027)            0            0
rec_dev_future(2028)            0            0
rec_dev_future(2029)            0            0
rec_dev_future(2030)            0            0
rec_dev_future(2031)            0            0
rec_dev_future(2032)            0            0
