# Number of parameters = 661 Objective function value = 1386.31431003653  Maximum gradient component = 4.81648414544489e-05
# ln_q_srv:
 -0.0717680000000000
# natmort_f:
0.120000000000
# natmort_m:
0.134993751255
# Linf_f:
40.4644535000
# K_f:
0.126336700000
# t0_f:
0.594268800000
# Linf_m:
36.0729742000
# K_m:
0.138976400000
# t0_m:
0.357008100000
# age_incr:
 0.00000000000 0.00000000000 0.00000000000 0.00000000000 0.00000000000 0.00000000000 0.00000000000 0.00000000000 0.00000000000 0.00000000000 0.00000000000
# yr_incr:
 0.00000000000 0.00000000000 0.00000000000 0.00000000000 0.00000000000 0.00000000000 0.00000000000 0.00000000000 0.00000000000 0.00000000000 0.00000000000 0.00000000000 0.00000000000 0.00000000000 0.00000000000 0.00000000000 0.00000000000 0.00000000000 0.00000000000 0.00000000000 0.00000000000 0.00000000000 0.00000000000 0.00000000000 0.00000000000 0.00000000000 0.00000000000 0.00000000000 0.00000000000 0.00000000000 0.00000000000 0.00000000000 0.00000000000 0.00000000000 0.00000000000 0.00000000000 0.00000000000 0.00000000000 0.00000000000 0.00000000000 0.00000000000 0.00000000000 0.00000000000 0.00000000000 0.00000000000 0.00000000000 0.00000000000 0.00000000000 0.00000000000 0.00000000000 0.00000000000 0.00000000000 0.00000000000 0.00000000000 0.00000000000 0.00000000000 0.00000000000 0.00000000000 0.00000000000 0.00000000000 0.00000000000 0.00000000000 0.00000000000 0.00000000000 0.00000000000 0.00000000000 0.00000000000
# growth_alpha:
0.380000000000
# q_alpha:
 -0.196926540261
# q_beta[1]:
 0.0567340513890 0.0123030346392 -0.00804777321553
# mean_log_rec:
0.946035373696
# rec_dev:
 -0.0984875456039 -0.446081648975 -0.842923270698 0.327151372274 -0.00258534913034 -0.272124692857 -0.334516997321 -0.873064920301 -0.226026571043 -0.893008819866 -0.985532357611 -0.692023306524 -0.626511329153 0.123774667423 0.565871296908 0.592963403180 0.868532413890 0.968358385579 0.722132292864 0.356319521241 0.652139869665 0.802003287014 0.380163702661 0.605937000846 0.178548790913 -0.261628229267 0.411765410796 0.126007788951 1.19388151942 -0.495370057609 1.00269260746 -0.0612488285473 -0.324187418159 -0.0115356853880 0.304396270332 0.303542660424 -0.392924954295 -0.277403399732 0.516931100695 -0.00943688744717 -0.183218025118 -0.182419042884 0.711453552646 -0.133440088590 -0.325293233876 -0.127899731932 0.205342744161 -0.234078605171 0.0578399219684 0.00811001618056 0.424707702391 -0.361648641849 -0.269514752505 -0.120248127213 -0.209851351604 -0.0161152273721 0.317268959729 -0.691290016942 -1.49082764627 -0.556140035788 -0.436329650473 0.0654728485259 0.405391315931 0.521214326289 -0.216342997189 -0.0360492496077 -0.00243516649945 -0.000150838455323
# mean_log_init:
-0.595163461985
# init_dev_m:
 1.08964630508 0.307456464829 0.0706491378015 0.0183047343571 -0.0423986095994 -0.0540782008168 -0.0582845317063 -0.0632920899823 -0.0668020970443 -0.0693697361862 -0.0725756777787 -0.0752226084142 -0.0768660949066 -0.0775612513933 -0.0778224666717 -0.0779864142788 -0.0781156226097 -0.0781875713985 -0.0782345078387
# init_dev_f:
 0.516584771639 0.131007274765 0.0129392577940 -0.0134190968061 -0.0459348773482 -0.0558590466722 -0.0603755041849 -0.0656265409680 -0.0692543064627 -0.0719002782824 -0.0752143072884 -0.0779449644385 -0.0796334162163 -0.0803433722645 -0.0806082333609 -0.0807737700951 -0.0809038541911 -0.0809760007178 -0.0810228833978
# log_avg_fmort:
 -2.46286241624
# fmort_dev:
 -2.60294075897 -2.42264665781 -1.86582957711 -1.84057379132 -1.17770695216 0.373129607903 1.57611353851 2.42815808226 4.03449539053 1.33275814474 1.12248825738 0.973203895411 1.59873816449 1.89538488823 1.63145763456 2.03533650381 2.07495196960 2.34164908867 1.20663120266 1.63711562215 0.407389622847 0.309428922566 0.279799364155 -0.500991877366 0.175496166210 -0.369742812211 -0.277940513404 -0.501086274532 -0.772569490757 -0.741582969631 -0.298176383129 0.0928877035873 0.00938962906650 -0.0113818217897 0.221185188745 -0.0725953772866 -0.858904526131 -0.672242506509 -0.453155353986 -0.584108925252 -0.407638041548 -0.488816019055 -0.513807052250 -0.0122443422999 -0.484253303317 -0.775848611568 -0.573725456695 -0.872344958433 -0.768552998323 -0.879498345705 -0.972234244640 -0.791043324129 -0.831775317916 -0.504061718862 -0.211211681326 -0.607811462282 -0.483785449114 -0.221613267384 -0.230960415807 -0.0401741108322 -0.0421907103190 -0.168215447849 -0.0720685014702 -0.141921913340 -0.136242123789 -0.105664772052 -0.0344728659712 -0.360835582577
# sel_slope_fsh_f:
 1.21654720304
# sel50_fsh_f:
 8.44514761952
# sel_slope_fsh_devs_f:
 -1.21968128433e-05 -1.18369795334e-05 -2.27224699163e-05 -3.36096307008e-05 -0.000111778679132 -0.000977455958296 -0.00443620577508 -0.00779006544114 -0.0107151189000 -0.0534120051089 1.21582670567 0.101783522150 0.0936818711621 0.237396957362 -0.0526028190048 0.188400336634 0.348791021668 1.03717493447 0.923595184844 0.0568706584964 0.206907661804 0.257257573321 -0.0922181971710 -0.471737272241 -0.0307423134867 -0.0964613481429 -0.485886540496 -0.385190169440 -0.166066176861 0.00123122088514 -0.0702536476028 -0.131242000708 0.209770027816 -0.141213214363 0.0895254604483 0.0891158259539 0.0891307269602 -0.150840592438 -0.137787528419 -0.530020919950 0.0296765783103 0.0624649182399 -0.340608970855 -0.363388953236 -0.197298261189 -0.0581389403460 -0.0762563402621 -0.110210252024 -0.0180790395525 -0.0821204896270 -0.116195677082 -0.338279569943 0.254406229612 -0.188252972846 -0.0575143058794 0.148396189522 -0.129496914922 -0.0732126712520 -0.107136022845 0.151275432958 0.110738220359 -0.123036855001 -0.101590224401 -0.0582526664060 -0.139367084421 -0.184185990981 -0.0253398394829 0.00433051018212
# sel50_fsh_devs_f:
 -0.000108008892681 -0.000111104437000 -0.000160962796583 -0.000143790539699 -0.000303621306610 -0.00196260585472 -0.00848997035237 -0.0183542328473 0.0252483546092 -0.0468007056310 -0.799456639641 0.227607494245 0.222152373460 0.205235930728 0.344626261698 0.0484020335651 0.265308577021 -0.245025854111 0.199842831750 0.188375768615 -0.215176189047 -0.0378190375501 0.0738680770655 -0.145071258350 -0.0817014383806 -0.0814369388732 0.0508649989118 -0.00861745672458 -0.100882923826 -0.187549710201 -0.0513720877167 -0.0149724627886 -0.0969511203948 0.0813970566904 0.0328545789211 0.0985860485009 0.0296878531332 0.0466958421662 0.0129497362392 0.123960205261 -0.0451730650939 -0.0857521544680 -0.0350763060543 -0.00986035007249 -0.0780356766310 0.113702233156 0.112640540099 0.0193364561871 0.0914784763432 0.0377841483024 0.0180391008322 0.00864853118644 -0.272972320149 -0.0202043903213 -0.0542666181729 -0.0505432992790 -0.0257984110545 -0.0245010687835 -0.0343265017783 0.0361454745616 0.0344015595564 0.122793589378 0.0610673883655 -0.0424877601983 0.0319986306150 0.0219951229880 -0.0724682147188 0.00623900481887
# sel_slope_fsh_m:
 1.37894865036
# male_sel_offset:
0.00000000000
# sel_slope_fsh_devs_m:
 1.31915935171e-05 7.51459837804e-05 0.000359854441491 0.000772830016303 0.00257103266603 0.0151076071401 0.0501552043668 0.102362582703 0.190558763098 0.0511291961731 0.323951287944 0.344868910385 0.0983245213318 0.191370839462 0.188186911671 0.288256525560 0.712586518522 0.405391685798 0.431751010634 0.612730022974 0.142661753587 0.295550517092 -0.159339381808 0.0737432556384 -0.280083684077 -0.197722790287 -0.832180394008 -0.688341332218 -0.279738837770 -0.116493170619 -0.0174448854141 0.0467709933623 0.178584475120 0.244233704987 0.217675458886 0.0939154944315 0.111131711974 0.180054982665 -0.0539724841368 -0.627142894039 -0.0216882830164 -0.0212032793888 -0.389939595352 -0.346641066231 0.00590188093793 -0.271022065460 -0.181548397552 -0.346918114907 0.115566319536 0.136709418729 -0.166370662223 -0.220039466150 0.390809227603 -0.0446470539323 -0.0970086559735 -0.146166275093 0.0828859332073 -0.0832043815125 0.0520142164453 0.00829350048219 0.0796243484529 -0.0939622262970 -0.127195265645 -0.322480426611 -0.0535447851717 -0.125460665022 -0.158267394019 0.00311702002877
# sel50_fsh_m:
 8.35773995605
# sel50_fsh_devs_m:
 -6.99253394725e-05 -2.99601875469e-05 0.000209113905616 0.000858415989631 0.00410391973445 0.0349592684176 0.136723734183 0.273405838481 0.469864822413 -0.0961089161046 -0.00488253597533 -0.0104953303930 0.0420980771760 -0.0812336584043 -0.0177868579992 0.0812082834711 -0.203010093816 0.347056451921 -0.141770624116 -0.125747429538 0.215804211647 -0.132489683346 0.0834894378109 -0.0280238347325 -0.0133933716557 -0.0651006531520 0.250831592652 0.0614967588493 -0.174841625123 -0.187270008685 -0.0935314223663 -0.0998503304979 -0.113375134296 -0.0445824582510 -0.0220810070328 0.0819305258594 -0.0615507212653 -0.0547308661518 -0.0486410116274 0.106274847459 -0.0730065372233 -0.0982911272914 -0.115954425831 -0.0347418738909 -0.00381872803240 0.186170967321 0.133263066776 0.204066144074 0.0619269059378 -0.0261259511933 0.0267423114209 -0.0434215401073 -0.212561915641 -0.106996148354 -0.0752395446370 -0.000250069807217 -0.118608849901 -0.0827097631407 -0.119132027587 0.0116804122736 -0.0224710556360 0.0723144883565 0.0469993749280 0.0707115584573 0.00352754777726 -0.00684416368960 -0.0520350889582 0.00508818908404
# sel_slope_srv:
 1.55332854660
# sel50_srv:
 5.03801348270
# sel_slope_srv_m:
 0.00000000000
# sel50_srv_m:
 0.00000000000
# F40:
 0.120000000000
# F35:
 0.160000000000
# F30:
 0.210000000000
# R_logalpha:
-4.15906223681
# R_logbeta:
-6.39440895329
# sigmaR:
0.600000000000
# wt_fsh_fut_f:
 6.00000000000 8.00000000000 20.0000000000 31.0000000000 55.0000000000 91.9032258065 161.096774194 201.838709677 246.225806452 276.419354839 320.741935484 344.064516129 377.903225806 403.548387097 424.064516129 447.161290323 468.612903226 484.516129032 488.322580645 545.774193548
# wt_fsh_fut_m:
 3.35483870968 12.3870967742 17.5161290323 32.3225806452 54.9677419355 92.9032258065 147.032258065 179.741935484 211.774193548 242.354838710 268.451612903 286.774193548 311.741935484 325.935483871 339.580645161 354.064516129 361.258064516 380.548387097 384.935483871 411.806451613
# wt_pop_fut_f:
 5.93548387097 6.22580645161 18.1935483871 29.8709677419 53.5483870968 85.5483870968 129.935483871 172.225806452 224.806451613 278.612903226 312.129032258 361.806451613 403.967741935 447.483870968 467.806451613 509.967741935 560.225806452 559.709677419 578.645161290 660.032258065
# wt_pop_fut_m:
 2.06451612903 8.45161290323 16.4838709677 29.5483870968 51.3225806452 82.3870967742 120.322580645 157.806451613 193.032258065 228.935483871 257.129032258 287.548387097 319.483870968 343.645161290 364.483870968 370.000000000 379.806451613 387.387096774 414.709677419 435.451612903
# log_msy_sel_f:
 -8.33880609035 -7.19942568505 -6.06120229711 -4.92653700524 -3.80278368603 -2.71166383500 -1.71004633443 -0.905839396816 -0.395386780167 -0.149129667393 -0.0522958621032 -0.0178866711613 -0.00609467958358 -0.00208506727736 -0.000717954213076 -0.000248921420850 -8.68709389790e-05 -8.68710778431e-05 -8.68709173715e-05 -8.68708705398e-05
# log_msy_sel_m:
 -9.09310926582 -7.83456465749 -6.57686585714 -5.32201254957 -4.07669050102 -2.86254845251 -1.74255116385 -0.851878017814 -0.322873686593 -0.102408818939 -0.0302007676019 -0.00873930272217 -0.00252647577397 -0.000733305124147 -0.000213911358135 -6.27076399531e-05 -1.84658263227e-05 -1.84657995228e-05 -1.84657613354e-05 -1.84658668943e-05
# rec_dev_future:
 0.00000000000 0.00000000000 0.00000000000 0.00000000000 0.00000000000 0.00000000000 0.00000000000 0.00000000000 0.00000000000 0.00000000000 0.00000000000 0.00000000000 0.00000000000 0.00000000000 0.00000000000 0.00000000000 0.00000000000 0.00000000000 0.00000000000 0.00000000000 0.00000000000 0.00000000000 0.00000000000 0.00000000000 0.00000000000 0.00000000000 0.00000000000 0.00000000000 0.00000000000 0.00000000000 0.00000000000 0.00000000000 0.00000000000 0.00000000000 0.00000000000 0.00000000000 0.00000000000 0.00000000000 0.00000000000 0.00000000000 0.00000000000 0.00000000000 0.00000000000 0.00000000000 0.00000000000 0.00000000000 0.00000000000 0.00000000000 0.00000000000 0.00000000000 0.00000000000 0.00000000000 0.00000000000 0.00000000000 0.00000000000 0.00000000000 0.00000000000 0.00000000000 0.00000000000 0.00000000000 0.00000000000 0.00000000000 0.00000000000 0.00000000000 0.00000000000 0.00000000000 0.00000000000 0.00000000000 0.00000000000 0.00000000000 0.00000000000 0.00000000000 0.00000000000 0.00000000000 0.00000000000 0.00000000000 0.00000000000 0.00000000000 0.00000000000
