# Number of parameters = 518 Objective function value = 1348.44011870603  Maximum gradient component = 0.000166073936922626
# ln_q_srv:
 -0.0717680000000000
# natmort_f:
0.120000000000
# natmort_m:
0.139305662617
# Linf_f:
38.0340000000
# K_f:
0.137000000000
# t0_f:
0.297000000000
# Linf_m:
34.0300000000
# K_m:
0.161000000000
# t0_m:
0.515000000000
# age_incr:
 0.00000000000 0.00000000000 0.00000000000 0.00000000000 0.00000000000 0.00000000000 0.00000000000 0.00000000000 0.00000000000 0.00000000000 0.00000000000
# yr_incr:
 0.00000000000 0.00000000000 0.00000000000 0.00000000000 0.00000000000 0.00000000000 0.00000000000 0.00000000000 0.00000000000 0.00000000000 0.00000000000 0.00000000000 0.00000000000 0.00000000000 0.00000000000 0.00000000000 0.00000000000 0.00000000000 0.00000000000 0.00000000000 0.00000000000 0.00000000000 0.00000000000 0.00000000000 0.00000000000 0.00000000000 0.00000000000 0.00000000000 0.00000000000 0.00000000000 0.00000000000 0.00000000000 0.00000000000 0.00000000000 0.00000000000 0.00000000000 0.00000000000 0.00000000000 0.00000000000 0.00000000000 0.00000000000 0.00000000000 0.00000000000 0.00000000000 0.00000000000 0.00000000000 0.00000000000 0.00000000000 0.00000000000 0.00000000000 0.00000000000 0.00000000000 0.00000000000 0.00000000000 0.00000000000 0.00000000000 0.00000000000 0.00000000000 0.00000000000 0.00000000000 0.00000000000 0.00000000000 0.00000000000 0.00000000000 0.00000000000 0.00000000000 0.00000000000 0.00000000000
# growth_alpha:
0.380000000000
# q_alpha:
 -0.243652064805
# q_beta[1]:
 0.0651005116162 0.0109963907795 -0.00969988961021
# mean_log_rec:
0.978187835294
# rec_dev:
 -0.0939681245814 -0.462752072762 -0.891682888102 0.292838541432 -0.0391828720990 -0.303014423278 -0.357800035341 -0.902202274861 -0.245370547652 -0.883574105948 -0.962594799103 -0.689240416736 -0.643491822334 0.119355995110 0.565360201119 0.601137597200 0.881656601001 0.989092158389 0.746451420323 0.379278800149 0.666296571306 0.830133720021 0.397179199007 0.611470596323 0.198306083497 -0.255132226498 0.413769456961 0.119113212925 1.20123590474 -0.575309529400 0.969241960594 -0.132355359422 -0.386164877580 -0.0293967510386 0.298907248339 0.344134490461 -0.429664009028 -0.294729694836 0.503323347136 -0.0480963774702 -0.205077384920 -0.206064204319 0.700528110828 -0.172295735101 -0.343324761659 -0.132548280062 0.213248555246 -0.204404319898 0.0813062358952 0.0456143067613 0.470873041476 -0.352986474640 -0.282841199169 -0.181896904941 -0.246103871543 -0.0817830352135 0.248096883929 -0.751179424715 -1.54818405974 -0.777530121892 -0.809009809409 -0.152387642986 0.168222543283 1.13633455385 -0.0438140054058 1.04334571235 -0.107478554673 -0.0111734022640 -4.67945991556e-05
# mean_log_init:
-0.579460015721
# init_dev_m:
 1.10910474601 0.327705557948 0.0819117530118 0.0172254474350 -0.0436039465372 -0.0555120307868 -0.0598163174284 -0.0649311314901 -0.0685715507584 -0.0712024320500 -0.0745110733238 -0.0772187972460 -0.0788706361156 -0.0795614925487 -0.0798245554832 -0.0799907685725 -0.0801220596361 -0.0801951452960 -0.0802428296706
# init_dev_f:
 0.523355618983 0.139346556454 0.0171556754469 -0.0152040093673 -0.0477785655077 -0.0579870526667 -0.0626262273456 -0.0680395383115 -0.0718364568371 -0.0745702598956 -0.0780232448096 -0.0808416516624 -0.0825516903530 -0.0832613900289 -0.0835291402115 -0.0836974056290 -0.0838298307670 -0.0839031573295 -0.0839507666940
# log_avg_fmort:
 -2.47249811879
# fmort_dev:
 -2.60688886271 -2.42439920320 -1.86549970832 -1.83831019113 -1.17376166940 0.378471759211 1.58318780580 2.43624450911 4.04639495913 1.30915210907 1.19188665727 1.01912323015 1.63254012105 1.94189583885 1.66661145293 2.07103364592 2.17662531555 1.97944774893 1.30858375375 1.57625322560 0.417997378599 0.306329185263 0.273242483924 -0.497254940533 0.164226224943 -0.385589188707 -0.287378806486 -0.521531793738 -0.796080133283 -0.768880119364 -0.326695648415 0.0619018818926 -0.0246022202909 -0.0440873946156 0.183569137486 -0.113138537522 -0.832097720181 -0.624333184283 -0.490617640961 -0.595312992699 -0.333020366239 -0.460165075608 -0.515229407220 -0.0151009635736 -0.419622870391 -0.753516943026 -0.617364206028 -0.904197497682 -0.743680200021 -0.888122259850 -0.962051912215 -0.785506388546 -0.757830750712 -0.472481344974 -0.233947246255 -0.623121883073 -0.503787809777 -0.238584919999 -0.224570084132 -0.0750846749117 -0.0470408461646 -0.188234252329 -0.0947373512978 -0.131216484434 -0.138705466589 -0.109540997397 -0.0118466875796 -0.270608853215 0.0106590977085
# sel_slope_fsh_f:
 1.19648542017
# sel50_fsh_f:
 8.52857750088
# sel_slope_fsh_devs_f:
 -1.29677621601e-05 -1.28411816060e-05 -2.46764409386e-05 -4.33030000373e-05 -0.000135752340352 -0.000823142975737 -0.00318479197666 0.00355333337317 0.0961247770387 0.0126477020616 0.246163440962 0.0560381557455 0.0619325422393 0.0876287915929 -0.214760660071 0.307314723452 0.371049558663 1.03694860524 1.08040153174 0.153995989267 0.217947163249 0.269644154588 -0.0773487942384 -0.484691797520 -0.0263440306315 -0.0957764379861 -0.493176357143 -0.389300689167 -0.169867164967 -0.00635318862561 -0.0734910279740 -0.129828394822 0.211739823943 -0.150294462911 0.0763704482893 0.0741865083802 0.115823559500 -0.646848651220 -0.106680146302 -0.460773413246 0.112489145537 0.0290017245226 0.205488650440 -0.206316269339 -0.0378024016888 -0.0992743841559 0.0483598935953 -0.145617439859 -0.0263389140404 -0.0460722777172 -0.108993811002 -0.284091346302 0.0753730804619 -0.267224214902 0.0244269677190 0.238041055622 -0.0657616464889 -0.0134943261712 -0.204259694972 0.0457635227289 0.0676033299763 -0.135718180730 -0.0248899767545 -0.265280403594 -0.0717796191814 -0.119904854890 0.232639063676 0.0925693942112 0.00132626924009
# sel50_fsh_devs_f:
 -0.000114218309342 -0.000118329241785 -0.000173629236979 -0.000160176036228 -0.000347902146354 -0.00220096434609 -0.00939671880776 -0.0200116558167 0.0117440938736 -0.0191376590825 0.0226765610919 0.193399897017 0.191364309748 0.166856348653 0.291692400349 0.0609428042249 0.250310701385 -0.261911731171 0.188385548704 0.0898491709180 -0.218735352556 -0.0443612207798 0.0679191618714 -0.134500240480 -0.0847981664265 -0.0831393051848 0.0560233211526 -0.00804928101307 -0.102515257024 -0.190883186594 -0.0551260807129 -0.0188232149867 -0.102136363806 0.0801050336876 0.0298687983718 0.0940819119681 0.0262791083518 0.132484036108 -0.0399670309034 0.0802523793305 -0.00913962947193 -0.0764440244368 -0.0620623474235 0.0295770094866 -0.00801103145368 0.0868170879587 0.0394622173866 0.0283044770966 0.0941885562936 -0.00397751548009 0.00623827997852 -0.0190388843027 -0.153424644879 0.0283005858828 -0.124995194809 -0.100733164099 -0.0776614593453 -0.0683252369972 -0.0129096820143 0.00550060610863 0.0297182932756 0.0969759259590 0.0164093914295 0.0189461081432 -0.0264673563662 -0.0563511497008 -0.169845361996 -0.149692485270 0.00101279082744
# sel_slope_fsh_m:
 1.39423951854
# male_sel_offset:
0.00000000000
# sel_slope_fsh_devs_m:
 1.70506228079e-05 8.84079682351e-05 0.000412603310424 0.000870929444392 0.00280822779175 0.0154684650947 0.0513648616016 0.105314518107 0.195044193610 -0.0549923020095 1.13056361133 0.442182236012 0.179389249238 0.318881777830 0.335161699005 0.151914938523 0.612496724788 0.371385971053 0.445234449838 0.619835349356 0.123124817402 0.289967683419 -0.159204427345 0.0666326093864 -0.289057744939 -0.203774488444 -0.834465081778 -0.686981168288 -0.278095385267 -0.105946007712 -0.0141383183731 0.0467665801544 0.189118725393 0.263585237963 0.238686503964 0.128112909268 -0.0941084630325 -0.505325028443 -0.0596652280610 -0.659441678772 -0.364992612366 -0.236412422465 -0.0861475580362 0.367973496827 -0.337206739603 -0.415600656857 -0.157624165959 -0.217481012619 0.0106055679582 0.150027682766 -0.157783000108 -0.238506758483 0.0664764934869 -0.0201231756306 -0.0888788801949 -0.216825529053 0.0624344862915 -0.138813100925 0.0807909380938 -0.0363210641917 0.0790760332909 -0.0218750369324 -0.103539435811 -0.0477495808217 -0.0664879444713 -0.0632332462992 -0.0536088978441 -0.128399082860 0.000990823537790
# sel50_fsh_m:
 8.20392595389
# sel50_fsh_devs_m:
 -6.57945621487e-05 -1.74497515264e-05 0.000272414132931 0.00101786138690 0.00474044824420 0.0390496527136 0.148413950623 0.290319043037 0.488211864956 -0.130427167536 -0.771077101714 -0.0162372717101 0.0331228212594 -0.0895872224119 -0.0194170166144 0.0758414525717 -0.160811214834 -0.0793549900426 -0.118926103792 -0.105783165120 0.266115594497 -0.113031442935 0.100748177993 -0.00740742188460 0.00724298297943 -0.0464197896216 0.268481414261 0.0753918960805 -0.161397189206 -0.175963953866 -0.0804833314407 -0.0882935101928 -0.103975283740 -0.0347702822455 -0.0126849963577 0.0884552948853 0.0666289407712 -0.0849641277914 -0.0382637562358 0.182304839040 0.140811323222 0.0148691856845 -0.0326699974765 -0.0646765366962 0.139299056142 0.278338108864 0.122107562089 0.122396049688 0.113938992069 -0.0114971773178 0.0532181323671 -0.0155653478644 -0.0727991720049 -0.0862505449048 -0.0713253511132 0.0360480626426 -0.0991743026250 -0.0566823812821 -0.115624104897 -0.0413889322115 -0.0152014481240 0.0681903275605 0.0414493065027 -0.00898689231438 0.0193217536487 -0.0356543663908 -0.0629137243804 -0.0578806309322 0.00130403864001
# sel_slope_srv:
 1.61329396190
# sel50_srv:
 4.91333822855
# sel_slope_srv_m:
 0.00000000000
# sel50_srv_m:
 0.00000000000
# F40:
 0.120000000000
# F35:
 0.160000000000
# F30:
 0.210000000000
# R_logalpha:
-4.41837196517
# R_logbeta:
-6.55010945667
# sigmaR:
0.600000000000
# wt_fsh_fut_f:
 6.00000000000 8.00000000000 19.0000000000 35.0000000000 192.000000000 220.000000000 278.000000000 286.000000000 317.000000000 378.000000000 395.000000000 425.000000000 449.000000000 484.000000000 525.000000000 501.000000000 531.000000000 561.000000000 607.000000000 606.000000000
# wt_fsh_fut_m:
 0.00000000000 8.00000000000 20.0000000000 35.0000000000 186.000000000 218.000000000 252.000000000 236.000000000 292.000000000 310.000000000 327.000000000 357.000000000 374.000000000 396.000000000 371.000000000 408.000000000 370.000000000 428.000000000 503.000000000 473.000000000
# wt_pop_fut_f:
 6.00000000000 6.00000000000 21.0000000000 43.0000000000 103.000000000 188.000000000 248.000000000 321.000000000 365.000000000 453.000000000 438.000000000 478.000000000 540.000000000 564.000000000 592.000000000 637.000000000 602.000000000 635.000000000 650.000000000 667.000000000
# wt_pop_fut_m:
 4.00000000000 8.00000000000 24.0000000000 59.0000000000 110.000000000 180.000000000 232.000000000 250.000000000 267.000000000 332.000000000 331.000000000 374.000000000 420.000000000 428.000000000 435.000000000 455.000000000 462.000000000 449.000000000 431.000000000 448.000000000
# log_msy_sel_f:
 -8.90385550673 -7.56410834900 -6.22552659573 -4.89145400272 -3.57477523639 -2.32196647713 -1.26149416666 -0.559404692115 -0.208355237656 -0.0681238697566 -0.0207939492987 -0.00619411255224 -0.00183489345238 -0.000543832612363 -0.000161512091460 -4.80716111761e-05 -1.43359539684e-05 -1.43352435778e-05 -1.43351934859e-05 -1.43360569529e-05
# log_msy_sel_m:
 -9.06533066045 -7.75126879910 -6.43818954980 -5.12864629837 -3.83173081915 -2.57834964063 -1.45828948587 -0.639404082920 -0.215998768408 -0.0624618760745 -0.0170974780661 -0.00462350311750 -0.00125116520268 -0.000339990725647 -9.28553584227e-05 -2.54917471042e-05 -7.03370581285e-06 -7.03469181966e-06 -7.03478089208e-06 -7.03393754740e-06
# rec_dev_future:
 0.00000000000 0.00000000000 0.00000000000 0.00000000000 0.00000000000 0.00000000000 0.00000000000 0.00000000000 0.00000000000 0.00000000000
