# Number of parameters = 458 Objective function value = 1096.59605156312  Maximum gradient component = 0.00119644852011599
# ln_q_srv:
 -0.0717680000000000
# natmort_f:
0.120000000000
# natmort_m:
0.140484716837
# Linf_f:
38.0340000000
# K_f:
0.137000000000
# t0_f:
0.297000000000
# Linf_m:
34.0300000000
# K_m:
0.161000000000
# t0_m:
0.515000000000
# age_incr:
 0.00000000000 0.00000000000 0.00000000000 0.00000000000 0.00000000000 0.00000000000 0.00000000000 0.00000000000 0.00000000000 0.00000000000 0.00000000000
# yr_incr:
 0.00000000000 0.00000000000 0.00000000000 0.00000000000 0.00000000000 0.00000000000 0.00000000000 0.00000000000 0.00000000000 0.00000000000 0.00000000000 0.00000000000 0.00000000000 0.00000000000 0.00000000000 0.00000000000 0.00000000000 0.00000000000 0.00000000000 0.00000000000 0.00000000000 0.00000000000 0.00000000000 0.00000000000 0.00000000000 0.00000000000 0.00000000000 0.00000000000 0.00000000000 0.00000000000 0.00000000000 0.00000000000 0.00000000000 0.00000000000 0.00000000000 0.00000000000 0.00000000000 0.00000000000 0.00000000000 0.00000000000 0.00000000000 0.00000000000 0.00000000000 0.00000000000 0.00000000000 0.00000000000 0.00000000000 0.00000000000 0.00000000000 0.00000000000 0.00000000000 0.00000000000 0.00000000000 0.00000000000 0.00000000000 0.00000000000 0.00000000000 0.00000000000
# growth_alpha:
0.380000000000
# q_alpha:
 -0.0964768607794
# q_beta[1]:
 0.0596937346970 0.00752649853724 -0.00831427073952
# mean_log_rec:
0.992990793588
# rec_dev:
 -0.270221278464 -0.481594153693 -0.632146653957 0.685958606570 0.278874505305 -0.146761951328 -0.304514405028 -0.889744401268 -0.252725011919 -0.930194446120 -1.02667085099 -0.738954477836 -0.689538230758 0.0536833729654 0.492722624709 0.521416428681 0.796703113456 0.900124183940 0.653491414539 0.283980277886 0.571346248720 0.738798248241 0.307381004483 0.519261556867 0.103757010361 -0.351853385321 0.312524584888 0.0134065902600 1.09004513294 -0.685746574998 0.853104836147 -0.250137380124 -0.509125774270 -0.160627895806 0.159454522285 0.194393472561 -0.588760181858 -0.468718786744 0.312980969551 -0.249073260995 -0.419228748321 -0.452395612617 0.471287326172 -0.415420280673 -0.589484245609 -0.373523385878 -0.0196260074889 -0.410909560896 -0.0405699928395 0.0198099900457 0.710435620514 -0.139788525439 0.0812188334309 0.228023693316 0.341459102360 0.552255262450 0.290609731761 -0.0387897226073 -0.0116633013796
# mean_log_init:
-0.679922876051
# init_dev_m:
 0.491306641792 0.110886834082 -0.00367046089598 -0.00978505553106 -0.0412471423799 -0.0493040815017 -0.0527377311179 -0.0563217269785 -0.0593060443408 -0.0618001258711 -0.0646847903072 -0.0674535019602 -0.0691742532914 -0.0699018878010 -0.0701660805625 -0.0703293955495 -0.0704573316108 -0.0705283975337 -0.0705746448587
# init_dev_f:
 1.03328285312 0.259254234614 0.0295398058677 0.0198338253250 -0.0405867543490 -0.0519168461576 -0.0553679676303 -0.0590741796895 -0.0621758430895 -0.0647700986069 -0.0677848909835 -0.0706747716682 -0.0724610549399 -0.0732104672965 -0.0734798598172 -0.0736454488813 -0.0737746270109 -0.0738460243221 -0.0738922976059
# log_avg_fmort:
 -2.30080138230
# fmort_dev:
 -2.68052552940 -2.49731184603 -1.93715984773 -1.90809622001 -1.24037995097 0.321636302684 1.56345313413 2.58203041252 3.92296108170 1.29228772187 1.14383844426 0.917991447371 1.55180596038 1.83375978894 1.78381009737 1.88151052318 1.93695526299 2.17960381937 1.08499596837 1.50157438495 0.297099521165 0.210175849578 0.188764374491 -0.570366404500 0.0831768214411 -0.461706652543 -0.343770489157 -0.582245069747 -0.864097247293 -0.837027934869 -0.391591759541 0.00141398154554 -0.0806385239711 -0.0876380889025 0.145573201820 -0.136363501315 -0.852254914351 -0.638488451600 -0.518606556267 -0.602806381036 -0.355270115039 -0.478114110307 -0.529428405399 -0.0207784283138 -0.412821857351 -0.736173896026 -0.599351365352 -0.879701457288 -0.710487184190 -0.843887773920 -0.909087071159 -0.721991157189 -0.680691260166 -0.378419056798 -0.115265714806 -0.492210339678 -0.336503262735 -0.0198049678410 0.0266457667041
# sel_slope_fsh_f:
 1.18366082919
# sel50_fsh_f:
 8.79901618255
# sel_slope_fsh_devs_f:
 1.69580124689e-05 8.28715870194e-05 0.000366534594768 0.000762818527480 0.00249608500222 0.0155652248710 0.0546470895120 0.122731289824 0.209108424354 0.0231190283095 0.360155974688 0.154903838884 0.0694899754101 0.0386286282739 -0.262022170801 0.260573374611 0.359786121576 1.05641265559 0.946912652955 0.0696521568583 0.225741583514 0.273108884256 -0.0729074117921 -0.500315302612 -0.0245619886574 -0.0934078694184 -0.499876582642 -0.397409773009 -0.174647659750 -0.0232236337701 -0.0817772680056 -0.135639090200 0.208671163576 -0.160966182197 0.0630091672142 0.0491781700739 0.100316377721 -0.665210514428 -0.120831684934 -0.488746920201 0.0904556689192 -0.00147903678722 0.187773201577 -0.224949594476 -0.0498821966957 -0.116283447324 0.0436794049961 -0.145691156005 -0.0257383998503 -0.0407744671237 -0.100731384638 -0.254523218160 0.113473070268 -0.207189478731 0.0895760933584 0.287303799684 -0.0759656427222 -0.121873469405 -0.411072146005
# sel50_fsh_devs_f:
 -9.69573120386e-05 -6.34343233923e-05 0.000111187406528 0.000623547871964 0.00308930177660 0.0272739935166 0.116072269234 0.257338864807 0.433214845783 -0.0972429473503 -0.0930023138663 0.0560587211321 0.122531521564 0.123142450866 0.303066549086 -0.00980912064254 0.208121563948 -0.287085264429 0.159319904887 0.124689465770 -0.251805259938 -0.0740500029283 0.0395895575514 -0.151304549884 -0.112830593786 -0.109898986597 0.0374176730128 -0.0276738897598 -0.125711472188 -0.212974362757 -0.0791181682075 -0.0433700641297 -0.128638595385 0.0579590416454 0.00613451608196 0.0735136795001 0.00506336216326 0.121275063516 -0.0605310642658 0.0703287544241 -0.0324459532223 -0.0993549688751 -0.0888232977582 0.00428854307380 -0.0350932702402 0.0616697495850 0.00899649249445 -0.00292525643918 0.0633279999404 -0.0352690361427 -0.0244106235565 -0.0491838881215 -0.180298297660 0.00292367372903 -0.130745199977 -0.0980866429828 -0.0247056868708 0.0305619751852 0.148844560798
# sel_slope_fsh_m:
 1.35826736862
# male_sel_offset:
0.00000000000
# sel_slope_fsh_devs_m:
 -1.31906943723e-05 -1.36953731653e-05 -2.46345810586e-05 -3.41411747371e-05 -0.000103794928549 -0.000945287345916 -0.00527129324258 -0.0178940869499 -0.299391873747 -0.0201708831873 1.14335229639 0.430593365302 0.220046522315 0.359502831109 0.326396053846 0.198408700098 0.726810625163 0.327169507725 0.449482266567 0.641432572626 0.160370241838 0.310771137759 -0.138460541586 0.0804875813773 -0.271628929808 -0.186185540770 -0.815208183634 -0.674711780306 -0.268448913322 -0.0994888211294 0.000163286564035 0.0663160746319 0.205608908979 0.276638056047 0.254733113394 0.138098302767 -0.0943609947830 -0.504503529722 -0.0577660110304 -0.660491655648 -0.369409865057 -0.237648452462 -0.0869388027114 0.379400033642 -0.329852137453 -0.406480737133 -0.142779246908 -0.195304557974 0.0398134918148 0.178946334242 -0.122347242203 -0.184925897338 0.104970682651 0.0414656801071 -0.0221226701415 -0.147390445834 -0.0679118495429 -0.335314469071 -0.297432900712
# sel50_fsh_m:
 8.22447978397
# sel50_fsh_devs_m:
 -7.84281751685e-05 -8.51780674509e-05 -0.000132515214883 -0.000128352409671 -0.000278101955429 -0.00185117038120 -0.00960575963177 -0.0327045815292 -0.252350914147 -0.0171230180436 -0.763153925583 0.0101467487717 0.0433134594526 -0.0853109588584 0.00624006768208 0.138499190246 -0.187272455083 0.383810473161 -0.126687643952 -0.109797244141 0.237297146417 -0.115176827285 0.0998373721350 -0.00611330148523 0.00743163846213 -0.0460351514289 0.273481800927 0.0821104703845 -0.157421637453 -0.173363830662 -0.0803899379810 -0.0888332475519 -0.103911260363 -0.0337548002944 -0.0120106529520 0.0912254013114 0.0730710356706 -0.0713322674726 -0.0346576056682 0.194550054105 0.145771758886 0.0168687490276 -0.0320883054089 -0.0681751780327 0.138611053576 0.278716260048 0.117878505953 0.116248576761 0.106975480617 -0.0168858239581 0.0464504910388 -0.0230426579088 -0.0732885638980 -0.0787237493028 -0.0479281057400 0.0649973032998 -0.00447621824843 0.0984142825688 0.0822221601823
# sel_slope_srv:
 1.56976914058
# sel50_srv:
 5.07208251681
# sel_slope_srv_m:
 0.00000000000
# sel50_srv_m:
 0.00000000000
# F40:
 0.120000000000
# F35:
 0.160000000000
# F30:
 0.210000000000
# R_logalpha:
-4.27261536500
# R_logbeta:
-6.41541689021
# sigmaR:
0.600000000000
# wt_fsh_fut_f:
 6.00000000000 8.00000000000 20.0000000000 31.0000000000 55.0000000000 133.000000000 169.000000000 260.000000000 288.000000000 310.000000000 345.000000000 357.000000000 382.000000000 462.000000000 449.000000000 441.000000000 483.000000000 514.000000000 478.000000000 521.000000000
# wt_fsh_fut_m:
 0.00000000000 4.00000000000 15.0000000000 34.0000000000 60.0000000000 134.000000000 164.000000000 221.000000000 252.000000000 297.000000000 329.000000000 332.000000000 333.000000000 348.000000000 420.000000000 355.000000000 369.000000000 396.000000000 358.000000000 423.000000000
# wt_pop_fut_f:
 6.00000000000 6.00000000000 11.0000000000 27.0000000000 53.0000000000 91.0000000000 146.000000000 167.000000000 258.000000000 317.000000000 367.000000000 321.000000000 452.000000000 529.000000000 502.000000000 514.000000000 562.000000000 654.000000000 598.000000000 730.000000000
# wt_pop_fut_m:
 4.00000000000 8.00000000000 12.0000000000 27.0000000000 53.0000000000 88.0000000000 126.000000000 183.000000000 216.000000000 256.000000000 283.000000000 320.000000000 292.000000000 422.000000000 420.000000000 387.000000000 431.000000000 393.000000000 355.000000000 475.000000000
# log_msy_sel_f:
 -8.00266819391 -7.02671004672 -6.05165884385 -5.07900525526 -4.11276921574 -3.16368735995 -2.25883696895 -1.45554736795 -0.833259021445 -0.430716152794 -0.207868376492 -0.0961550358019 -0.0434241268884 -0.0194035328883 -0.00864971891026 -0.00386239663656 -0.00173021076601 -0.00173021240416 -0.00173022350853 -0.00173021547229
# log_msy_sel_m:
 -8.32177715347 -7.23920700514 -6.15756516233 -5.07861739840 -4.00756670890 -2.95959344428 -1.97594474970 -1.14436180991 -0.564481903210 -0.243165748493 -0.0959671907599 -0.0362586334236 -0.0134698318874 -0.00498057403308 -0.00184155064179 -0.000681883718165 -0.000252910251926 -0.000252915644064 -0.000252922355638 -0.000252917218916
# rec_dev_future:
 0.00000000000 0.00000000000 0.00000000000 0.00000000000 0.00000000000 0.00000000000 0.00000000000 0.00000000000 0.00000000000 0.00000000000
