# Number of parameters = 506 Objective function value = 1306.57005579543  Maximum gradient component = 0.000374079916307781
# ln_q_srv:
 -0.0717680000000000
# natmort_f:
0.120000000000
# natmort_m:
0.139673551088
# Linf_f:
38.0340000000
# K_f:
0.137000000000
# t0_f:
0.297000000000
# Linf_m:
34.0300000000
# K_m:
0.161000000000
# t0_m:
0.515000000000
# age_incr:
 0.00000000000 0.00000000000 0.00000000000 0.00000000000 0.00000000000 0.00000000000 0.00000000000 0.00000000000 0.00000000000 0.00000000000 0.00000000000
# yr_incr:
 0.00000000000 0.00000000000 0.00000000000 0.00000000000 0.00000000000 0.00000000000 0.00000000000 0.00000000000 0.00000000000 0.00000000000 0.00000000000 0.00000000000 0.00000000000 0.00000000000 0.00000000000 0.00000000000 0.00000000000 0.00000000000 0.00000000000 0.00000000000 0.00000000000 0.00000000000 0.00000000000 0.00000000000 0.00000000000 0.00000000000 0.00000000000 0.00000000000 0.00000000000 0.00000000000 0.00000000000 0.00000000000 0.00000000000 0.00000000000 0.00000000000 0.00000000000 0.00000000000 0.00000000000 0.00000000000 0.00000000000 0.00000000000 0.00000000000 0.00000000000 0.00000000000 0.00000000000 0.00000000000 0.00000000000 0.00000000000 0.00000000000 0.00000000000 0.00000000000 0.00000000000 0.00000000000 0.00000000000 0.00000000000 0.00000000000 0.00000000000 0.00000000000 0.00000000000 0.00000000000 0.00000000000 0.00000000000 0.00000000000 0.00000000000 0.00000000000 0.00000000000
# growth_alpha:
0.380000000000
# q_alpha:
 -0.271400923071
# q_beta[1]:
 0.0577331477097 0.00929436170560 -0.0109327737613
# mean_log_rec:
1.02100464846
# rec_dev:
 -0.101809819691 -0.319442369470 -0.663180176289 0.352895295191 -0.0549652479479 -0.341340382735 -0.397761563963 -0.945102906877 -0.293277356221 -0.918201613176 -0.984847896183 -0.696324616931 -0.664725769788 0.0975936246854 0.534121751016 0.574262898956 0.855086855929 0.962661735732 0.720326383724 0.353777276652 0.641762444505 0.807782325941 0.376091832344 0.590693808796 0.177245516123 -0.276032454822 0.392833493331 0.0986572094348 1.18049811345 -0.594188368537 0.948980233509 -0.151719799258 -0.404962015189 -0.0484862247644 0.279978375455 0.325718546883 -0.446650889103 -0.311009391384 0.487101208004 -0.0644283001407 -0.220345685255 -0.220185193026 0.687881481920 -0.183670985462 -0.353001777745 -0.140507700369 0.207420239992 -0.206148241775 0.0833484244512 0.0539284114331 0.492392086685 -0.334789660706 -0.236296100281 -0.115692976611 -0.186586218951 0.00663007286546 0.347314559896 -0.655238132144 -1.46283857027 -0.512856795394 -0.383845027655 0.152032994378 0.534738174732 0.731458959073 -0.144650802622 -0.0194769519537 -0.000626348993842
# mean_log_init:
-0.618736088008
# init_dev_m:
 1.14131405950 0.334432230621 0.0796807928602 0.0109285403025 -0.0448162888271 -0.0567543350986 -0.0609599963659 -0.0658788549617 -0.0694619414089 -0.0722132269038 -0.0755353989264 -0.0784736300343 -0.0802901419564 -0.0810440581012 -0.0813260654147 -0.0815028589563 -0.0816421766221 -0.0817196207721 -0.0817701649022
# init_dev_f:
 0.536259908945 0.141718762828 0.0152328036330 -0.0195207121313 -0.0493005403415 -0.0592955740914 -0.0638146908169 -0.0690165578769 -0.0727550736788 -0.0756168691034 -0.0790851996487 -0.0821461368479 -0.0840282231352 -0.0848032455818 -0.0850904060939 -0.0852694430541 -0.0854099755723 -0.0854877021295 -0.0855381634714
# log_avg_fmort:
 -2.48948026193
# fmort_dev:
 -2.54716742683 -2.36445774262 -1.80513680321 -1.77732624710 -1.11181662306 0.443895996606 1.66149729804 2.55245201024 4.06442792657 1.30038893498 1.18695787429 1.07150119015 1.62621183791 1.92235758514 1.48155798103 2.08653934735 2.20748284541 1.97174669461 1.34379740295 1.66248335973 0.481559825317 0.293283650728 0.275395639223 -0.499147814129 0.170898941243 -0.381415523018 -0.277145178939 -0.517765591049 -0.794018493765 -0.768205519748 -0.327102716044 0.0602247217420 -0.0277634441169 -0.0494359775930 0.176414966793 -0.122429917105 -0.841883978127 -0.634156278905 -0.499309539680 -0.606082599589 -0.341362955037 -0.469908917118 -0.524729491055 -0.0267058606123 -0.431262180426 -0.767608991309 -0.630672939200 -0.918471288915 -0.758413542733 -0.902528950056 -0.976845175545 -0.800066345481 -0.773416365314 -0.489499730920 -0.251387340581 -0.642995397453 -0.525088232567 -0.261286640555 -0.253879995327 -0.109658083974 -0.0879162204149 -0.231337535677 -0.153062147493 -0.202818313910 -0.225836300503 -0.206371443989 -0.126177994075
# sel_slope_fsh_f:
 1.21899803739
# sel50_fsh_f:
 8.46777484958
# sel_slope_fsh_devs_f:
 -1.41812715766e-05 -1.46219414132e-05 -2.99513982362e-05 -5.38264409506e-05 -0.000165083226117 -0.00113192169430 -0.00514810521069 -0.00299701772996 0.152496463641 0.0162173125551 0.192975672512 0.408623072479 0.142002571317 0.0715839229344 -0.166034531805 0.345335084171 0.349939643939 0.925082586775 1.09245613116 0.621789732312 0.197841320132 0.292225098840 -0.0660902648243 -0.487276826385 -0.0428948167027 -0.111605399791 -0.512164220095 -0.405608499864 -0.185065531731 -0.0190007753946 -0.0869597806608 -0.142710551179 0.200505285068 -0.162895736751 0.0671939183826 0.0655906921460 0.104138625696 -0.659964189627 -0.117896112842 -0.472866734332 0.104301598390 0.0265081953362 0.199954532097 -0.212268955800 -0.0483028317528 -0.109502550450 0.0371066636497 -0.158067568315 -0.0361740928595 -0.0567594301028 -0.120016404689 -0.294810459457 0.0662722427681 -0.275307304466 0.0149654791548 0.226753721431 -0.0757215492102 -0.0282340150087 -0.218652730781 0.0299716737377 0.0450851297487 -0.160399364778 -0.0592029212887 -0.285534782573 -0.0829792084859 -0.169674201987 0.0432812878262
# sel50_fsh_devs_f:
 -0.000121433123354 -0.000126960107986 -0.000189328993141 -0.000178107415236 -0.000387303076897 -0.00249343356008 -0.0114195027082 -0.0296964595061 -0.0845106518772 -0.0287021489753 0.0578172602553 -0.00505692688926 0.0511593167642 0.193069936877 0.240203673013 0.0660441777336 0.260912752453 -0.228233796035 0.197932472682 -0.123559574713 -0.203222568505 -0.0466278671726 0.0674755883516 -0.133433958881 -0.0772335241569 -0.0760526674387 0.0653127097348 -0.000541307866968 -0.0950982404272 -0.184228196228 -0.0487623962346 -0.0132313761072 -0.0965663288879 0.0854875468179 0.0348831885840 0.0990691145406 0.0319058780909 0.136949833961 -0.0350768941866 0.0843556088135 -0.00400201374408 -0.0723933820518 -0.0567548931509 0.0328594951516 -0.00277354118564 0.0919245893478 0.0454139070256 0.0338275733185 0.0994349577436 0.00197674438043 0.0123447611883 -0.0131354001346 -0.146992893511 0.0340197428510 -0.117558897874 -0.0923677942001 -0.0676837255018 -0.0559405635124 0.000669739170359 0.0186881498961 0.0443394984433 0.114163082254 0.0346219609573 0.0398621011633 -0.00415329013464 -0.0188655186155 -0.0993525956664
# sel_slope_fsh_m:
 1.34906425177
# male_sel_offset:
0.00000000000
# sel_slope_fsh_devs_m:
 1.56040311872e-05 8.71259624615e-05 0.000416266767253 0.000908521821997 0.00301354639650 0.0174187735042 0.0579728767431 0.115833041503 0.203124558889 -0.0847634662590 1.14998789081 0.128424138202 0.0531263697159 0.359198374303 0.379231258484 0.138840664734 0.634060977617 0.539027912850 0.502948798402 0.0794937039211 0.0740551313048 0.318072941718 -0.157896318685 0.0927705086391 -0.264720814469 -0.178751166277 -0.813893368338 -0.662210770421 -0.258771921316 -0.0929649296789 0.00391440425721 0.0656503231778 0.207735289752 0.281710232060 0.255017909123 0.145553377509 -0.0702093559156 -0.476734022711 -0.0371663525734 -0.633060817368 -0.347172323796 -0.224143384653 -0.0796967049878 0.387620648094 -0.322671182615 -0.394487769682 -0.140266813943 -0.194852290593 0.0305101718982 0.161614654382 -0.138537088497 -0.223246781107 0.0807733741390 0.000970970367346 -0.0718309524481 -0.203909086685 0.0623387292449 -0.134226760367 0.0932776246772 -0.0255242904639 0.0679156117410 -0.0559944301575 -0.110499154929 -0.0506378493485 -0.0483788526758 -0.0686974848196 -0.126713860006
# sel50_fsh_m:
 8.35460510303
# sel50_fsh_devs_m:
 -7.03224592211e-05 -2.63491936696e-05 0.000237993704689 0.000956121016509 0.00461134495876 0.0387136899444 0.147396113011 0.288770130681 0.473265527236 -0.134898780716 -0.789409480164 0.188642223328 0.200396927657 -0.114194765553 -0.0540759170800 0.0574461811372 -0.175068868679 -0.158341541236 -0.140874306655 0.289365509035 0.229835172269 -0.133062915007 0.0887158379605 -0.0257195400319 -0.00876622199860 -0.0628657744151 0.255726537628 0.0603606258066 -0.175345343025 -0.189709616797 -0.0960121182380 -0.103771365057 -0.120135014753 -0.0515566778573 -0.0298169499110 0.0713309506326 0.0485806741538 -0.102928889802 -0.0555530848648 0.164752217123 0.125651247933 0.000473945166652 -0.0462105847542 -0.0819138619031 0.125013532030 0.261870784191 0.106002282906 0.105699127519 0.0973802234200 -0.0282645678170 0.0368569974357 -0.0291369556600 -0.0876103399266 -0.101017702784 -0.0839532848152 0.0244963371301 -0.109165107450 -0.0632931766904 -0.124129669269 -0.0470963029864 -0.0189962117049 0.0689463488902 0.0376679948630 -0.0142384942725 0.0135142305303 -0.0224254217316 -0.0330210870577
# sel_slope_srv:
 1.57857207586
# sel50_srv:
 4.97446568676
# sel_slope_srv_m:
 0.00000000000
# sel50_srv_m:
 0.00000000000
# F40:
 0.120000000000
# F35:
 0.160000000000
# F30:
 0.210000000000
# R_logalpha:
-4.33979509430
# R_logbeta:
-6.55762822311
# sigmaR:
0.600000000000
# wt_fsh_fut_f:
 6.00000000000 8.00000000000 20.0000000000 31.0000000000 55.0000000000 133.000000000 208.000000000 249.000000000 279.000000000 343.000000000 390.000000000 440.000000000 443.000000000 454.000000000 482.000000000 490.000000000 492.000000000 527.000000000 547.000000000 555.000000000
# wt_fsh_fut_m:
 0.00000000000 4.00000000000 15.0000000000 34.0000000000 60.0000000000 134.000000000 191.000000000 241.000000000 257.000000000 293.000000000 312.000000000 328.000000000 341.000000000 358.000000000 360.000000000 368.000000000 376.000000000 410.000000000 383.000000000 413.000000000
# wt_pop_fut_f:
 6.00000000000 6.00000000000 21.0000000000 47.0000000000 92.0000000000 160.000000000 180.000000000 254.000000000 277.000000000 346.000000000 404.000000000 583.000000000 503.000000000 505.000000000 570.000000000 680.000000000 701.000000000 673.000000000 698.000000000 720.000000000
# wt_pop_fut_m:
 4.00000000000 8.00000000000 20.0000000000 48.0000000000 97.0000000000 126.000000000 195.000000000 206.000000000 237.000000000 280.000000000 324.000000000 384.000000000 377.000000000 384.000000000 431.000000000 464.000000000 434.000000000 454.000000000 464.000000000 507.000000000
# log_msy_sel_f:
 -8.11537121217 -6.97483517017 -5.83567546365 -4.70078570232 -3.57913505457 -2.49744476757 -1.52447534349 -0.777825745712 -0.330914175161 -0.123622377843 -0.0432555479113 -0.0147741683298 -0.00501690494081 -0.00170511531987 -0.000581284881572 -0.000198867430540 -6.82743903145e-05 -6.82746698190e-05 -6.82775272590e-05 -6.82752065373e-05
# log_msy_sel_m:
 -9.01600161102 -7.77187707517 -6.52854349526 -5.28790927603 -4.05642790124 -2.85521038794 -1.74622022443 -0.862669172240 -0.333231268938 -0.107761956624 -0.0321767367669 -0.00936226707295 -0.00270633323263 -0.000781831872478 -0.000226117791511 -6.55025001580e-05 -1.90099241825e-05 -1.90091665444e-05 -1.90145389306e-05 -1.90060147806e-05
# rec_dev_future:
 0.00000000000 0.00000000000 0.00000000000 0.00000000000 0.00000000000 0.00000000000 0.00000000000 0.00000000000 0.00000000000 0.00000000000
