# Number of parameters = 508 Objective function value = 1387.68277966277  Maximum gradient component = 2.97346953948099e-05
# ln_q_srv:
 -0.0717680000000000
# natmort_f:
0.120000000000
# natmort_m:
0.134691565430
# Linf_f:
38.0340000000
# K_f:
0.137000000000
# t0_f:
0.297000000000
# Linf_m:
34.0300000000
# K_m:
0.161000000000
# t0_m:
0.515000000000
# age_incr:
 0.00000000000 0.00000000000 0.00000000000 0.00000000000 0.00000000000 0.00000000000 0.00000000000 0.00000000000 0.00000000000 0.00000000000 0.00000000000
# yr_incr:
 0.00000000000 0.00000000000 0.00000000000 0.00000000000 0.00000000000 0.00000000000 0.00000000000 0.00000000000 0.00000000000 0.00000000000 0.00000000000 0.00000000000 0.00000000000 0.00000000000 0.00000000000 0.00000000000 0.00000000000 0.00000000000 0.00000000000 0.00000000000 0.00000000000 0.00000000000 0.00000000000 0.00000000000 0.00000000000 0.00000000000 0.00000000000 0.00000000000 0.00000000000 0.00000000000 0.00000000000 0.00000000000 0.00000000000 0.00000000000 0.00000000000 0.00000000000 0.00000000000 0.00000000000 0.00000000000 0.00000000000 0.00000000000 0.00000000000 0.00000000000 0.00000000000 0.00000000000 0.00000000000 0.00000000000 0.00000000000 0.00000000000 0.00000000000 0.00000000000 0.00000000000 0.00000000000 0.00000000000 0.00000000000 0.00000000000 0.00000000000 0.00000000000 0.00000000000 0.00000000000 0.00000000000 0.00000000000 0.00000000000 0.00000000000 0.00000000000 0.00000000000
# growth_alpha:
0.380000000000
# q_alpha:
 -0.266979474192
# q_beta[1]:
 0.0596327080144 0.0115676165726 -0.0107372723470
# mean_log_rec:
1.04029449131
# rec_dev:
 -0.318941222905 -0.525035017900 -0.671359865029 0.656132219027 0.259933737542 -0.180782974244 -0.358761969166 -0.955804592422 -0.316188457496 -0.966723865858 -1.04153475518 -0.770386383089 -0.733210073630 0.0267045717596 0.470943400079 0.505107349332 0.784310782771 0.890992727290 0.651025438862 0.283686730808 0.578403129076 0.736908038704 0.315174203718 0.543815405684 0.120582763479 -0.325325179686 0.338741468440 0.0526622752291 1.12090411698 -0.565421166900 0.932636320748 -0.127348783901 -0.390219232212 -0.0768418558054 0.240425461724 0.241878958214 -0.451918329683 -0.334395228134 0.463656674317 -0.0534859438078 -0.225686687073 -0.223127803882 0.676300043657 -0.164361402313 -0.351965519196 -0.152230893808 0.185050671779 -0.247879311079 0.0511658203819 0.0131651069378 0.446495003427 -0.344868806008 -0.219647262666 -0.0300427608128 -0.121344483802 0.0777236504685 0.419497137297 -0.620054264684 -1.33746254414 -0.352378070429 -0.298322089069 0.245426676691 0.651279792695 0.983023796850 -0.0991078266884 -0.0115889265584 1.19097656182e-08
# mean_log_init:
-0.714193854503
# init_dev_m:
 0.502292699976 0.118928571693 0.00137829020247 -0.0111446701604 -0.0436461556361 -0.0516928506651 -0.0552876096696 -0.0589619920741 -0.0620725406451 -0.0646970603907 -0.0677020183081 -0.0706409608542 -0.0724547432237 -0.0732177303995 -0.0734974057696 -0.0736712694889 -0.0738078786417 -0.0738838731136 -0.0739334488218
# init_dev_f:
 1.05839516854 0.277796439588 0.0421328634057 0.0197442043573 -0.0425587504087 -0.0536847966122 -0.0572642163484 -0.0610126937098 -0.0642046828009 -0.0669028288507 -0.0700037488821 -0.0730341874242 -0.0748971369388 -0.0756763404830 -0.0759599500153 -0.0761355186104 -0.0762730816013 -0.0763493034397 -0.0763988417186
# log_avg_fmort:
 -2.47037285721
# fmort_dev:
 -2.48245135710 -2.30120738323 -1.74305951115 -1.71609632648 -1.05063564235 0.509839409136 1.75316523509 2.78229634442 4.09825966692 1.42984891076 1.32791398289 1.07697970769 1.71142576567 1.99128043052 1.88494081396 2.07621864486 2.17804923980 1.97545577137 1.31927724789 1.60049670952 0.435420473363 0.313815266586 0.283352764079 -0.491770475538 0.179160522564 -0.370944228970 -0.263911699042 -0.505617129667 -0.784219651450 -0.756375226317 -0.315312623790 0.0728855622632 -0.0140301530770 -0.0368287828288 0.190975647439 -0.107667210973 -0.892269601898 -0.703526376168 -0.483552009398 -0.621271461819 -0.437112180070 -0.519793586470 -0.547124432813 -0.0462910182267 -0.520839771515 -0.815460008202 -0.614385004271 -0.913873072516 -0.810827967438 -0.924484596679 -1.01958928772 -0.841101873225 -0.886514664154 -0.560675366423 -0.273982840559 -0.675499969856 -0.555329623808 -0.298093339064 -0.315621235127 -0.135302575674 -0.149498950169 -0.279497224201 -0.200709838512 -0.295634475174 -0.311372176091 -0.298657323624 -0.303038842147
# sel_slope_fsh_f:
 1.19634095020
# sel50_fsh_f:
 8.67801742033
# sel_slope_fsh_devs_f:
 2.07307058435e-05 9.68819406291e-05 0.000422313966110 0.000864473579564 0.00275313668740 0.0163794536708 0.0568528321501 0.127306815712 0.213732882061 0.0250820953631 0.317636838519 0.151778729480 0.0650475876397 0.0518376359301 -0.249227528415 0.315318271137 0.384097564764 1.00301828941 1.07919377908 0.155681437996 0.219699933769 0.275173634341 -0.0734268114646 -0.464889202502 -0.0212727081401 -0.0884200288699 -0.487035733379 -0.379683842615 -0.158973047420 -0.000138735126230 -0.0657338993890 -0.125546220516 0.214727798173 -0.140517998857 0.0974494514417 0.103167964139 0.107964180312 -0.131722389443 -0.120844518402 -0.508612470300 0.0399405697976 0.0673948758700 -0.326747541034 -0.351857783484 -0.184277791720 -0.0449498739570 -0.0627525186903 -0.0981456531499 -0.0131308431265 -0.0739118053760 -0.105788514886 -0.327925692193 0.259484922361 -0.181972185993 -0.0501188422207 0.159201045008 -0.120357278554 -0.0675113144406 -0.114082917408 0.153127355690 0.107836758293 -0.129066594912 -0.145698780249 -0.0661624887073 -0.128932294740 -0.162854173808 -1.08930744425e-07
# sel50_fsh_devs_f:
 -9.61970633515e-05 -5.55137055684e-05 0.000159555722167 0.000752139302371 0.00360123791170 0.0307986294645 0.126849273857 0.274122963841 0.448296913997 -0.0960630445185 -0.0820153220576 0.0628872036596 0.130013614585 0.128055501566 0.294795369648 0.0436159289352 0.228325196753 -0.274679681305 0.171403599262 0.0817914329878 -0.237643603039 -0.0646038051809 0.0473463282362 -0.163069442837 -0.104119782965 -0.103526315600 0.0370763411511 -0.0289257569771 -0.123344389467 -0.209243403020 -0.0748938863716 -0.0395037781453 -0.122969286453 0.0568802235914 0.00519720912084 0.0696008149941 6.57987087234e-05 0.0171912637329 -0.0158398419765 0.0922696825034 -0.0714063869015 -0.111069522571 -0.0613353666018 -0.0348115819842 -0.103387253856 0.0870454935810 0.0862644591624 -0.00556651540981 0.0676897956388 0.0133188672679 -0.00617135448045 -0.0134311542298 -0.295048504333 -0.0411613158682 -0.0760919129533 -0.0736390594048 -0.0453144523694 -0.0418181272336 -0.0462130780156 0.0179007974313 0.0187544852343 0.110270034101 0.0541420078453 -0.0578653687413 0.0136715715785 0.00476766673406 2.61472651175e-06
# sel_slope_fsh_m:
 1.40052339508
# male_sel_offset:
0.00000000000
# sel_slope_fsh_devs_m:
 -1.30728225693e-05 -1.37387091916e-05 -2.58853209321e-05 -3.75774533259e-05 -0.000118599791829 -0.00108822293949 -0.00585624509248 -0.0186782356104 -0.340636642856 -0.0175711873893 1.11967384414 0.400655969487 0.209861517644 0.338252990299 0.319602909836 0.148094310371 0.602266235933 0.446797964692 0.443061580421 0.610214991292 0.120070006226 0.283437018901 -0.168143631076 0.0612590662885 -0.294266050437 -0.211937260402 -0.847546684594 -0.700014523742 -0.288552977542 -0.122492643571 -0.0262743582928 0.0395637538298 0.174331816794 0.240406116379 0.215839061508 0.0972071965444 0.116324581709 0.179159487091 -0.0548385341098 -0.623682902525 -0.0165063481842 -0.0171636516722 -0.385431028784 -0.345993782033 0.0128108628417 -0.271044149773 -0.178810477738 -0.347426055778 0.111362396408 0.134920593725 -0.170957581636 -0.220653664276 0.386956824289 -0.0488593277033 -0.0999404706991 -0.147772704393 0.0684706789618 -0.0987713838445 0.0382791398692 -0.00384321602493 0.0383850158761 -0.161654662441 -0.176780859852 -0.360274613431 -0.0669431194279 -0.116650170053 2.38508216732e-07
# sel50_fsh_m:
 8.01543380167
# sel50_fsh_devs_m:
 -8.96007115330e-05 -9.67357955908e-05 -0.000150456973184 -0.000146822562545 -0.000321638310389 -0.00217424027262 -0.0113540035559 -0.0370117075093 -0.260355645815 -0.0144812858264 -0.739250861726 0.0370994514671 0.0646401286360 -0.0647937131841 0.0227822143573 0.0974975540870 -0.135813817908 -0.0832752083758 -0.0957102458583 -0.0827746829050 0.286612036097 -0.0900301772246 0.125306085179 0.0153645201018 0.0304527543534 -0.0217782226018 0.299232982502 0.104510317098 -0.134219382352 -0.147629303712 -0.0533881428893 -0.0613022581852 -0.0752681840372 -0.00587360684163 0.0164447029781 0.119197722381 -0.0246254894221 -0.0162594069837 -0.0119277145590 0.137718629793 -0.0357444401995 -0.0607324904920 -0.0815012585512 0.00182007407114 0.0336015476334 0.223753307547 0.171523776425 0.242501319518 0.102312015416 0.0150557927620 0.0675522057460 -0.00380640799481 -0.170988682688 -0.0651113800510 -0.0330984100704 0.0418741730112 -0.0723254758815 -0.0333621517440 -0.0689483290764 0.0613998055818 0.0323388195447 0.133332398083 0.103006703792 0.124182970660 0.0484713926606 0.0361340962779 2.08336939878e-06
# sel_slope_srv:
 1.54212994307
# sel50_srv:
 5.07471013800
# sel_slope_srv_m:
 0.0100817449010
# sel50_srv_m:
 -0.00217041610833
# F40:
 0.120000000000
# F35:
 0.160000000000
# F30:
 0.210000000000
# R_logalpha:
-4.43630284553
# R_logbeta:
-6.60978544701
# sigmaR:
0.600000000000
# wt_fsh_fut_f:
 6.00000000000 8.00000000000 20.0000000000 31.0000000000 55.0000000000 133.000000000 208.000000000 249.000000000 279.000000000 343.000000000 390.000000000 440.000000000 443.000000000 454.000000000 482.000000000 490.000000000 492.000000000 527.000000000 547.000000000 555.000000000
# wt_fsh_fut_m:
 0.00000000000 4.00000000000 15.0000000000 34.0000000000 60.0000000000 134.000000000 191.000000000 241.000000000 257.000000000 293.000000000 312.000000000 328.000000000 341.000000000 358.000000000 360.000000000 368.000000000 376.000000000 410.000000000 383.000000000 413.000000000
# wt_pop_fut_f:
 6.00000000000 9.00000000000 24.0000000000 44.0000000000 85.0000000000 102.000000000 143.000000000 221.000000000 226.000000000 345.000000000 413.000000000 433.000000000 456.000000000 471.000000000 512.000000000 521.000000000 540.000000000 535.000000000 571.000000000 590.000000000
# wt_pop_fut_m:
 4.00000000000 9.00000000000 32.0000000000 47.0000000000 86.0000000000 88.0000000000 154.000000000 174.000000000 216.000000000 286.000000000 324.000000000 357.000000000 365.000000000 376.000000000 392.000000000 364.000000000 415.000000000 409.000000000 480.000000000 500.000000000
# log_msy_sel_f:
 -8.41118980345 -7.32349747024 -6.23670793778 -5.15253349048 -4.07591918363 -3.02085340503 -2.02431447963 -1.16700504674 -0.557336225811 -0.225456458362 -0.0827631094794 -0.0291683179127 -0.0101470450097 -0.00352230264188 -0.00122460962956 -0.000426907938205 -0.000149248588186 -0.000149249069969 -0.000149249663401 -0.000149250494183
# log_msy_sel_m:
 -9.54903109515 -8.23033812199 -6.91218707197 -5.59604731633 -4.28735913279 -3.00578234396 -1.81569832028 -0.869789389122 -0.319575885254 -0.0976833101575 -0.0276054718159 -0.00761850288062 -0.00209227437094 -0.000574947063830 -0.000158319555191 -4.36994288813e-05 -1.20909146727e-05 -1.20902435466e-05 -1.20904916599e-05 -1.20911591830e-05
# rec_dev_future:
 0.00000000000 0.00000000000 0.00000000000 0.00000000000 0.00000000000 0.00000000000 0.00000000000 0.00000000000 0.00000000000 0.00000000000
