# Number of parameters = 500 Objective function value = 1550.13533544511  Maximum gradient component = 0.000244304746279734
# ln_q_srv:
 -0.0717680000000000
# natmort_f:
0.120000000000
# natmort_m:
0.124118607806
# Linf_f:
38.0340000000
# K_f:
0.137000000000
# t0_f:
0.297000000000
# Linf_m:
34.0300000000
# K_m:
0.161000000000
# t0_m:
0.515000000000
# age_incr:
 0.00000000000 0.00000000000 0.00000000000 0.00000000000 0.00000000000 0.00000000000 0.00000000000 0.00000000000 0.00000000000 0.00000000000 0.00000000000
# yr_incr:
 0.00000000000 0.00000000000 0.00000000000 0.00000000000 0.00000000000 0.00000000000 0.00000000000 0.00000000000 0.00000000000 0.00000000000 0.00000000000 0.00000000000 0.00000000000 0.00000000000 0.00000000000 0.00000000000 0.00000000000 0.00000000000 0.00000000000 0.00000000000 0.00000000000 0.00000000000 0.00000000000 0.00000000000 0.00000000000 0.00000000000 0.00000000000 0.00000000000 0.00000000000 0.00000000000 0.00000000000 0.00000000000 0.00000000000 0.00000000000 0.00000000000 0.00000000000 0.00000000000 0.00000000000 0.00000000000 0.00000000000 0.00000000000 0.00000000000 0.00000000000 0.00000000000 0.00000000000 0.00000000000 0.00000000000 0.00000000000 0.00000000000 0.00000000000 0.00000000000 0.00000000000 0.00000000000 0.00000000000 0.00000000000 0.00000000000 0.00000000000 0.00000000000 0.00000000000 0.00000000000 0.00000000000 0.00000000000 0.00000000000 0.00000000000 0.00000000000
# growth_alpha:
0.380000000000
# q_alpha:
 -0.0301721509275
# q_beta[1]:
 0.0413669609545 0.00624105899811 -0.00648725367492
# mean_log_rec:
0.971464665922
# rec_dev:
 -0.256188533100 -0.462792322283 -0.632736369853 0.629174722090 0.211188071485 -0.196503953343 -0.339823655761 -0.933749057799 -0.343106859258 -0.941063615452 -0.977466493424 -0.716893611555 -0.719534735958 0.0353007010101 0.458586810170 0.515923532426 0.773965076742 0.874095924533 0.621439897485 0.254951827202 0.555073901938 0.693803515885 0.285198193517 0.506916281404 0.125951541438 -0.318770039710 0.354068233650 0.119283483133 1.13230198660 -0.647702110202 0.882670053043 -0.229376572612 -0.495333653192 -0.111557397447 0.224908542354 0.282965409409 -0.454755924103 -0.334094417941 0.475133325657 -0.0568370967127 -0.238199950664 -0.281023307523 0.610627906601 -0.234419880805 -0.382661937017 -0.166050786885 0.162716796402 -0.248620742455 0.0853624253368 0.0899563058464 0.538094446202 -0.355580374942 -0.224072633920 -0.0650788477380 -0.111345438322 0.0805295591359 0.387615614280 -0.654934429714 -1.35612179684 -0.388141215778 -0.267359544874 0.350782133118 0.814470515363 1.02577972807 -0.0338264318438 0.0168874504340
# mean_log_init:
-0.727018201582
# init_dev_m:
 0.503714369243 0.118739046620 0.00663694771865 -0.0115445964775 -0.0440204700789 -0.0526532557174 -0.0564561708330 -0.0605797578494 -0.0638587170142 -0.0664997083619 -0.0695573073670 -0.0724864061037 -0.0743022606453 -0.0750685473472 -0.0753518788830 -0.0755289881127 -0.0756684236931 -0.0757462830622 -0.0757971303238
# init_dev_f:
 1.06333113882 0.279343523389 0.0545429635625 0.0199674286829 -0.0419697675745 -0.0533569865976 -0.0570663677893 -0.0611891902990 -0.0644898667153 -0.0671501340699 -0.0702345486785 -0.0731887019667 -0.0750181161485 -0.0757888980039 -0.0760733139899 -0.0762508953766 -0.0763906084071 -0.0764685164620 -0.0765193539960
# log_avg_fmort:
 -2.44341960726
# fmort_dev:
 -2.49442280120 -2.31882313301 -1.76621371276 -1.74473445560 -1.08478067545 0.469648267053 1.70288023902 2.69202108185 4.02697858833 1.38409394780 1.26159952924 1.05018578745 1.64757710736 1.75506233227 1.63828559219 2.02323540222 2.10168690334 2.74451377407 1.52306063424 1.50393022836 0.417684656737 0.258483362366 0.198798256719 -0.540584652610 0.167263508786 -0.373747717037 -0.280382638269 -0.495853515473 -0.776724679494 -0.741783946133 -0.307492815447 0.0796422482558 0.00583501774194 -0.0288183711209 0.205120377962 -0.0945678972888 -0.817537100403 -0.642187280875 -0.501224321495 -0.594213938808 -0.330318427268 -0.475235471581 -0.532229403538 -0.0549325427796 -0.435286681143 -0.769533172467 -0.648185751253 -0.944470586085 -0.799989402793 -0.944942661550 -1.01640934179 -0.840478320572 -0.805348417715 -0.537902064826 -0.290766585728 -0.666793561779 -0.573653805878 -0.313929204452 -0.342272729984 -0.189240809910 -0.171687225595 -0.318878878655 -0.254099554747 -0.318837287062 -0.345519460443 -0.332551880197
# sel_slope_fsh_f:
 1.25054675541
# sel50_fsh_f:
 8.60846179874
# sel_slope_fsh_devs_f:
 1.80146304807e-05 9.09213902069e-05 0.000408689616497 0.000849074666352 0.00273178349615 0.0163101150503 0.0558988677431 0.120545891452 0.203724185506 0.0201010839281 0.335393397131 0.0868350446736 0.0130637516542 0.135910977577 -0.00908549593408 0.0928356439680 0.278541057346 -0.0990292446784 1.09581420006 0.659600814350 0.0553620725734 0.258540554501 -0.0991758705927 -0.456893443668 -0.0507902577702 -0.101423317808 -0.485699101551 -0.375157933632 -0.150909048943 0.0467605356387 -0.0312695459671 -0.0741628074618 0.225652617873 -0.0969729995303 0.104133953672 0.0830154573990 0.0859496046790 -0.651882268284 -0.108966714047 -0.465742643850 0.122099476044 0.0828293726053 0.231349138731 -0.181333562349 -0.0500040003034 -0.104236619391 0.0356664276606 -0.157021049916 -0.00553625475536 -0.0366337793097 -0.0811969018936 -0.239792441221 0.0968459185559 -0.225687155315 0.0423280683851 0.239195116971 -0.0399447108903 0.00459559480544 -0.121884667988 0.0789275402782 0.104763153378 -0.118375849799 -0.0160855209715 -0.236437782443 -0.0345580241685 -0.110798585791
# sel50_fsh_devs_f:
 -9.07504464731e-05 -4.92550550728e-05 0.000176399402161 0.000794578432838 0.00378676419510 0.0322207372438 0.130300224659 0.275111328152 0.450405533051 -0.0960360215228 -0.0592118952893 0.0905571311160 0.143348228327 -0.0940101624499 0.302279917572 0.0605857189857 0.244619705354 0.288192753221 0.189302702652 -0.167566425736 0.171473701249 -0.0665478204724 0.0380917821027 -0.197993875660 -0.110106598946 -0.114417440492 0.0129425720989 -0.0466485268921 -0.139403035618 -0.227984561449 -0.0959269591150 -0.0666009762251 -0.125969920068 0.0417227600911 0.00688880721199 0.0746500494569 0.0104590996355 0.0944712987102 -0.0699103793060 0.0484203743589 -0.0328077870013 -0.108121992183 -0.0841855906566 -0.00522728452449 -0.0271762904253 0.0660006086373 0.0191267952224 -0.000586673149016 0.0604529454789 -0.0372583266833 -0.0311804517647 -0.0662481788711 -0.184061087960 -0.0160241945324 -0.153350369952 -0.118177917592 -0.104812972735 -0.0935983535449 -0.0603354409825 -0.0210890531548 0.00622130443351 0.0758679648344 -0.00158817566200 -0.00552202672669 -0.0480867373481 -0.0605584357889
# sel_slope_fsh_m:
 1.27632554233
# male_sel_offset:
0.00000000000
# sel_slope_fsh_devs_m:
 -1.50650664583e-05 -1.57925233193e-05 -3.01760521548e-05 -4.49225580281e-05 -0.000133449026239 -0.00119113092097 -0.00615788932114 -0.0171939983719 -0.429814452769 -0.0192332449361 1.18857889988 0.471727964164 0.195456440533 0.162687547356 0.284236613287 0.435639432357 0.557734787527 0.702491395508 0.588544645205 0.182523818325 0.169228455768 0.386563159394 -0.0755722593813 0.143820677469 -0.227129009399 -0.161987626798 -0.785708752287 -0.671912140951 -0.251753098524 -0.109827798077 0.00996980402257 0.0879393697486 0.225932265764 0.292518413625 0.260927746956 0.112518125620 -0.109617003125 -0.461503467223 -0.0376148722262 -0.663534616901 -0.398025872452 -0.242963797070 -0.121484916590 0.418897301839 -0.379739327215 -0.441642926867 -0.183271821403 -0.216416782828 0.0120434941470 0.169084416317 -0.135377585891 -0.228387105120 0.0865722917994 0.0386463583528 -0.0645162494396 -0.243671867174 0.000823994805369 -0.183625948200 0.114792131954 -0.0118190883982 0.0504473933250 -0.129687812379 -0.138913453891 -0.0869500295189 -0.0554252423909 -0.0584360476327
# sel50_fsh_m:
 8.26333295493
# sel50_fsh_devs_m:
 -9.95462326046e-05 -0.000105450425378 -0.000160301785590 -0.000153091609784 -0.000331682510980 -0.00220098115083 -0.0108302532949 -0.0331470474575 -0.166176800617 -0.0209664862664 -0.776465243253 0.00206414226947 0.0496961677870 0.263649888003 -0.0132012942745 0.0491424319850 -0.136778285474 -0.160364160258 -0.122531856702 0.357369304422 -0.201603843989 -0.128162742766 0.0841728623989 -0.0195431281635 0.00385163916580 -0.0424907844566 0.279073648025 0.100726761890 -0.147700143775 -0.156492674918 -0.0694296522076 -0.0797470690240 -0.0937240799938 -0.0275284192067 -0.00655358222222 0.101277254167 0.0825010921455 -0.0797228301850 -0.0317227229539 0.212603358947 0.168484422849 0.0301464444715 -0.0111878891841 -0.0680343829911 0.172177063759 0.307663500916 0.140642265643 0.137300503228 0.121849686280 -0.0140546856366 0.0568425899411 -0.00314912430503 -0.0675223059754 -0.0843214064767 -0.0537411006687 0.0681132495879 -0.0718328329735 -0.0218437091073 -0.106053035116 -0.0212428379195 0.0126888974590 0.113246146979 0.0727598666014 0.0149546023561 0.0389319979146 0.00898771049571
# sel_slope_srv:
 1.63744771490
# sel50_srv:
 4.68865728886
# sel_slope_srv_m:
 0.00000000000
# sel50_srv_m:
 0.00000000000
# F40:
 0.120000000000
# F35:
 0.160000000000
# F30:
 0.210000000000
# R_logalpha:
-4.30517041017
# R_logbeta:
-6.45009789242
# sigmaR:
0.600000000000
# wt_fsh_fut_f:
 6.00000000000 8.00000000000 20.0000000000 31.0000000000 55.0000000000 133.000000000 216.000000000 266.000000000 286.000000000 317.000000000 371.000000000 425.000000000 432.000000000 487.000000000 539.000000000 512.000000000 518.000000000 543.000000000 552.000000000 566.000000000
# wt_fsh_fut_m:
 0.00000000000 4.00000000000 15.0000000000 34.0000000000 60.0000000000 134.000000000 190.000000000 213.000000000 221.000000000 277.000000000 286.000000000 324.000000000 401.000000000 364.000000000 468.000000000 403.000000000 415.000000000 427.000000000 419.000000000 432.000000000
# wt_pop_fut_f:
 6.00000000000 6.00000000000 21.0000000000 47.0000000000 92.0000000000 160.000000000 180.000000000 254.000000000 277.000000000 346.000000000 404.000000000 583.000000000 503.000000000 505.000000000 570.000000000 680.000000000 701.000000000 673.000000000 698.000000000 720.000000000
# wt_pop_fut_m:
 4.00000000000 8.00000000000 20.0000000000 48.0000000000 97.0000000000 126.000000000 195.000000000 206.000000000 237.000000000 280.000000000 324.000000000 384.000000000 377.000000000 384.000000000 431.000000000 464.000000000 434.000000000 454.000000000 464.000000000 507.000000000
# log_msy_sel_f:
 -8.03981271610 -6.93561204390 -5.83275381017 -4.73386708982 -3.64669675949 -2.59329877765 -1.62984858046 -0.861446726869 -0.378549642224 -0.145836095436 -0.0526833038340 -0.0186003179482 -0.00653818783572 -0.00230443479742 -0.000816320384146 -0.000290786120641 -0.000104148235963 -0.000104134350223 -0.000104134405080 -0.000104141129428
# log_msy_sel_m:
 -8.88170950549 -7.68822622708 -6.49548775822 -5.30519445486 -4.12287532283 -2.96599554404 -1.88493190575 -0.991768362576 -0.415470448405 -0.145214545870 -0.0462923915583 -0.0142588598583 -0.00434391637663 -0.00131912569535 -0.000400272229096 -0.000121456500974 -3.68536464803e-05 -3.68631849015e-05 -3.68620522472e-05 -3.68659812273e-05
# rec_dev_future:
 0.00000000000 0.00000000000 0.00000000000 0.00000000000 0.00000000000 0.00000000000 0.00000000000 0.00000000000 0.00000000000 0.00000000000
