# Number of parameters = 482 Objective function value = 1219.07740716990  Maximum gradient component = 6.53398557349850e-05
# ln_q_srv:
 -0.0717680000000000
# natmort_f:
0.120000000000
# natmort_m:
0.139093013380
# Linf_f:
38.0340000000
# K_f:
0.137000000000
# t0_f:
0.297000000000
# Linf_m:
34.0300000000
# K_m:
0.161000000000
# t0_m:
0.515000000000
# age_incr:
 0.00000000000 0.00000000000 0.00000000000 0.00000000000 0.00000000000 0.00000000000 0.00000000000 0.00000000000 0.00000000000 0.00000000000 0.00000000000
# yr_incr:
 0.00000000000 0.00000000000 0.00000000000 0.00000000000 0.00000000000 0.00000000000 0.00000000000 0.00000000000 0.00000000000 0.00000000000 0.00000000000 0.00000000000 0.00000000000 0.00000000000 0.00000000000 0.00000000000 0.00000000000 0.00000000000 0.00000000000 0.00000000000 0.00000000000 0.00000000000 0.00000000000 0.00000000000 0.00000000000 0.00000000000 0.00000000000 0.00000000000 0.00000000000 0.00000000000 0.00000000000 0.00000000000 0.00000000000 0.00000000000 0.00000000000 0.00000000000 0.00000000000 0.00000000000 0.00000000000 0.00000000000 0.00000000000 0.00000000000 0.00000000000 0.00000000000 0.00000000000 0.00000000000 0.00000000000 0.00000000000 0.00000000000 0.00000000000 0.00000000000 0.00000000000 0.00000000000 0.00000000000 0.00000000000 0.00000000000 0.00000000000 0.00000000000 0.00000000000 0.00000000000 0.00000000000 0.00000000000
# growth_alpha:
0.380000000000
# q_alpha:
 -0.226083939631
# q_beta[1]:
 0.0689873030172 0.00883980968409 -0.00970927955533
# mean_log_rec:
0.995923082508
# rec_dev:
 -0.258288997031 -0.466517834292 -0.611779648237 0.765624080003 0.526238433031 0.136564538187 -0.252327892566 -0.906594742487 -0.263839400080 -0.908214204762 -0.986424151062 -0.714502665187 -0.670668178595 0.0901526866001 0.536617065709 0.572158581481 0.852023846276 0.959101488176 0.715857702749 0.348200351158 0.635722495842 0.802045608986 0.370974256326 0.585216421197 0.171544101634 -0.282222762411 0.385218151908 0.0895906507309 1.16994354954 -0.604524436951 0.936976253274 -0.164017559849 -0.418038023397 -0.0637281515918 0.262418948792 0.305423042897 -0.469410025068 -0.337759316865 0.456228056594 -0.0969036676729 -0.256318237310 -0.259115116296 0.645148897012 -0.228456274165 -0.400448485222 -0.179997737379 0.171459141027 -0.252600890279 0.0674555870410 0.0550176054717 0.547520154713 -0.310515620388 -0.120246250058 0.0736367308039 -0.0144480579664 0.0584479459279 0.205599961844 -0.944065725882 -1.44312479025 -0.393599860022 -0.0912934581132 -0.112638481850 -0.0154956117238
# mean_log_init:
-0.754656545856
# init_dev_m:
 0.523505826681 0.125440367078 -0.00432646764468 -0.0111083340784 -0.0483650021685 -0.0535379164820 -0.0571256249980 -0.0604874310764 -0.0635689488546 -0.0663512791132 -0.0693378752363 -0.0726223288050 -0.0746491541334 -0.0754888834594 -0.0757935937840 -0.0759823195878 -0.0761302973018 -0.0762124724385 -0.0762659884828
# init_dev_f:
 1.10555663306 0.293057806836 0.0320940678930 0.0224937378134 -0.0494991017394 -0.0560729658871 -0.0596835972672 -0.0631293518204 -0.0663089045019 -0.0691930900287 -0.0723009945979 -0.0757191965422 -0.0778180190838 -0.0786811270612 -0.0789914411308 -0.0791825935070 -0.0793319169659 -0.0794144154658 -0.0794678748791
# log_avg_fmort:
 -2.39537440989
# fmort_dev:
 -2.50916835608 -2.32580724071 -1.76528236978 -1.73571987462 -1.06723135824 0.500553302090 1.77178761689 2.93293110369 4.55464512498 1.35049555281 1.34631475851 0.966737640065 1.59327462249 1.87958700646 1.58183397596 2.00321228863 2.10710726153 1.91566944692 1.24643575714 1.52929059441 0.360469739669 0.246147453685 0.216248123158 -0.549671464975 0.105109735307 -0.445267636118 -0.337573250387 -0.578014914260 -0.856537653506 -0.829723213971 -0.387503659739 0.00172034312897 -0.0854115050489 -0.102636581844 0.124727629617 -0.170354244594 -0.889736778756 -0.680035110177 -0.548729657892 -0.650189621555 -0.389590281066 -0.516156085486 -0.570753036724 -0.0687212664492 -0.472017024137 -0.805265592851 -0.668732186154 -0.954341817533 -0.792250223704 -0.934497747774 -1.00684410709 -0.827648544352 -0.796997781121 -0.509245567807 -0.266800979883 -0.654675321632 -0.531273962631 -0.259224544643 -0.251996156454 -0.111862747930 -0.0810474500012 -0.193146239981 -0.156615976345
# sel_slope_fsh_f:
 1.17598645090
# sel50_fsh_f:
 8.74904109697
# sel_slope_fsh_devs_f:
 2.02450055706e-05 0.000101320547220 0.000454937107785 0.000954904399312 0.00310577453875 0.0189755198490 0.0665870198812 0.146734534441 0.255282631256 0.0120220083982 0.00803070538845 0.193719623281 0.0387950047665 0.0107646159017 -0.191069328280 0.320645495857 0.403311943519 1.05192451981 1.09070893364 0.161524477317 0.229298107920 0.281483590229 -0.0642077758273 -0.483009047650 -0.0168611283860 -0.0853780070122 -0.487299651558 -0.382445288770 -0.161679563878 -0.00573292407164 -0.0678746661194 -0.124061516803 0.217698331554 -0.147562214091 0.0787763477741 0.0754476896914 0.124164651356 -0.641029661971 -0.0984356698019 -0.454469735656 0.114783678646 0.0269693180675 0.207874941782 -0.202363900942 -0.0311524761099 -0.0921923983032 0.0583178816690 -0.133849029310 -0.0156143948474 -0.0345860491477 -0.0944531578143 -0.265133317326 0.0893093659667 -0.243516904946 0.0550341022425 0.263823227158 -0.0532627907749 -0.0335747087893 -0.259581634952 -0.00750409475399 -0.0759588508027 -0.293295900544 -0.359489358536
# sel50_fsh_devs_f:
 -0.000109413485843 -7.07424584423e-05 0.000139736211507 0.000766430034085 0.00379696979726 0.0327948518477 0.133848421970 0.290612814266 0.474154931467 -0.100312409368 -0.0962213383590 0.0328520882389 0.0937032653210 0.0822090371275 0.204478439149 0.0384685403638 0.221854525046 -0.287308909713 0.162829680502 0.0732239956317 -0.241941346157 -0.0684909061232 0.0442845298577 -0.151277243487 -0.107652397379 -0.105869750242 0.0376406923615 -0.0283466412362 -0.124352222531 -0.211518044502 -0.0769193828005 -0.0404995954486 -0.125126533969 0.0588907864587 0.00728925962379 0.0717188841038 0.00266891733940 0.111907981482 -0.0629069633766 0.0592803966040 -0.0317882858759 -0.0987290066041 -0.0857790142864 0.00647662084195 -0.0320676536283 0.0626915057036 0.0140130715894 0.00290653425993 0.0690553248356 -0.0294345170464 -0.0192697585686 -0.0433276696237 -0.175707892433 0.00568590429059 -0.144310539444 -0.117117572905 -0.0803482712477 -0.0576905504334 0.0150612990784 0.0247421119352 0.0683371489782 0.152567775091 0.0835421226747
# sel_slope_fsh_m:
 1.34903170245
# male_sel_offset:
0.00000000000
# sel_slope_fsh_devs_m:
 -1.69807963317e-05 -1.86844665437e-05 -3.40647174983e-05 -4.62257807179e-05 -0.000148882480922 -0.00134916546000 -0.00766380179096 -0.0303175058004 0.237759634565 -0.00256984025291 1.11328662175 0.167009517539 0.221422154526 0.344103600226 0.349522730401 0.179105456758 0.637619301105 0.384486328726 0.471588050175 0.644759755940 0.131386983798 0.317390629843 -0.129963626635 0.0892448747568 -0.263423878027 -0.179048984593 -0.808366501807 -0.662683726642 -0.256122208366 -0.0893112221360 0.00675018163935 0.0708965553328 0.212254685283 0.284345791547 0.258883021775 0.147946268426 -0.0732473705079 -0.480359312388 -0.0391596043300 -0.636751081353 -0.346933634952 -0.220318109756 -0.0727098522427 0.388230428160 -0.317747623086 -0.394365077906 -0.136518735144 -0.192197466399 0.0346535214067 0.166408434606 -0.131510743154 -0.205795473514 0.0892928002870 0.00928783741397 -0.0634681087301 -0.193938992111 0.0311559848754 -0.175417581260 0.0453852456006 -0.0891777043378 -0.108001792787 -0.373661784613 -0.351810428984
# sel50_fsh_m:
 8.12051532677
# sel50_fsh_devs_m:
 -9.44007988277e-05 -0.000105107679108 -0.000170044071101 -0.000169743614819 -0.000372427423581 -0.00251199844642 -0.0134785282235 -0.0538713699574 -0.512388641593 -0.00293012999894 -0.737273375476 0.135523887358 0.0753918324729 -0.0638752232160 0.00135207013955 0.0847266644892 -0.150014793651 -0.0643550576286 -0.107340798620 -0.0943457332554 0.278285097739 -0.101761487344 0.112462984744 0.00548029611097 0.0192600791357 -0.0343749612686 0.283669251861 0.0895513190966 -0.148484261822 -0.162998212115 -0.0690595248383 -0.0774113958874 -0.0930270797529 -0.0234224553503 -0.00160335458338 0.100165907409 0.0785000567776 -0.0727983149010 -0.0274504203396 0.195216153548 0.153093383182 0.0270619185525 -0.0204393159792 -0.0546643576627 0.150978797575 0.289823171804 0.132607613849 0.132254534596 0.124064555151 -0.00142909001729 0.0627601063546 -0.00520083153900 -0.0596265062551 -0.0706717844996 -0.0500712954947 0.0595037702265 -0.0617809276495 -0.00329975163512 -0.0620079599327 0.0234850634623 0.0699798017760 0.194363368108 0.125318980684
# sel_slope_srv:
 1.60432895845
# sel50_srv:
 4.99259419429
# sel_slope_srv_m:
 0.00000000000
# sel50_srv_m:
 0.00000000000
# F40:
 0.120000000000
# F35:
 0.160000000000
# F30:
 0.210000000000
# R_logalpha:
-4.36069706590
# R_logbeta:
-6.58064392297
# sigmaR:
0.600000000000
# wt_fsh_fut_f:
 6.00000000000 8.00000000000 20.0000000000 31.0000000000 55.0000000000 133.000000000 208.000000000 252.000000000 295.000000000 328.000000000 396.000000000 439.000000000 428.000000000 407.000000000 449.000000000 477.000000000 436.000000000 489.000000000 535.000000000 536.000000000
# wt_fsh_fut_m:
 0.00000000000 4.00000000000 15.0000000000 34.0000000000 60.0000000000 134.000000000 156.000000000 223.000000000 247.000000000 288.000000000 306.000000000 343.000000000 363.000000000 377.000000000 369.000000000 361.000000000 399.000000000 418.000000000 368.000000000 412.000000000
# wt_pop_fut_f:
 6.00000000000 12.0000000000 25.0000000000 37.0000000000 69.0000000000 86.0000000000 130.000000000 211.000000000 329.000000000 378.000000000 417.000000000 415.000000000 517.000000000 465.000000000 509.000000000 522.000000000 581.000000000 580.000000000 618.000000000 723.000000000
# wt_pop_fut_m:
 4.00000000000 8.00000000000 33.0000000000 46.0000000000 50.0000000000 83.0000000000 127.000000000 190.000000000 260.000000000 332.000000000 327.000000000 340.000000000 406.000000000 394.000000000 416.000000000 409.000000000 443.000000000 474.000000000 375.000000000 505.000000000
# log_msy_sel_f:
 -8.05661295161 -7.12792469441 -6.20008162684 -5.27427701061 -4.35341633721 -3.44454753601 -2.56432728613 -1.74896787157 -1.06151398509 -0.566614294399 -0.271422551986 -0.121098057720 -0.0520297025687 -0.0219980877857 -0.00925590245093 -0.00389505575966 -0.00164244777568 -0.00164244752347 -0.00164244740341 -0.00164244795743
# log_msy_sel_m:
 -8.44995677389 -7.42095820687 -6.39267727055 -5.36635913887 -4.34546106123 -3.33955859546 -2.37416723992 -1.50817180131 -0.833058620960 -0.402328295257 -0.175431307292 -0.0717765419956 -0.0284478722716 -0.0111325938003 -0.00434027509601 -0.00169184881417 -0.000660151425326 -0.000660150475700 -0.000660151022825 -0.000660149445973
# rec_dev_future:
 0.00000000000 0.00000000000 0.00000000000 0.00000000000 0.00000000000 0.00000000000 0.00000000000 0.00000000000 0.00000000000 0.00000000000
