log-posterior
-1345.42
-1493.47
-1559.08
-1569.7
-1581
-1606.66
-1613
-1598.78
-1573.04
-1591.57
-1609.65
-1628.02
-1612.75
-1601.29
-1584.23
-1608.03
-1617.59
-1604.37
-1569.68
-1615.64
-1607.73
-1616.63
-1643.99
-1620.19
-1632.03
-1597.7
-1598.52
-1588.51
-1595.46
-1608.36
-1613.99
-1610.94
-1580.9
-1610.12
-1603.26
-1583.83
-1591.32
-1606.22
-1591.44
-1590.11
-1597.64
-1579.24
-1576.19
-1573.96
-1595.84
-1580.12
-1586.14
-1605.16
-1621.05
-1622.8
-1618.57
-1612.66
-1605.36
-1598.31
-1611.01
-1616.18
-1602.55
-1591.05
-1607.64
-1620.77
-1612.48
-1585.37
-1592.77
-1596.43
-1617.87
-1628.52
-1645.22
-1622.23
-1589.3
-1589.84
-1593.81
-1608.37
-1612.51
-1620.81
-1594.03
-1594.55
-1570.33
-1587.37
-1587.76
-1590.14
-1607.62
-1573.94
-1590.29
-1587.3
-1575.73
-1583.85
-1575.58
-1590.68
-1591.66
-1609.39
-1612.91
-1600.95
-1599.5
-1609.02
-1601.92
-1607.83
-1584.68
-1572.4
-1575.7
-1574.87
-1561.57
-1586.74
-1580.67
-1598.44
-1599.67
-1608.07
-1626.65
-1625.45
-1622.96
-1597.12
-1610.45
-1599.63
-1595.26
-1595.32
-1620.23
-1596.31
-1567.13
-1575.38
-1575.63
-1598.76
-1585.63
-1587.21
-1597.99
-1588.52
-1608.44
-1605.44
-1606.66
-1620.08
-1579.12
-1591.52
-1598.31
-1594.24
-1585.88
-1595.29
-1590.7
-1614.43
-1576.58
-1590.29
-1589.74
-1589.99
-1586.16
-1592.12
-1617.56
-1601.49
-1596.31
-1596.07
-1597.86
-1612.99
-1615.38
-1593.88
-1604.7
-1609.49
-1592.23
-1590.54
-1593.58
-1606.72
-1579.33
-1612.98
-1606.96
-1592.21
-1595.39
-1595.18
-1582.82
-1582.29
-1605.54
-1618.26
-1596.02
-1597.86
-1587.31
-1584.11
-1576.46
-1586.67
-1598.15
-1620.9
-1605.78
-1598.84
-1608.06
-1638.05
-1617.96
-1579.12
-1590.52
-1597.66
-1593.82
-1601.63
-1590.3
-1606.68
-1594.01
-1614.75
-1587.19
-1599.2
-1575.49
-1578.99
-1592.52
-1602.65
-1586.61
-1570.25
-1609.53
-1601.65
-1597.87
-1595.83
-1599.38
-1597.7
-1594.04
-1612.33
-1609.19
-1599.35
-1610.56
-1616.71
-1611.05
-1601.53
-1586.45
-1586.56
-1585.88
-1612.37
-1579
-1583.77
-1590.95
-1584.39
-1617.39
-1600.02
-1617.33
-1621.78
-1597.06
-1602.86
-1596.1
-1582.46
-1583.71
-1626.73
-1623.92
-1612.31
-1593.93
-1601.32
-1607.06
-1606.47
-1617.85
-1604.13
-1602.08
-1605.41
-1593.57
-1604.81
-1606.77
-1594.35
-1600.43
-1577.94
-1601.19
-1586.45
-1597.05
-1576.01
-1605.02
-1592.32
-1582.27
-1560.32
-1588.23
-1596.01
-1600.81
-1621.55
-1597.01
-1605.01
-1605.28
-1600.38
-1603.09
-1594.58
-1613.55
-1629.69
-1581.47
-1592.36
-1573.86
-1594.13
-1596.15
-1607.83
-1622.97
-1597.8
-1609.61
-1592.74
-1600.63
-1593.69
-1593.99
-1575.76
-1595.22
-1601.56
-1597.12
-1615.41
-1604
-1591.27
-1578.51
-1576.74
-1598.14
-1588.35
-1594.44
-1582.45
-1575.57
-1590.39
-1580.26
-1578.71
-1575.66
-1602.17
-1601.07
-1608.67
-1594.08
-1576.19
-1596.03
-1612.13
-1599.14
-1595.01
-1608.22
-1582.63
-1600.25
-1612.92
-1596.29
-1576.3
-1599.16
-1626.98
-1602.12
-1595.77
-1574.09
-1593.79
-1586.93
-1585.88
-1592.7
-1575.44
-1612.64
-1595.43
-1579.59
-1613.26
-1590.43
-1591.08
-1607.75
-1604.28
-1618.92
-1610.7
-1622.09
-1603.91
-1579.69
-1595.2
-1600.05
-1610.47
-1607.95
-1597.14
-1622.51
-1622.1
-1622.54
-1586.94
-1593.59
-1591.5
-1581.09
-1583.56
-1583.71
-1592.53
-1608.93
-1593.64
-1598.89
-1617.31
-1615.25
-1621.05
-1614.5
-1617.74
-1602.46
-1610.39
-1607.69
-1597.49
-1593.03
-1584.03
-1599.56
-1604.72
-1602.28
-1599.9
-1601.97
-1602.49
-1575.91
-1596.08
-1616.77
-1596.3
-1604.97
-1580.62
-1581.14
-1608.79
-1624.65
-1601.64
-1603.88
-1602.14
-1609.96
-1608.6
-1604.15
-1596.15
-1602.94
-1608.18
-1612.48
-1615.68
-1637.38
-1632.36
-1638.66
-1619.95
-1625.88
-1614.96
-1615.74
-1635.46
-1603.69
-1595.26
-1597.17
-1623.43
-1638.04
-1633.3
-1638.83
-1620.91
-1620.05
-1592.32
-1601.02
-1590.26
-1614.98
-1626.36
-1606.08
-1596.64
-1628.6
-1633.31
-1598.88
-1605.63
-1617.71
-1615.48
-1607.04
-1621.9
-1603.66
-1605.64
-1606.17
-1609.09
-1608.17
-1610.41
-1591.17
-1554.01
-1560.12
-1605.97
-1615.7
-1618.68
-1611.95
-1609.51
-1608.22
-1608.92
-1604.36
-1590.28
-1598.09
-1600.12
-1616.83
-1605.34
-1596.13
-1623.94
-1614.26
-1639.96
-1609
-1612.21
-1619.01
-1632.41
-1613.53
-1603.49
-1621.95
-1596.05
-1616.35
-1609.56
-1614.33
-1591.4
-1601.57
-1595.12
-1605.72
-1592.46
-1582.26
-1590.86
-1595.91
-1589.16
-1583.81
-1597.54
-1587.53
-1581.93
-1603.68
-1602.33
-1607.05
-1616.15
-1631.03
-1620.44
-1607.43
-1599.57
-1604.15
-1593.56
-1598.15
-1603.48
-1599.65
-1571.85
-1589.93
-1585.41
-1597.65
-1597.27
-1575.59
-1580.33
-1568.83
-1587.57
-1620.17
-1606.07
-1598.72
-1602.09
-1607.25
-1610.51
-1585.96
-1613.94
-1587.63
-1582.72
-1574.96
-1575.77
-1595.07
-1600.17
-1584.91
-1596.2
-1602.32
-1611.99
-1600.06
-1625.16
-1638.79
-1633.15
-1612.85
-1607.64
-1629.03
-1616.23
-1622.69
-1620.37
-1623.48
-1626.89
-1612.47
-1619.41
-1607.15
-1598.28
-1618.62
-1595.58
-1583.22
-1587.25
-1587.18
-1573.69
-1598.41
-1597.28
-1592.48
-1618.68
-1621.64
-1608.79
-1605.9
