log-posterior
-1345.42
-1501.81
-1563.49
-1570.4
-1577.46
-1594.59
-1592.88
-1564.6
-1569.32
-1573.52
-1570.87
-1570.04
-1604.44
-1601.55
-1572.59
-1553.99
-1590.39
-1581.66
-1591.23
-1616.91
-1603.53
-1607.8
-1615.08
-1618.21
-1614.6
-1628.17
-1618.65
-1620.97
-1577.61
-1585.35
-1590.28
-1600.84
-1603.52
-1613.88
-1597.46
-1588.74
-1601.45
-1595.14
-1631.25
-1612.83
-1624.61
-1622.19
-1641.96
-1623.05
-1621.64
-1603.05
-1616.68
-1621.18
-1592.19
-1616.49
-1597.42
-1588.27
-1590.97
-1608.19
-1629.06
-1616.82
-1595.67
-1592.64
-1603.64
-1601.18
-1602.47
-1614.94
-1594.18
-1629.53
-1626.08
-1634.88
-1603.57
-1613.82
-1611.9
-1595.86
-1605.78
-1614.12
-1601.75
-1591.56
-1589.39
-1617.2
-1586.96
-1603.81
-1594
-1616.23
-1600.21
-1615.74
-1604.59
-1590.83
-1584.02
-1585.71
-1608.77
-1609.32
-1607.42
-1586.08
-1588.56
-1617.81
-1625.93
-1595.75
-1605.06
-1598.2
-1592.06
-1589.64
-1574.57
-1580.81
-1601.76
-1584.58
-1610.01
-1620.87
-1629.28
-1621.62
-1627.73
-1632.16
-1617.86
-1610.91
-1615.56
-1615.25
-1590.15
-1597.04
-1582.87
-1591.5
-1605.02
-1600.15
-1578.05
-1585.7
-1607.41
-1611.94
-1616.41
-1604.99
-1613.47
-1582.23
-1588
-1611.64
-1586.17
-1570.27
-1593.69
-1600.82
-1602.64
-1585.36
-1598.02
-1600.73
-1632.34
-1610.68
-1608.27
-1609.1
-1606.95
-1594.02
-1597.61
-1589.28
-1589.12
-1590.61
-1580.71
-1589.21
-1568.56
-1566.34
-1553.8
-1567.47
-1600.2
-1605.41
-1618.75
-1608.74
-1614
-1597.51
-1589.64
-1590.58
-1605.78
-1633.37
-1602.74
-1606
-1602.16
-1615.52
-1607.02
-1588.57
-1595.8
-1602.37
-1599.79
-1602.96
-1607.83
-1605.2
-1591.06
-1581.49
-1586
-1604.66
-1605.16
-1601.49
-1599.83
-1579.8
-1581.12
-1576.61
-1582.63
-1606.88
-1620.19
-1588
-1596.28
-1598.9
-1617.13
-1617.85
-1614.26
-1590.07
-1605.43
-1594.51
-1596.86
-1612.77
-1584.74
-1584.52
-1591.46
-1565.87
-1602.82
-1585.39
-1591.23
-1607.12
-1592.48
-1603.66
-1604.96
-1609.45
-1613.93
-1614.91
-1587.68
-1596.52
-1582.2
-1557.17
-1580.23
-1572.39
-1599.18
-1613.33
-1602.46
-1591.12
-1606.71
-1605.11
-1611.01
-1609.14
-1608.21
-1627.27
-1614.07
-1612.09
-1600.25
-1604.22
-1616.32
-1619.71
-1621.78
-1647.56
-1622.46
-1621.32
-1606.16
-1611.83
-1586.03
-1583.88
-1575.6
-1579.24
-1601.92
-1582.22
-1607.09
-1596.82
-1584.79
-1597.55
-1596.04
-1598.02
-1589.57
-1586.03
-1602.75
-1610.27
-1604.92
-1605.18
-1587.13
-1589.19
-1605.75
-1639.63
-1638.2
-1642.37
-1629.88
-1607.28
-1613.37
-1641.74
-1639.35
-1644.1
-1635.05
-1637.91
-1620.65
-1603.79
-1621.45
-1622.23
-1603.26
-1570.58
-1604.91
-1602.28
-1589.64
-1595.49
-1598
-1596.06
-1612.42
-1586.21
-1596.93
-1594.54
-1601.03
-1636.56
-1624.72
-1625.39
-1633.43
-1621.32
-1612.39
-1606.66
-1619.6
-1627.5
-1604.57
-1612.86
-1639.81
-1613.96
-1614.78
-1611.09
-1605.21
-1623.65
-1631.77
-1616.95
-1623.4
-1642.8
-1620.76
-1607.36
-1606.3
-1615.99
-1599.11
-1587.78
-1567.47
-1581.1
-1582.05
-1581.06
-1584.88
-1610.8
-1623.74
-1638.03
-1609.04
-1611.84
-1591.37
-1618.71
-1611.2
-1603.34
-1590.86
-1613.21
-1603.15
-1606.69
-1598.57
-1595.6
-1594.9
-1569.33
-1590.32
-1591.01
-1594.24
-1597.82
-1608.63
-1617.83
-1612.52
-1622.66
-1598.71
-1614.8
-1612.2
-1616.56
-1628.28
-1607.52
-1604.47
-1605.12
-1601.86
-1573.47
-1604.71
-1583.12
-1596.45
-1589.07
-1572.55
-1590.41
-1583.24
-1583.74
-1594.61
-1593.27
-1582.22
-1587.16
-1612.08
-1605.24
-1588.49
-1609.93
-1618.45
-1592.29
-1591.92
-1606.24
-1618.16
-1604.95
-1614.48
-1614.69
-1613.03
-1614.11
-1619.94
-1623.93
-1619.82
-1622.78
-1629.97
-1630.47
-1609.42
-1601.78
-1610.92
-1600.72
-1598.53
-1574.97
-1581.69
-1583.34
-1581.13
-1601.49
-1612.4
-1608.66
-1610.73
-1590.66
-1613.49
-1597.75
-1612.65
-1616.51
-1601.78
-1590.73
-1610.05
-1623.56
-1636.98
-1642.09
-1633.56
-1642.14
-1625.74
-1610.2
-1595.67
-1604.26
-1613.84
-1609.98
-1630.96
-1610.9
-1593.98
-1610.26
-1612.73
-1611.36
-1597.39
-1601.89
-1623.92
-1631.84
-1607.52
-1589.39
-1587.63
-1577.82
-1574.79
-1573.46
-1590.05
-1599.41
-1603.48
-1617.81
-1606.86
-1581.81
-1575.51
-1578.8
-1562.44
-1555.89
-1565.82
-1586.57
-1600.4
-1607.49
-1613.31
-1629.3
-1613.72
-1616.08
-1618
-1581.68
-1586.4
-1593.04
-1621.35
-1633.63
-1618.96
-1601.88
-1620.74
-1603.49
-1597.67
-1576.24
-1574
-1593.41
-1580.54
-1572.38
-1611.09
-1591.23
-1590.13
-1619.49
-1630.79
-1614.95
-1624.56
-1619.93
-1611.45
-1602.66
-1605.06
-1599.78
-1602.38
-1612.27
-1608.11
-1599.98
-1614.78
-1617.5
-1611.12
-1590.29
-1596.88
-1620.91
-1626.62
-1606.9
-1603.04
-1614.73
-1579.32
-1585.01
-1593.39
-1604.87
-1594.66
-1607.59
-1604.74
-1589.18
-1580.4
-1587.88
-1567.28
-1576.94
-1565.58
-1591.55
-1618.11
-1615.35
-1636.37
-1632.18
-1626.86
-1620.61
-1617.97
-1621.3
-1617.33
-1611.18
-1632.35
-1605.53
-1595.78
-1610.04
-1599.91
-1604.42
-1605.3
-1604.25
-1596.63
-1573.73
-1601.88
-1610.64
-1579.12
-1597.26
-1591.15
-1588.86
-1597.53
-1614.22
-1637.21
-1641.46
