# Number of parameters = 518 Objective function value = 1633.75860560897  Maximum gradient component = 0.00162371354652375
# ln_q_srv:
 -0.0717680000000000
# natmort_f:
0.120000000000
# natmort_m:
0.125022744877
# Linf_f:
38.0340000000
# K_f:
0.137000000000
# t0_f:
0.297000000000
# Linf_m:
34.0300000000
# K_m:
0.161000000000
# t0_m:
0.515000000000
# age_incr:
 0.00000000000 0.00000000000 0.00000000000 0.00000000000 0.00000000000 0.00000000000 0.00000000000 0.00000000000 0.00000000000 0.00000000000 0.00000000000
# yr_incr:
 0.00000000000 0.00000000000 0.00000000000 0.00000000000 0.00000000000 0.00000000000 0.00000000000 0.00000000000 0.00000000000 0.00000000000 0.00000000000 0.00000000000 0.00000000000 0.00000000000 0.00000000000 0.00000000000 0.00000000000 0.00000000000 0.00000000000 0.00000000000 0.00000000000 0.00000000000 0.00000000000 0.00000000000 0.00000000000 0.00000000000 0.00000000000 0.00000000000 0.00000000000 0.00000000000 0.00000000000 0.00000000000 0.00000000000 0.00000000000 0.00000000000 0.00000000000 0.00000000000 0.00000000000 0.00000000000 0.00000000000 0.00000000000 0.00000000000 0.00000000000 0.00000000000 0.00000000000 0.00000000000 0.00000000000 0.00000000000 0.00000000000 0.00000000000 0.00000000000 0.00000000000 0.00000000000 0.00000000000 0.00000000000 0.00000000000 0.00000000000 0.00000000000 0.00000000000 0.00000000000 0.00000000000 0.00000000000 0.00000000000 0.00000000000 0.00000000000 0.00000000000 0.00000000000 0.00000000000
# growth_alpha:
0.380000000000
# q_alpha:
 0.00153043452473
# q_beta[1]:
 0.0597371068729 0.0109743471714 -0.00327060823983
# mean_log_rec:
0.911909350783
# rec_dev:
 -0.498059770151 -0.673188860545 -0.817484930777 0.346159640148 -0.0311713779811 -0.315992833337 -0.369122920166 -0.889730875260 -0.246045172008 -0.885671894474 -0.961851348882 -0.695481811328 -0.668660459878 0.0809052076139 0.510660922465 0.576139244085 0.833166372758 0.931837456933 0.678361047192 0.310511318935 0.609187690057 0.744392264538 0.332695309163 0.552813179789 0.171079900852 -0.274231798500 0.397807520327 0.162555784675 1.17531568228 -0.606042667796 0.925843164834 -0.186605193464 -0.452673494139 -0.0674528832822 0.269836328277 0.327951908835 -0.410734283546 -0.290339042152 0.519815002188 -0.0108021213580 -0.193058980868 -0.236451754214 0.654182316145 -0.191541901165 -0.341164350468 -0.126403339911 0.201075449604 -0.213909621312 0.114212182662 0.108428630473 0.537978746072 -0.335336793193 -0.246118156073 -0.124454384272 -0.160149615996 0.000658816425936 0.304047530039 -0.698436442866 -1.45743594414 -0.663043436577 -0.645516535061 -0.0274138481284 0.238308217250 1.02446095646 0.134869924505 1.28893455485 -0.0402071597586 -0.0120407331797 -0.000165945190275
# mean_log_init:
-0.594152861383
# init_dev_m:
 0.334630121499 0.0541542735374 0.0759637993335 0.00548146506786 -0.0294737212551 -0.0383864549951 -0.0417944542270 -0.0463317114951 -0.0490264506324 -0.0508508286505 -0.0532475849920 -0.0548437203791 -0.0558356361078 -0.0562952069611 -0.0564756188634 -0.0565910014229 -0.0566827301981 -0.0567341528138 -0.0567677860976
# init_dev_f:
 0.704336166380 0.136653976698 0.180765400810 0.0358310762384 -0.0284408895098 -0.0390507743880 -0.0423876256060 -0.0469842464495 -0.0497167885404 -0.0515610222107 -0.0539855950692 -0.0555984128375 -0.0565992729246 -0.0570621166838 -0.0572433722127 -0.0573591455336 -0.0574510942224 -0.0575025767503 -0.0575362015431
# log_avg_fmort:
 -2.42948508821
# fmort_dev:
 -2.65989109020 -2.48465608915 -1.93294303395 -1.91283123299 -1.25509894953 0.288315892782 1.47103193364 2.28143704259 3.45734705539 3.36123087745 1.11352660874 1.05954360621 1.62513445619 1.85784623819 1.39950746551 2.90077551513 2.16717179114 1.95747803411 1.30818391157 1.61131317508 0.455594012041 0.311866020909 0.296452570341 -0.508587696622 0.189572380341 -0.359786829739 -0.234789193295 -0.480405275596 -0.770889229813 -0.737045813654 -0.302766516453 0.0839718309300 0.0121536321928 -0.0203076930356 0.216480338539 -0.0805871752595 -0.801732383019 -0.627458246117 -0.488919655992 -0.577871122889 -0.316613403905 -0.460689426434 -0.516556831227 -0.0444275361900 -0.418135849133 -0.750289462386 -0.630407461692 -0.927095471855 -0.782978629213 -0.929377383617 -1.00048186855 -0.825408448516 -0.792587990418 -0.524306854738 -0.277848215090 -0.650767359879 -0.557724883706 -0.297710527029 -0.318377852390 -0.158446009711 -0.135665382476 -0.284801439459 -0.202789445930 -0.247404010408 -0.251811903194 -0.223500730668 -0.129188619072 -0.408147651463 -0.125825996976
# sel_slope_fsh_f:
 1.32260788076
# sel50_fsh_f:
 8.45126228073
# sel_slope_fsh_devs_f:
 2.00336761615e-05 8.06706786660e-05 0.000339792119951 0.000620349939812 0.00143026767263 0.00525318898991 0.0117892861581 0.0379103899373 0.138295632029 0.135434815320 1.17198813491 0.0838261119124 0.0505367826675 0.389975850680 0.132584265780 0.0645631680619 0.316622801401 0.924504663616 1.03954469684 0.0918309213639 0.132101006230 0.212022411342 -0.156198469372 -0.517438700975 -0.104736637298 -0.152597540387 -0.560383184061 -0.429671235742 -0.195260259583 0.0137863561691 -0.0698015434409 -0.111696781790 0.190345162417 -0.131134501073 0.0741721980785 0.0494287745308 0.0409374066855 -0.696489163056 -0.152519641022 -0.515562078465 0.0889178284720 0.0539507647398 0.197543577376 -0.217748396634 -0.0921839687924 -0.148733988537 -0.00539244548945 -0.204092559403 -0.0478453175412 -0.0771523611592 -0.126307679937 -0.287037913354 0.0592926346043 -0.270499911435 -0.00154086238065 0.194897661110 -0.0774234820198 -0.0247156460128 -0.147344054420 0.0397155713783 0.0749209082213 -0.144148582493 0.000608565376792 -0.270128998608 -0.0950153154251 -0.162738420451 0.157165459048 0.0140647156629 0.00251635272663
# sel50_fsh_devs_f:
 -5.66169432403e-05 -1.25108462079e-05 0.000230260782654 0.000817115629964 0.00331666932466 0.0232764626381 0.0926676102012 0.222468681806 0.429573473765 0.488518472193 -0.802150432163 0.167800631871 0.193716863689 -0.125606491765 0.296069903872 0.499530712314 0.264682341034 -0.249462164632 0.198948586965 0.120810434311 -0.214145069442 -0.0466067579419 0.0677938913992 -0.170188203109 -0.0884093523329 -0.0943575701992 0.0471302673989 -0.0253256350456 -0.122212694377 -0.212936959391 -0.0804629322037 -0.0520785613168 -0.110397024334 0.0562274336132 0.0223310428446 0.0911205256608 0.0296604315917 0.113276548939 -0.0511931637117 0.0686884079052 -0.0162451055150 -0.0913725258301 -0.0659102562662 0.0110357301093 -0.00849740756287 0.0851993027309 0.0385252763388 0.0188897284013 0.0788324750997 -0.0182576710813 -0.0117356358358 -0.0479511187969 -0.167848179749 0.000549677480926 -0.137661866692 -0.102328301040 -0.0932449494172 -0.0848711628043 -0.0551083490158 -0.0109180671932 0.0135934012413 0.0782597696949 -0.00301654873940 -0.00613893663580 -0.0468665900836 -0.0756641312568 -0.174410484553 -0.161770130212 0.00187754539273
# sel_slope_fsh_m:
 1.25051097191
# male_sel_offset:
0.00000000000
# sel_slope_fsh_devs_m:
 -6.63580697324e-06 -4.52227816883e-06 -7.48481121349e-06 -2.39331377436e-05 -7.73609328322e-05 -0.000494510760984 -0.00207391573475 0.000305970460808 0.0716039786485 0.213426567522 0.161876443423 0.439338045436 0.147475505947 0.121224010367 0.113183838871 0.273179920958 0.679656101778 0.534865183868 0.529400690091 0.683796224735 0.114706262320 0.369714075499 -0.0841967535480 0.138972934523 -0.227560959195 -0.160462339029 -0.789027858303 -0.670152088262 -0.243602126007 -0.103056940092 0.0203186802230 0.0986811338598 0.236095927843 0.303368114039 0.271506213799 0.121219810889 -0.100454406640 -0.449213884830 -0.0291181911938 -0.651060107558 -0.392101528792 -0.246876816113 -0.132584487740 0.429151684206 -0.381044405075 -0.433613436432 -0.181280342879 -0.208249256655 0.0186814437000 0.168553905623 -0.131776690106 -0.227281111907 0.0923242569970 0.0477269437984 -0.0556016344650 -0.239394701748 0.0245397741139 -0.151251792156 0.135632558981 0.0159930636417 0.102021674516 -0.0384196325116 -0.0755911739584 -0.0319641375321 -0.0342888704845 -0.0560874356321 -0.0347003889394 -0.118203082894 0.00236337877952
# sel50_fsh_m:
 8.41826709364
# sel50_fsh_devs_m:
 -6.16716365389e-05 -6.01035425412e-05 -7.86370681531e-05 -6.65254805217e-05 -0.000158115150565 -0.00118306631537 -0.00614471293363 -0.0185412739779 -0.0325539363291 -0.0333043165983 0.107716294016 -0.00653203788051 0.0487040875195 0.219618712880 -0.0136154112971 0.0696670216714 -0.179831901624 -0.135174178294 -0.140356097339 -0.130224827311 0.251338941415 -0.134418500691 0.0860826183709 -0.0299485603626 -0.00598364908555 -0.0545151266223 0.279132224257 0.0917216129714 -0.162248367341 -0.171577364679 -0.0855531848517 -0.0952255960658 -0.109607755670 -0.0441285570067 -0.0228983698543 0.0853439033942 0.0671181254930 -0.0920003459995 -0.0461320067085 0.199284873598 0.155496103016 0.0192607554639 -0.0208526997952 -0.0844667854648 0.161437307630 0.293731460717 0.127227914955 0.122926830967 0.106765074310 -0.0296263026732 0.0421830686496 -0.0162676793124 -0.0838982894904 -0.102019259086 -0.0730294398566 0.0500688267337 -0.0967281146692 -0.0524850623965 -0.133945802490 -0.0527579902353 -0.0224834425146 0.0686233581491 0.0340060830056 -0.0209352968756 0.00708899719954 -0.0314209952727 -0.0632995138779 -0.0612334156659 0.00303015799198
# sel_slope_srv:
 1.65819289870
# sel50_srv:
 4.62525171370
# sel_slope_srv_m:
 0.00000000000
# sel50_srv_m:
 0.00000000000
# F40:
 0.120000000000
# F35:
 0.160000000000
# F30:
 0.210000000000
# R_logalpha:
-4.25397249050
# R_logbeta:
-6.37601742205
# sigmaR:
0.600000000000
# wt_fsh_fut_f:
 6.00000000000 8.00000000000 19.0000000000 35.0000000000 192.000000000 220.000000000 278.000000000 286.000000000 317.000000000 378.000000000 395.000000000 425.000000000 449.000000000 484.000000000 525.000000000 501.000000000 531.000000000 561.000000000 607.000000000 606.000000000
# wt_fsh_fut_m:
 0.00000000000 8.00000000000 20.0000000000 35.0000000000 186.000000000 218.000000000 252.000000000 236.000000000 292.000000000 310.000000000 327.000000000 357.000000000 374.000000000 396.000000000 371.000000000 408.000000000 370.000000000 428.000000000 503.000000000 473.000000000
# wt_pop_fut_f:
 6.00000000000 6.00000000000 21.0000000000 43.0000000000 103.000000000 188.000000000 248.000000000 321.000000000 365.000000000 453.000000000 438.000000000 478.000000000 540.000000000 564.000000000 592.000000000 637.000000000 602.000000000 635.000000000 650.000000000 667.000000000
# wt_pop_fut_m:
 4.00000000000 8.00000000000 24.0000000000 59.0000000000 110.000000000 180.000000000 232.000000000 250.000000000 267.000000000 332.000000000 331.000000000 374.000000000 420.000000000 428.000000000 435.000000000 455.000000000 462.000000000 449.000000000 431.000000000 448.000000000
# log_msy_sel_f:
 -9.21392104065 -7.80930446357 -6.40583620737 -5.00704061607 -3.62710166228 -2.31874256993 -1.22641082935 -0.520613377101 -0.178946515837 -0.0523476433848 -0.0141961826284 -0.00375930101214 -0.000990069543004 -0.000260667371980 -6.86784027763e-05 -1.81070926633e-05 -4.77877343069e-06 -4.78845347017e-06 -4.79463341221e-06 -4.78185010474e-06
# log_msy_sel_m:
 -8.45159978948 -7.26136225248 -6.07238098591 -4.88741354595 -3.71515695272 -2.58182615532 -1.55629151680 -0.764640656029 -0.300796830540 -0.101214556799 -0.0317599562254 -0.00975006199629 -0.00298090038506 -0.000912778776499 -0.000280425368924 -8.64830795378e-05 -2.67768678368e-05 -2.67818200130e-05 -2.67761565726e-05 -2.67744301189e-05
# rec_dev_future:
 0.00000000000 0.00000000000 0.00000000000 0.00000000000 0.00000000000 0.00000000000 0.00000000000 0.00000000000 0.00000000000 0.00000000000
