ParName   Value   Gradient
natmort_m     0.125023  0.000107127
q_alpha(1)   0.00153043 -8.90845e-06
q_beta[1](1)    0.0597371 -1.31395e-05
q_beta[1](2)    0.0109743  9.66605e-06
q_beta[1](3)  -0.00327061  7.31079e-05
mean_log_rec     0.911909  -3.3293e-05
rec_dev(1954)     -0.49806 -8.47457e-05
rec_dev(1955)    -0.673189 -7.84761e-05
rec_dev(1956)    -0.817485 -0.000108435
rec_dev(1957)      0.34616 -0.000201961
rec_dev(1958)   -0.0311714 -7.08741e-05
rec_dev(1959)    -0.315993 -3.69724e-05
rec_dev(1960)    -0.369123 -1.76069e-05
rec_dev(1961)    -0.889731 -5.62341e-06
rec_dev(1962)    -0.246045 -1.98588e-05
rec_dev(1963)    -0.885672 -5.97703e-06
rec_dev(1964)    -0.961851 -4.01579e-06
rec_dev(1965)    -0.695482 -1.31342e-06
rec_dev(1966)     -0.66866 -3.24459e-06
rec_dev(1967)    0.0809052 -3.68916e-06
rec_dev(1968)     0.510661  7.14112e-06
rec_dev(1969)     0.576139 -1.58526e-05
rec_dev(1970)     0.833166  1.03639e-05
rec_dev(1971)     0.931837  9.52331e-06
rec_dev(1972)     0.678361  1.47668e-05
rec_dev(1973)     0.310511  7.07662e-06
rec_dev(1974)     0.609188 -7.13155e-06
rec_dev(1975)     0.744392  -4.5949e-06
rec_dev(1976)     0.332695  5.89033e-06
rec_dev(1977)     0.552813  5.66521e-06
rec_dev(1978)      0.17108  1.22015e-05
rec_dev(1979)    -0.274232  2.18259e-05
rec_dev(1980)     0.397808  -2.6851e-05
rec_dev(1981)     0.162556 -5.46949e-06
rec_dev(1982)      1.17532 -0.000111948
rec_dev(1983)    -0.606043 -5.62681e-06
rec_dev(1984)     0.925843 -2.69469e-05
rec_dev(1985)    -0.186605 -1.00387e-05
rec_dev(1986)    -0.452673 -1.93039e-05
rec_dev(1987)   -0.0674529 -1.59528e-05
rec_dev(1988)     0.269836  2.70336e-05
rec_dev(1989)     0.327952  9.61368e-06
rec_dev(1990)    -0.410734  1.88257e-05
rec_dev(1991)    -0.290339 -1.04637e-05
rec_dev(1992)     0.519815  2.57822e-05
rec_dev(1993)   -0.0108021  1.10308e-05
rec_dev(1994)    -0.193059  3.73756e-05
rec_dev(1995)    -0.236452  1.13833e-05
rec_dev(1996)     0.654182  5.10435e-05
rec_dev(1997)    -0.191542  1.12307e-06
rec_dev(1998)    -0.341164 -1.49153e-05
rec_dev(1999)    -0.126403 -2.92841e-06
rec_dev(2000)     0.201075 -2.59938e-06
rec_dev(2001)     -0.21391   1.0826e-07
rec_dev(2002)     0.114212   1.0342e-05
rec_dev(2003)     0.108429 -9.40749e-06
rec_dev(2004)     0.537979 -6.75012e-07
rec_dev(2005)    -0.335337  3.22614e-05
rec_dev(2006)    -0.246118 -8.77986e-06
rec_dev(2007)    -0.124454 -3.28347e-05
rec_dev(2008)     -0.16015  1.35195e-05
rec_dev(2009)  0.000658816 -2.92491e-05
rec_dev(2010)     0.304048 -0.000103591
rec_dev(2011)    -0.698436  2.54431e-05
rec_dev(2012)     -1.45744 -4.13494e-06
rec_dev(2013)    -0.663043  1.46154e-05
rec_dev(2014)    -0.645517 -1.31358e-05
rec_dev(2015)   -0.0274138 -2.04595e-05
rec_dev(2016)     0.238308 -3.42587e-05
rec_dev(2017)      1.02446 -8.84414e-06
rec_dev(2018)      0.13487  2.84833e-06
rec_dev(2019)      1.28893 -1.40713e-06
rec_dev(2020)   -0.0402072 -9.16074e-07
rec_dev(2021)   -0.0120407  7.00091e-07
rec_dev(2022) -0.000165945  5.20848e-07
mean_log_init    -0.594153 -9.25144e-06
init_dev_m(2)      0.33463 -2.35571e-06
init_dev_m(3)    0.0541543 -1.98031e-06
init_dev_m(4)    0.0759638 -2.06483e-06
init_dev_m(5)   0.00548147 -2.36214e-06
init_dev_m(6)   -0.0294737 -2.28774e-06
init_dev_m(7)   -0.0383865 -1.46197e-06
init_dev_m(8)   -0.0417945 -1.86465e-06
init_dev_m(9)   -0.0463317 -1.29953e-07
init_dev_m(10)   -0.0490265 -2.35948e-07
init_dev_m(11)   -0.0508508 -5.56023e-06
init_dev_m(12)   -0.0532476 -3.12331e-06
init_dev_m(13)   -0.0548437 -1.84423e-06
init_dev_m(14)   -0.0558356 -1.00089e-06
init_dev_m(15)   -0.0562952  1.31486e-07
init_dev_m(16)   -0.0564756 -2.16334e-06
init_dev_m(17)    -0.056591 -3.32569e-06
init_dev_m(18)   -0.0566827 -2.95357e-06
init_dev_m(19)   -0.0567342 -2.76402e-06
init_dev_m(20)   -0.0567678 -8.22191e-07
init_dev_f(2)     0.704336 -8.40334e-05
init_dev_f(3)     0.136654 -3.09956e-05
init_dev_f(4)     0.180765 -1.96231e-05
init_dev_f(5)    0.0358311 -9.66596e-06
init_dev_f(6)   -0.0284409 -1.25987e-06
init_dev_f(7)   -0.0390508 -1.62159e-06
init_dev_f(8)   -0.0423876 -9.32192e-07
init_dev_f(9)   -0.0469842 -1.07947e-06
init_dev_f(10)   -0.0497168   5.9109e-07
init_dev_f(11)    -0.051561 -5.25315e-06
init_dev_f(12)   -0.0539856 -6.73157e-07
init_dev_f(13)   -0.0555984 -2.68052e-06
init_dev_f(14)   -0.0565993 -1.70225e-06
init_dev_f(15)   -0.0570621 -1.84381e-06
init_dev_f(16)   -0.0572434 -2.72706e-06
init_dev_f(17)   -0.0573591 -4.16788e-06
init_dev_f(18)   -0.0574511 -3.30557e-06
init_dev_f(19)   -0.0575026 -3.52585e-06
init_dev_f(20)   -0.0575362 -1.16463e-06
log_avg_fmort(1)     -2.42949  2.59302e-05
fmort_dev(1,1954)     -2.65989 -1.71463e-05
fmort_dev(1,1955)     -2.48466 -1.73782e-05
fmort_dev(1,1956)     -1.93294  -1.3303e-05
fmort_dev(1,1957)     -1.91283 -1.14755e-05
fmort_dev(1,1958)      -1.2551 -5.44399e-06
fmort_dev(1,1959)     0.288316  1.28969e-05
fmort_dev(1,1960)      1.47103  6.29348e-06
fmort_dev(1,1961)      2.28144  0.000103553
fmort_dev(1,1962)      3.45735  0.000630152
fmort_dev(1,1963)      3.36123 -0.000311455
fmort_dev(1,1964)      1.11353 -5.20706e-05
fmort_dev(1,1965)      1.05954 -1.69805e-05
fmort_dev(1,1966)      1.62513 -7.33734e-06
fmort_dev(1,1967)      1.85785 -6.79952e-06
fmort_dev(1,1968)      1.39951 -3.03161e-05
fmort_dev(1,1969)      2.90078  4.03309e-05
fmort_dev(1,1970)      2.16717 -1.83397e-06
fmort_dev(1,1971)      1.95748  2.11317e-05
fmort_dev(1,1972)      1.30818 -1.21163e-05
fmort_dev(1,1973)      1.61131 -3.04101e-05
fmort_dev(1,1974)     0.455594  8.02846e-07
fmort_dev(1,1975)     0.311866  9.47228e-06
fmort_dev(1,1976)     0.296453  3.33776e-05
fmort_dev(1,1977)    -0.508588 -2.51511e-05
fmort_dev(1,1978)     0.189572 -1.96464e-06
fmort_dev(1,1979)    -0.359787  9.51662e-06
fmort_dev(1,1980)    -0.234789  1.23763e-05
fmort_dev(1,1981)    -0.480405  1.67456e-05
fmort_dev(1,1982)    -0.770889    2.968e-06
fmort_dev(1,1983)    -0.737046  7.47056e-06
fmort_dev(1,1984)    -0.302767  6.93421e-06
fmort_dev(1,1985)    0.0839718   1.9641e-05
fmort_dev(1,1986)    0.0121536  1.11832e-05
fmort_dev(1,1987)   -0.0203077  7.40759e-06
fmort_dev(1,1988)      0.21648  1.46393e-05
fmort_dev(1,1989)   -0.0805872  2.93638e-05
fmort_dev(1,1990)    -0.801732 -1.40114e-05
fmort_dev(1,1991)    -0.627458 -7.42027e-07
fmort_dev(1,1992)     -0.48892 -7.17863e-06
fmort_dev(1,1993)    -0.577871 -1.09084e-05
fmort_dev(1,1994)    -0.316613  -3.7773e-06
fmort_dev(1,1995)    -0.460689 -7.13613e-06
fmort_dev(1,1996)    -0.516557 -7.49631e-06
fmort_dev(1,1997)   -0.0444275 -5.15626e-06
fmort_dev(1,1998)    -0.418136 -7.70023e-06
fmort_dev(1,1999)    -0.750289 -1.01227e-05
fmort_dev(1,2000)    -0.630407  5.77109e-06
fmort_dev(1,2001)    -0.927095  6.00671e-06
fmort_dev(1,2002)    -0.782979  9.83862e-06
fmort_dev(1,2003)    -0.929377   1.2814e-05
fmort_dev(1,2004)     -1.00048  1.32497e-05
fmort_dev(1,2005)    -0.825408  2.66237e-06
fmort_dev(1,2006)    -0.792588  6.72655e-06
fmort_dev(1,2007)    -0.524307  4.69842e-06
fmort_dev(1,2008)    -0.277848  2.33293e-06
fmort_dev(1,2009)    -0.650767  7.47187e-06
fmort_dev(1,2010)    -0.557725  1.01171e-05
fmort_dev(1,2011)    -0.297711  1.81823e-05
fmort_dev(1,2012)    -0.318378  1.55562e-05
fmort_dev(1,2013)    -0.158446  1.77323e-05
fmort_dev(1,2014)    -0.135665  2.48237e-05
fmort_dev(1,2015)    -0.284801  1.09397e-05
fmort_dev(1,2016)    -0.202789   2.7093e-05
fmort_dev(1,2017)    -0.247404  2.21823e-05
fmort_dev(1,2018)    -0.251812 -2.15859e-05
fmort_dev(1,2019)    -0.223501 -3.53605e-05
fmort_dev(1,2020)    -0.129189  4.90622e-05
fmort_dev(1,2021)    -0.408148  2.71663e-05
fmort_dev(1,2022)    -0.125826  3.76891e-05
sel_slope_fsh_f(1)      1.32261  -1.6985e-05
sel50_fsh_f(1)      8.45126 -2.23446e-05
sel_slope_fsh_devs_f(1,1954)  2.00337e-05 -1.04896e-06
sel_slope_fsh_devs_f(1,1955)  8.06707e-05 -5.56084e-07
sel_slope_fsh_devs_f(1,1956)  0.000339792 -2.03009e-06
sel_slope_fsh_devs_f(1,1957)   0.00062035 -1.44721e-06
sel_slope_fsh_devs_f(1,1958)   0.00143027 -2.34708e-06
sel_slope_fsh_devs_f(1,1959)   0.00525319 -2.89279e-06
sel_slope_fsh_devs_f(1,1960)    0.0117893 -4.77964e-06
sel_slope_fsh_devs_f(1,1961)    0.0379104 -6.32503e-06
sel_slope_fsh_devs_f(1,1962)     0.138296 -9.47401e-06
sel_slope_fsh_devs_f(1,1963)     0.135435  3.16921e-05
sel_slope_fsh_devs_f(1,1964)      1.17199  5.69937e-07
sel_slope_fsh_devs_f(1,1965)    0.0838261 -5.76627e-06
sel_slope_fsh_devs_f(1,1966)    0.0505368  2.17685e-06
sel_slope_fsh_devs_f(1,1967)     0.389976  -9.0669e-08
sel_slope_fsh_devs_f(1,1968)     0.132584   1.1456e-05
sel_slope_fsh_devs_f(1,1969)    0.0645632 -5.26411e-06
sel_slope_fsh_devs_f(1,1970)     0.316623  2.60155e-06
sel_slope_fsh_devs_f(1,1971)     0.924505  1.64926e-06
sel_slope_fsh_devs_f(1,1972)      1.03954  3.85012e-06
sel_slope_fsh_devs_f(1,1973)    0.0918309  7.97879e-06
sel_slope_fsh_devs_f(1,1974)     0.132101    7.141e-07
sel_slope_fsh_devs_f(1,1975)     0.212022 -8.87579e-07
sel_slope_fsh_devs_f(1,1976)    -0.156198  2.03677e-06
sel_slope_fsh_devs_f(1,1977)    -0.517439 -1.47016e-06
sel_slope_fsh_devs_f(1,1978)    -0.104737  6.18186e-08
sel_slope_fsh_devs_f(1,1979)    -0.152598  1.29364e-06
sel_slope_fsh_devs_f(1,1980)    -0.560383  1.77227e-06
sel_slope_fsh_devs_f(1,1981)    -0.429671  6.20583e-06
sel_slope_fsh_devs_f(1,1982)     -0.19526 -1.35402e-06
sel_slope_fsh_devs_f(1,1983)    0.0137864  3.15933e-06
sel_slope_fsh_devs_f(1,1984)   -0.0698015  5.24718e-06
sel_slope_fsh_devs_f(1,1985)    -0.111697 -2.06174e-06
sel_slope_fsh_devs_f(1,1986)     0.190345 -2.79234e-06
sel_slope_fsh_devs_f(1,1987)    -0.131135  -2.9358e-06
sel_slope_fsh_devs_f(1,1988)    0.0741722  3.67772e-06
sel_slope_fsh_devs_f(1,1989)    0.0494288 -5.60327e-07
sel_slope_fsh_devs_f(1,1990)    0.0409374  1.71269e-07
sel_slope_fsh_devs_f(1,1991)    -0.696489 -8.91163e-07
sel_slope_fsh_devs_f(1,1992)     -0.15252 -3.30015e-06
sel_slope_fsh_devs_f(1,1993)    -0.515562 -2.75862e-06
sel_slope_fsh_devs_f(1,1994)    0.0889178 -5.45005e-08
sel_slope_fsh_devs_f(1,1995)    0.0539508 -3.49695e-06
sel_slope_fsh_devs_f(1,1996)     0.197544 -3.51112e-07
sel_slope_fsh_devs_f(1,1997)    -0.217748 -9.40776e-08
sel_slope_fsh_devs_f(1,1998)    -0.092184  5.06856e-06
sel_slope_fsh_devs_f(1,1999)    -0.148734 -3.34354e-07
sel_slope_fsh_devs_f(1,2000)  -0.00539245 -1.90096e-06
sel_slope_fsh_devs_f(1,2001)    -0.204093  6.26054e-07
sel_slope_fsh_devs_f(1,2002)   -0.0478453 -1.62541e-06
sel_slope_fsh_devs_f(1,2003)   -0.0771524 -1.83225e-06
sel_slope_fsh_devs_f(1,2004)    -0.126308  6.92048e-06
sel_slope_fsh_devs_f(1,2005)    -0.287038  5.96469e-06
sel_slope_fsh_devs_f(1,2006)    0.0592926   4.1134e-06
sel_slope_fsh_devs_f(1,2007)      -0.2705  2.01589e-06
sel_slope_fsh_devs_f(1,2008)  -0.00154086    4.319e-06
sel_slope_fsh_devs_f(1,2009)     0.194898 -2.79337e-06
sel_slope_fsh_devs_f(1,2010)   -0.0774235  1.08539e-06
sel_slope_fsh_devs_f(1,2011)   -0.0247156   1.2003e-06
sel_slope_fsh_devs_f(1,2012)    -0.147344  1.58281e-06
sel_slope_fsh_devs_f(1,2013)    0.0397156  1.82931e-06
sel_slope_fsh_devs_f(1,2014)    0.0749209  3.42644e-06
sel_slope_fsh_devs_f(1,2015)    -0.144149 -1.75494e-06
sel_slope_fsh_devs_f(1,2016)  0.000608565 -4.08151e-06
sel_slope_fsh_devs_f(1,2017)    -0.270129  2.44163e-06
sel_slope_fsh_devs_f(1,2018)   -0.0950153 -4.39769e-06
sel_slope_fsh_devs_f(1,2019)    -0.162738 -3.57599e-06
sel_slope_fsh_devs_f(1,2020)     0.157165 -5.66227e-05
sel_slope_fsh_devs_f(1,2021)    0.0140647 -7.83548e-05
sel_slope_fsh_devs_f(1,2022)   0.00251635 -0.000103866
sel50_fsh_devs_f(1,1954) -5.66169e-05  3.15672e-06
sel50_fsh_devs_f(1,1955) -1.25108e-05  2.44947e-06
sel50_fsh_devs_f(1,1956)  0.000230261 -3.29184e-08
sel50_fsh_devs_f(1,1957)  0.000817116  1.06792e-06
sel50_fsh_devs_f(1,1958)   0.00331667  4.75345e-08
sel50_fsh_devs_f(1,1959)    0.0232765 -1.89765e-05
sel50_fsh_devs_f(1,1960)    0.0926676 -6.64611e-05
sel50_fsh_devs_f(1,1961)     0.222469 -0.000309744
sel50_fsh_devs_f(1,1962)     0.429573  -0.00033677
sel50_fsh_devs_f(1,1963)     0.488518  0.000531337
sel50_fsh_devs_f(1,1964)     -0.80215 -1.25603e-05
sel50_fsh_devs_f(1,1965)     0.167801   1.8049e-06
sel50_fsh_devs_f(1,1966)     0.193717 -3.79508e-06
sel50_fsh_devs_f(1,1967)    -0.125606 -3.94809e-05
sel50_fsh_devs_f(1,1968)      0.29607  1.76958e-05
sel50_fsh_devs_f(1,1969)     0.499531 -2.33415e-05
sel50_fsh_devs_f(1,1970)     0.264682  1.89697e-05
sel50_fsh_devs_f(1,1971)    -0.249462 -2.58419e-07
sel50_fsh_devs_f(1,1972)     0.198949 -6.16548e-06
sel50_fsh_devs_f(1,1973)      0.12081  3.11264e-05
sel50_fsh_devs_f(1,1974)    -0.214145 -3.28319e-06
sel50_fsh_devs_f(1,1975)   -0.0466068 -2.48224e-05
sel50_fsh_devs_f(1,1976)    0.0677939 -3.90484e-05
sel50_fsh_devs_f(1,1977)    -0.170188  1.98128e-05
sel50_fsh_devs_f(1,1978)   -0.0884094 -1.14289e-05
sel50_fsh_devs_f(1,1979)   -0.0943576  9.16266e-07
sel50_fsh_devs_f(1,1980)    0.0471303 -9.43623e-06
sel50_fsh_devs_f(1,1981)   -0.0253256 -1.51468e-06
sel50_fsh_devs_f(1,1982)    -0.122213  2.13346e-06
sel50_fsh_devs_f(1,1983)    -0.212937 -5.18939e-06
sel50_fsh_devs_f(1,1984)   -0.0804629 -1.30123e-05
sel50_fsh_devs_f(1,1985)   -0.0520786 -9.02774e-06
sel50_fsh_devs_f(1,1986)    -0.110397  2.97783e-06
sel50_fsh_devs_f(1,1987)    0.0562274 -1.62315e-05
sel50_fsh_devs_f(1,1988)     0.022331   -1.853e-05
sel50_fsh_devs_f(1,1989)    0.0911205 -1.67894e-05
sel50_fsh_devs_f(1,1990)    0.0296604  6.88795e-07
sel50_fsh_devs_f(1,1991)     0.113277  1.98561e-06
sel50_fsh_devs_f(1,1992)   -0.0511932 -6.83326e-06
sel50_fsh_devs_f(1,1993)    0.0686884   4.6224e-06
sel50_fsh_devs_f(1,1994)   -0.0162451 -1.98018e-06
sel50_fsh_devs_f(1,1995)   -0.0913725 -6.15549e-06
sel50_fsh_devs_f(1,1996)   -0.0659103 -3.82305e-06
sel50_fsh_devs_f(1,1997)    0.0110357 -1.23866e-06
sel50_fsh_devs_f(1,1998)  -0.00849741 -5.60407e-06
sel50_fsh_devs_f(1,1999)    0.0851993 -1.35059e-05
sel50_fsh_devs_f(1,2000)    0.0385253  2.10546e-05
sel50_fsh_devs_f(1,2001)    0.0188897 -2.64001e-06
sel50_fsh_devs_f(1,2002)    0.0788325  -3.2605e-06
sel50_fsh_devs_f(1,2003)   -0.0182577  2.33504e-05
sel50_fsh_devs_f(1,2004)   -0.0117356  1.61609e-05
sel50_fsh_devs_f(1,2005)   -0.0479511  1.48442e-06
sel50_fsh_devs_f(1,2006)    -0.167848  2.22054e-06
sel50_fsh_devs_f(1,2007)  0.000549677  2.08222e-06
sel50_fsh_devs_f(1,2008)    -0.137662   2.0125e-05
sel50_fsh_devs_f(1,2009)    -0.102328 -2.05403e-05
sel50_fsh_devs_f(1,2010)   -0.0932449 -9.95227e-06
sel50_fsh_devs_f(1,2011)   -0.0848712  4.32672e-06
sel50_fsh_devs_f(1,2012)   -0.0551083   4.6668e-07
sel50_fsh_devs_f(1,2013)   -0.0109181 -1.53968e-05
sel50_fsh_devs_f(1,2014)    0.0135934 -6.37748e-06
sel50_fsh_devs_f(1,2015)    0.0782598 -1.16837e-05
sel50_fsh_devs_f(1,2016)  -0.00301655 -4.06995e-05
sel50_fsh_devs_f(1,2017)  -0.00613894  1.52208e-05
sel50_fsh_devs_f(1,2018)   -0.0468666 -4.83216e-06
sel50_fsh_devs_f(1,2019)   -0.0756641 -9.05636e-06
sel50_fsh_devs_f(1,2020)     -0.17441 -0.000709871
sel50_fsh_devs_f(1,2021)     -0.16177 -0.000759693
sel50_fsh_devs_f(1,2022)   0.00187755  -0.00104809
sel_slope_fsh_m(1)      1.25051 -0.000115365
sel_slope_fsh_devs_m(1,1954) -6.63581e-06 -2.50519e-07
sel_slope_fsh_devs_m(1,1955) -4.52228e-06 -1.48624e-07
sel_slope_fsh_devs_m(1,1956) -7.48481e-06  6.45233e-07
sel_slope_fsh_devs_m(1,1957) -2.39331e-05  6.86143e-07
sel_slope_fsh_devs_m(1,1958) -7.73609e-05  3.08012e-07
sel_slope_fsh_devs_m(1,1959) -0.000494511 -3.83822e-07
sel_slope_fsh_devs_m(1,1960)  -0.00207392 -3.34854e-06
sel_slope_fsh_devs_m(1,1961)   0.00030597 -9.21366e-06
sel_slope_fsh_devs_m(1,1962)     0.071604  -4.4774e-05
sel_slope_fsh_devs_m(1,1963)     0.213427  0.000124151
sel_slope_fsh_devs_m(1,1964)     0.161876  1.63271e-06
sel_slope_fsh_devs_m(1,1965)     0.439338 -1.22945e-06
sel_slope_fsh_devs_m(1,1966)     0.147476  4.23807e-07
sel_slope_fsh_devs_m(1,1967)     0.121224  5.06689e-07
sel_slope_fsh_devs_m(1,1968)     0.113184  7.78172e-07
sel_slope_fsh_devs_m(1,1969)      0.27318  -1.2279e-06
sel_slope_fsh_devs_m(1,1970)     0.679656 -6.68724e-07
sel_slope_fsh_devs_m(1,1971)     0.534865  5.32225e-06
sel_slope_fsh_devs_m(1,1972)     0.529401 -3.07665e-08
sel_slope_fsh_devs_m(1,1973)     0.683796  1.06316e-05
sel_slope_fsh_devs_m(1,1974)     0.114706  2.27997e-06
sel_slope_fsh_devs_m(1,1975)     0.369714  1.64415e-06
sel_slope_fsh_devs_m(1,1976)   -0.0841968  1.40449e-06
sel_slope_fsh_devs_m(1,1977)     0.138973 -2.03744e-06
sel_slope_fsh_devs_m(1,1978)    -0.227561  4.58377e-07
sel_slope_fsh_devs_m(1,1979)    -0.160462  1.85339e-06
sel_slope_fsh_devs_m(1,1980)    -0.789028  1.32785e-06
sel_slope_fsh_devs_m(1,1981)    -0.670152   3.4897e-06
sel_slope_fsh_devs_m(1,1982)    -0.243602  -3.1853e-06
sel_slope_fsh_devs_m(1,1983)    -0.103057  1.32659e-06
sel_slope_fsh_devs_m(1,1984)    0.0203187  1.77114e-06
sel_slope_fsh_devs_m(1,1985)    0.0986811  2.07025e-06
sel_slope_fsh_devs_m(1,1986)     0.236096 -2.27406e-07
sel_slope_fsh_devs_m(1,1987)     0.303368 -1.15808e-06
sel_slope_fsh_devs_m(1,1988)     0.271506  8.59977e-07
sel_slope_fsh_devs_m(1,1989)      0.12122  2.46935e-06
sel_slope_fsh_devs_m(1,1990)    -0.100454 -1.78861e-06
sel_slope_fsh_devs_m(1,1991)    -0.449214  -1.3087e-06
sel_slope_fsh_devs_m(1,1992)   -0.0291182 -7.20265e-07
sel_slope_fsh_devs_m(1,1993)     -0.65106 -5.71791e-06
sel_slope_fsh_devs_m(1,1994)    -0.392102  3.16509e-07
sel_slope_fsh_devs_m(1,1995)    -0.246877 -2.52905e-06
sel_slope_fsh_devs_m(1,1996)    -0.132584  7.86383e-07
sel_slope_fsh_devs_m(1,1997)     0.429152 -4.34593e-06
sel_slope_fsh_devs_m(1,1998)    -0.381044  1.07498e-06
sel_slope_fsh_devs_m(1,1999)    -0.433613 -4.27266e-06
sel_slope_fsh_devs_m(1,2000)     -0.18128  2.85474e-06
sel_slope_fsh_devs_m(1,2001)    -0.208249 -2.11069e-07
sel_slope_fsh_devs_m(1,2002)    0.0186814  2.94833e-06
sel_slope_fsh_devs_m(1,2003)     0.168554 -2.49325e-06
sel_slope_fsh_devs_m(1,2004)    -0.131777 -3.58536e-06
sel_slope_fsh_devs_m(1,2005)    -0.227281   1.2826e-06
sel_slope_fsh_devs_m(1,2006)    0.0923243 -8.38942e-07
sel_slope_fsh_devs_m(1,2007)    0.0477269  5.10442e-06
sel_slope_fsh_devs_m(1,2008)   -0.0556016 -1.21279e-06
sel_slope_fsh_devs_m(1,2009)    -0.239395  3.69698e-06
sel_slope_fsh_devs_m(1,2010)    0.0245398  2.64889e-06
sel_slope_fsh_devs_m(1,2011)    -0.151252  2.69567e-06
sel_slope_fsh_devs_m(1,2012)     0.135633 -1.16183e-06
sel_slope_fsh_devs_m(1,2013)    0.0159931 -2.29568e-06
sel_slope_fsh_devs_m(1,2014)     0.102022 -1.55318e-06
sel_slope_fsh_devs_m(1,2015)   -0.0384196 -6.18614e-06
sel_slope_fsh_devs_m(1,2016)   -0.0755912 -8.93776e-07
sel_slope_fsh_devs_m(1,2017)   -0.0319641 -1.89941e-06
sel_slope_fsh_devs_m(1,2018)   -0.0342889  1.81032e-06
sel_slope_fsh_devs_m(1,2019)   -0.0560874 -2.76776e-06
sel_slope_fsh_devs_m(1,2020)   -0.0347004 -0.000373181
sel_slope_fsh_devs_m(1,2021)    -0.118203 -0.000389017
sel_slope_fsh_devs_m(1,2022)   0.00236338 -0.000479193
sel50_fsh_m(1)      8.41827  -2.7517e-05
sel50_fsh_devs_m(1,1954) -6.16716e-05  4.07791e-06
sel50_fsh_devs_m(1,1955) -6.01035e-05   4.4616e-07
sel50_fsh_devs_m(1,1956) -7.86371e-05  1.40043e-06
sel50_fsh_devs_m(1,1957) -6.65255e-05  7.90259e-07
sel50_fsh_devs_m(1,1958) -0.000158115  1.15535e-06
sel50_fsh_devs_m(1,1959)  -0.00118307 -2.49052e-06
sel50_fsh_devs_m(1,1960)  -0.00614471 -1.16404e-05
sel50_fsh_devs_m(1,1961)   -0.0185413 -0.000123343
sel50_fsh_devs_m(1,1962)   -0.0325539 -0.000948065
sel50_fsh_devs_m(1,1963)   -0.0333043   0.00162371
sel50_fsh_devs_m(1,1964)     0.107716  1.84795e-05
sel50_fsh_devs_m(1,1965)  -0.00653204 -6.84589e-05
sel50_fsh_devs_m(1,1966)    0.0487041  1.51984e-05
sel50_fsh_devs_m(1,1967)     0.219619  4.54322e-06
sel50_fsh_devs_m(1,1968)   -0.0136154  3.32108e-05
sel50_fsh_devs_m(1,1969)     0.069667 -9.06681e-05
sel50_fsh_devs_m(1,1970)    -0.179832  7.66522e-07
sel50_fsh_devs_m(1,1971)    -0.135174  1.10954e-05
sel50_fsh_devs_m(1,1972)    -0.140356  1.00825e-05
sel50_fsh_devs_m(1,1973)    -0.130225  0.000203825
sel50_fsh_devs_m(1,1974)     0.251339 -6.79141e-06
sel50_fsh_devs_m(1,1975)    -0.134419  6.67383e-06
sel50_fsh_devs_m(1,1976)    0.0860826 -1.03265e-05
sel50_fsh_devs_m(1,1977)   -0.0299486  -1.8291e-06
sel50_fsh_devs_m(1,1978)  -0.00598365 -2.03482e-06
sel50_fsh_devs_m(1,1979)   -0.0545151  -1.1969e-05
sel50_fsh_devs_m(1,1980)     0.279132  2.17997e-06
sel50_fsh_devs_m(1,1981)    0.0917216 -1.21312e-05
sel50_fsh_devs_m(1,1982)    -0.162248  -1.1436e-05
sel50_fsh_devs_m(1,1983)    -0.171577  8.95662e-06
sel50_fsh_devs_m(1,1984)   -0.0855532 -1.37459e-05
sel50_fsh_devs_m(1,1985)   -0.0952256  9.98669e-06
sel50_fsh_devs_m(1,1986)    -0.109608  4.64963e-06
sel50_fsh_devs_m(1,1987)   -0.0441286 -2.18025e-05
sel50_fsh_devs_m(1,1988)   -0.0228984 -1.47369e-05
sel50_fsh_devs_m(1,1989)    0.0853439 -1.08052e-05
sel50_fsh_devs_m(1,1990)    0.0671181  4.44131e-06
sel50_fsh_devs_m(1,1991)   -0.0920003  6.10189e-06
sel50_fsh_devs_m(1,1992)    -0.046132  5.46049e-06
sel50_fsh_devs_m(1,1993)     0.199285  5.70455e-06
sel50_fsh_devs_m(1,1994)     0.155496  7.14497e-06
sel50_fsh_devs_m(1,1995)    0.0192608 -1.29854e-05
sel50_fsh_devs_m(1,1996)   -0.0208527 -1.90153e-05
sel50_fsh_devs_m(1,1997)   -0.0844668  9.14652e-06
sel50_fsh_devs_m(1,1998)     0.161437  4.92258e-06
sel50_fsh_devs_m(1,1999)     0.293731 -5.42471e-06
sel50_fsh_devs_m(1,2000)     0.127228  3.97049e-06
sel50_fsh_devs_m(1,2001)     0.122927  6.02922e-06
sel50_fsh_devs_m(1,2002)     0.106765  1.96118e-06
sel50_fsh_devs_m(1,2003)   -0.0296263 -2.47174e-05
sel50_fsh_devs_m(1,2004)    0.0421831 -9.46161e-06
sel50_fsh_devs_m(1,2005)   -0.0162677  6.53938e-06
sel50_fsh_devs_m(1,2006)   -0.0838983 -7.57006e-07
sel50_fsh_devs_m(1,2007)    -0.102019 -4.66043e-06
sel50_fsh_devs_m(1,2008)   -0.0730294 -1.43481e-05
sel50_fsh_devs_m(1,2009)    0.0500688  1.10546e-05
sel50_fsh_devs_m(1,2010)   -0.0967281  4.04402e-06
sel50_fsh_devs_m(1,2011)   -0.0524851 -8.42822e-06
sel50_fsh_devs_m(1,2012)    -0.133946 -8.31781e-06
sel50_fsh_devs_m(1,2013)    -0.052758 -5.79611e-07
sel50_fsh_devs_m(1,2014)   -0.0224834 -2.31693e-05
sel50_fsh_devs_m(1,2015)    0.0686234 -3.61475e-05
sel50_fsh_devs_m(1,2016)    0.0340061  9.70077e-06
sel50_fsh_devs_m(1,2017)   -0.0209353  1.15135e-06
sel50_fsh_devs_m(1,2018)     0.007089 -2.04793e-05
sel50_fsh_devs_m(1,2019)    -0.031421  -2.4721e-06
sel50_fsh_devs_m(1,2020)   -0.0632995  -0.00120869
sel50_fsh_devs_m(1,2021)   -0.0612334  -0.00130639
sel50_fsh_devs_m(1,2022)   0.00303016  -0.00159263
sel_slope_srv(1)      1.65819  5.87317e-07
sel50_srv(1)      4.62525   1.5763e-07
R_logalpha     -4.25397   2.5625e-06
R_logbeta     -6.37602 -5.78503e-06
log_msy_sel_f(1)     -9.21392  1.70575e-07
log_msy_sel_f(2)      -7.8093  2.83456e-07
log_msy_sel_f(3)     -6.40584 -1.48485e-06
log_msy_sel_f(4)     -5.00704 -3.97331e-06
log_msy_sel_f(5)      -3.6271 -1.33724e-06
log_msy_sel_f(6)     -2.31874  1.69247e-06
log_msy_sel_f(7)     -1.22641 -5.65805e-06
log_msy_sel_f(8)    -0.520613 -9.67268e-06
log_msy_sel_f(9)    -0.178947  -4.6362e-06
log_msy_sel_f(10)   -0.0523476 -2.54665e-06
log_msy_sel_f(11)   -0.0141962  -1.0912e-06
log_msy_sel_f(12)   -0.0037593 -1.19636e-06
log_msy_sel_f(13)  -0.00099007  1.72618e-08
log_msy_sel_f(14) -0.000260667 -3.38107e-06
log_msy_sel_f(15) -6.86784e-05  1.76581e-06
log_msy_sel_f(16) -1.81071e-05  3.47956e-06
log_msy_sel_f(17) -4.77877e-06  1.49358e-06
log_msy_sel_f(18) -4.78845e-06 -2.37844e-06
log_msy_sel_f(19) -4.79463e-06 -4.85041e-06
log_msy_sel_f(20) -4.78185e-06  2.62911e-07
log_msy_sel_m(1)      -8.4516 -7.49868e-06
log_msy_sel_m(2)     -7.26136 -7.16063e-06
log_msy_sel_m(3)     -6.07238 -4.34988e-06
log_msy_sel_m(4)     -4.88741 -3.64365e-06
log_msy_sel_m(5)     -3.71516 -1.13698e-06
log_msy_sel_m(6)     -2.58183  1.67313e-06
log_msy_sel_m(7)     -1.55629 -7.08433e-07
log_msy_sel_m(8)    -0.764641 -6.63085e-06
log_msy_sel_m(9)    -0.300797 -7.57808e-06
log_msy_sel_m(10)    -0.101215 -3.75987e-06
log_msy_sel_m(11)     -0.03176  1.14955e-06
log_msy_sel_m(12)  -0.00975006  1.95668e-08
log_msy_sel_m(13)   -0.0029809  1.61065e-06
log_msy_sel_m(14) -0.000912779   5.6057e-07
log_msy_sel_m(15) -0.000280425  4.78777e-07
log_msy_sel_m(16) -8.64831e-05  3.91772e-07
log_msy_sel_m(17) -2.67769e-05  4.46293e-07
log_msy_sel_m(18) -2.67818e-05 -1.53458e-06
log_msy_sel_m(19) -2.67762e-05  7.30799e-07
log_msy_sel_m(20) -2.67744e-05  1.42138e-06
rec_dev_future(2023)            0            0
rec_dev_future(2024)            0            0
rec_dev_future(2025)            0            0
rec_dev_future(2026)            0            0
rec_dev_future(2027)            0            0
rec_dev_future(2028)            0            0
rec_dev_future(2029)            0            0
rec_dev_future(2030)            0            0
rec_dev_future(2031)            0            0
rec_dev_future(2032)            0            0
