# Number of parameters = 506 Objective function value = 1567.07577189245  Maximum gradient component = 0.000979915100340867
# ln_q_srv:
 -0.0717680000000000
# natmort_f:
0.120000000000
# natmort_m:
0.124888698076
# Linf_f:
38.0340000000
# K_f:
0.137000000000
# t0_f:
0.297000000000
# Linf_m:
34.0300000000
# K_m:
0.161000000000
# t0_m:
0.515000000000
# age_incr:
 0.00000000000 0.00000000000 0.00000000000 0.00000000000 0.00000000000 0.00000000000 0.00000000000 0.00000000000 0.00000000000 0.00000000000 0.00000000000
# yr_incr:
 0.00000000000 0.00000000000 0.00000000000 0.00000000000 0.00000000000 0.00000000000 0.00000000000 0.00000000000 0.00000000000 0.00000000000 0.00000000000 0.00000000000 0.00000000000 0.00000000000 0.00000000000 0.00000000000 0.00000000000 0.00000000000 0.00000000000 0.00000000000 0.00000000000 0.00000000000 0.00000000000 0.00000000000 0.00000000000 0.00000000000 0.00000000000 0.00000000000 0.00000000000 0.00000000000 0.00000000000 0.00000000000 0.00000000000 0.00000000000 0.00000000000 0.00000000000 0.00000000000 0.00000000000 0.00000000000 0.00000000000 0.00000000000 0.00000000000 0.00000000000 0.00000000000 0.00000000000 0.00000000000 0.00000000000 0.00000000000 0.00000000000 0.00000000000 0.00000000000 0.00000000000 0.00000000000 0.00000000000 0.00000000000 0.00000000000 0.00000000000 0.00000000000 0.00000000000 0.00000000000 0.00000000000 0.00000000000 0.00000000000 0.00000000000 0.00000000000 0.00000000000
# growth_alpha:
0.380000000000
# q_alpha:
 -0.0305356922922
# q_beta[1]:
 0.0420056828219 0.00623233725900 -0.00651534999833
# mean_log_rec:
0.964044345869
# rec_dev:
 -0.246316343588 -0.458124410688 -0.691793293537 0.449206036037 0.0134823636691 -0.313801839785 -0.395833233839 -0.943365723830 -0.301169035504 -0.931363925909 -0.998286433379 -0.722555332393 -0.719952601938 0.0380977990938 0.469420808888 0.533782059421 0.791227394356 0.890646107370 0.637396653738 0.270218209309 0.569771948968 0.708216685526 0.299357455974 0.520817547194 0.139366261665 -0.305506691346 0.367280467725 0.132572831348 1.14564600225 -0.634306626129 0.896100180399 -0.216024359844 -0.482148230998 -0.0983109402481 0.238139026738 0.296239688222 -0.441497353382 -0.320648781061 0.488859087786 -0.0431101824403 -0.224358862987 -0.266952761942 0.624892383037 -0.220124575307 -0.368344843872 -0.151693925607 0.177190265843 -0.234116726424 0.0992673264499 0.101377826952 0.543899171706 -0.333614059895 -0.215470570275 -0.0727112638030 -0.110352852090 0.0844191833031 0.400846575252 -0.605340854483 -1.36377673011 -0.413374191165 -0.229224295659 0.379713882889 0.834184000633 0.966112062747 -0.0480407283194 0.0141921672545 -0.000326745930893
# mean_log_init:
-0.672383244755
# init_dev_m:
 0.484159143053 0.111697403942 0.0127590085636 -0.0128847913767 -0.0411510916538 -0.0502001998114 -0.0540167301535 -0.0584986140634 -0.0617348623718 -0.0641909239185 -0.0671819729669 -0.0697830253771 -0.0713892551719 -0.0720751245114 -0.0723321498010 -0.0724929950180 -0.0726200445790 -0.0726911718244 -0.0727374015647
# init_dev_f:
 1.01910374723 0.262388835307 0.0643554104526 0.0141038210799 -0.0394118751952 -0.0509787024549 -0.0547067890286 -0.0592078563111 -0.0624780180037 -0.0649578396884 -0.0679812544684 -0.0706088978246 -0.0722293723046 -0.0729200132623 -0.0731782219641 -0.0733395905630 -0.0734669170003 -0.0735381081439 -0.0735843176885
# log_avg_fmort:
 -2.46938914031
# fmort_dev:
 -2.52819494972 -2.35237064804 -1.79978038826 -1.77850632128 -1.11913911191 0.431024638615 1.64436140504 2.54987580685 4.05550654543 1.38984002891 1.22070417309 1.07936620636 1.62965193713 1.83647828673 1.40733797354 2.08232543897 2.14543299617 1.97059834165 1.34400703320 1.67692391189 0.516054128697 0.349377981471 0.322697724562 -0.475774894972 0.210742674369 -0.337343258426 -0.233285197838 -0.462893386365 -0.748203621983 -0.714888274892 -0.281120357144 0.104950343082 0.0314761139729 -0.00372776338806 0.229906860711 -0.0695320017859 -0.792271533174 -0.618404262146 -0.477237877732 -0.570904479091 -0.306437606979 -0.451586675895 -0.507906578651 -0.0321746056143 -0.411110914560 -0.745578771810 -0.623660856094 -0.920776164122 -0.776304060856 -0.920935700124 -0.992759302182 -0.817408988461 -0.782412119206 -0.515113801830 -0.268099309318 -0.644380438442 -0.551861554391 -0.293050224705 -0.320085838518 -0.166374375221 -0.149271209364 -0.298683499247 -0.231286239092 -0.291338673444 -0.314836894701 -0.302796557173 -0.228831857736
# sel_slope_fsh_f:
 1.30581098708
# sel50_fsh_f:
 8.47008686133
# sel_slope_fsh_devs_f:
 1.61548796216e-05 8.02317056277e-05 0.000364977395448 0.000763676019434 0.00246343397662 0.0143300859286 0.0482745841274 0.105273829730 0.195909211921 0.0246527637760 0.338281367691 0.0390021938863 0.00769591057922 0.179689731437 0.247622790888 0.264683567199 0.331080722183 0.835771114670 1.05132635373 0.590161942332 0.152589614686 0.210240562735 -0.150756279852 -0.523277206390 -0.0937733361693 -0.141617737864 -0.536386830419 -0.414208259336 -0.184314165345 0.0214099811227 -0.0606304814921 -0.102437562742 0.198865442401 -0.123867448273 0.0808707471064 0.0581979979079 0.0533978588992 -0.684517331188 -0.139606027555 -0.499597936941 0.100890443791 0.0689422789811 0.211735007723 -0.204223650818 -0.0778863610389 -0.133916787380 0.00673061185632 -0.189611113366 -0.0325708441512 -0.0652531063230 -0.112189375197 -0.269801119350 0.0712926545146 -0.254642257069 0.0120717381070 0.207045760749 -0.0677099145116 -0.0215485323607 -0.148540915707 0.0463177695941 0.0749948078830 -0.145979314218 -0.0225375778677 -0.265061332597 -0.0771772231347 -0.153607662799 0.0442107452117
# sel50_fsh_devs_f:
 -8.40925907184e-05 -4.45878265438e-05 0.000172369978532 0.000767035638901 0.00367334345660 0.0313382136686 0.127141866688 0.266658512930 0.456957161315 -0.0905184133929 -0.0344674222283 0.136229122171 0.160825874615 -0.0853477898076 -0.0489084836505 0.102404984184 0.286445101096 -0.220860551839 0.199203699713 -0.134989124114 0.216138420655 -0.0434674725925 0.0687198099877 -0.164236137092 -0.0912415322362 -0.0969329570899 0.0360695593394 -0.0297041616779 -0.124037915665 -0.214174281406 -0.0819950132455 -0.0537728902065 -0.112278515263 0.0547559268028 0.0203222145968 0.0885769219759 0.0260338981352 0.108374897776 -0.0556353022745 0.0623591260935 -0.0197250090754 -0.0957727121986 -0.0701432238576 0.00663314351475 -0.0131859977740 0.0805178532493 0.0344959229032 0.0141840037695 0.0745101044975 -0.0220576327221 -0.0159011611787 -0.0525795115611 -0.170137250186 -0.00242906226532 -0.138728237524 -0.102951797300 -0.0910169892541 -0.0799906362381 -0.0473421040833 -0.00609492059676 0.0199948361191 0.0882231059199 0.00967900409515 0.0105442428390 -0.0280794792206 -0.0434739448986 -0.109644411867
# sel_slope_fsh_m:
 1.26409044009
# male_sel_offset:
0.00000000000
# sel_slope_fsh_devs_m:
 -1.28960870178e-05 -1.27673134811e-05 -2.51777059637e-05 -3.73641037701e-05 -0.000111975712382 -0.00101545572144 -0.00527401033082 -0.0148613565462 -0.195084593134 -0.0288898315413 1.19923851196 0.499091592658 0.182406243257 0.186635567473 -0.0180478121077 0.263126641269 0.678965768638 0.652724044003 0.570888637846 0.0993870891416 0.163930616942 0.379075258372 -0.0862499801956 0.140978034774 -0.225365904711 -0.159488900388 -0.780698716779 -0.666483811240 -0.247149450164 -0.105726076046 0.0151193927294 0.0930113908843 0.230871007141 0.297664073795 0.265487145042 0.117023022512 -0.103271027224 -0.453423720385 -0.0315257178909 -0.654534279066 -0.392374143031 -0.239519408120 -0.120281925306 0.424491465071 -0.375342913060 -0.433550899589 -0.178337588091 -0.209097886575 0.0186540870722 0.172011941505 -0.129443907958 -0.222613384716 0.0910696488600 0.0440993977087 -0.0597935726136 -0.238890136558 0.0115541298159 -0.169537398942 0.123372272339 0.000397825286221 0.0721169422043 -0.0921029999455 -0.108851091517 -0.0621970293295 -0.0423206121748 -0.0581167424607 -0.0837312231498
# sel50_fsh_m:
 8.30909947625
# sel50_fsh_devs_m:
 -8.85493195621e-05 -9.20836231817e-05 -0.000136446118210 -0.000127616546520 -0.000278636079967 -0.00187502803657 -0.00907770575684 -0.0268893076371 -0.0799998842512 -0.0317982034217 -0.784201651114 -0.0120135315265 0.0432604384662 0.249325729440 0.318596697474 0.0351904837458 -0.171046866237 -0.176078647142 -0.137465340408 0.268507684677 -0.195290716066 -0.125493276824 0.0940225759564 -0.0185980487172 0.00276913830570 -0.0449286139988 0.279189223569 0.0981743581891 -0.151076934780 -0.160402234779 -0.0737397723705 -0.0838157358366 -0.0980371299785 -0.0322093058180 -0.0111716387669 0.0966376760620 0.0775789237002 -0.0842247647848 -0.0363754555861 0.207247276377 0.164209354355 0.0262249541581 -0.0146440944375 -0.0729685662636 0.168235076249 0.302379229140 0.136159509804 0.132244331279 0.116793462627 -0.0188949745973 0.0519124691275 -0.00773640115274 -0.0722700018821 -0.0893622403249 -0.0589921124008 0.0628976748976 -0.0790071488473 -0.0307468964386 -0.113683883726 -0.0301345367409 0.00207197578166 0.0991423948508 0.0614877239439 0.00728383801791 0.0342030502574 0.00631838782419 -0.00708984722854
# sel_slope_srv:
 1.63179816167
# sel50_srv:
 4.69430460025
# sel_slope_srv_m:
 0.00000000000
# sel50_srv_m:
 0.00000000000
# F40:
 0.120000000000
# F35:
 0.160000000000
# F30:
 0.210000000000
# R_logalpha:
-4.26679425198
# R_logbeta:
-6.42992406837
# sigmaR:
0.600000000000
# wt_fsh_fut_f:
 6.00000000000 8.00000000000 20.0000000000 31.0000000000 55.0000000000 133.000000000 208.000000000 249.000000000 279.000000000 343.000000000 390.000000000 440.000000000 443.000000000 454.000000000 482.000000000 490.000000000 492.000000000 527.000000000 547.000000000 555.000000000
# wt_fsh_fut_m:
 0.00000000000 4.00000000000 15.0000000000 34.0000000000 60.0000000000 134.000000000 191.000000000 241.000000000 257.000000000 293.000000000 312.000000000 328.000000000 341.000000000 358.000000000 360.000000000 368.000000000 376.000000000 410.000000000 383.000000000 413.000000000
# wt_pop_fut_f:
 6.00000000000 6.00000000000 21.0000000000 47.0000000000 92.0000000000 160.000000000 180.000000000 254.000000000 277.000000000 346.000000000 404.000000000 583.000000000 503.000000000 505.000000000 570.000000000 680.000000000 701.000000000 673.000000000 698.000000000 720.000000000
# wt_pop_fut_m:
 4.00000000000 8.00000000000 20.0000000000 48.0000000000 97.0000000000 126.000000000 195.000000000 206.000000000 237.000000000 280.000000000 324.000000000 384.000000000 377.000000000 384.000000000 431.000000000 464.000000000 434.000000000 454.000000000 464.000000000 507.000000000
# log_msy_sel_f:
 -8.56803802584 -7.33734446681 -6.10778749422 -4.88207692561 -3.66938495871 -2.49957927396 -1.45589137200 -0.684783465017 -0.261553559237 -0.0874352746262 -0.0275962764269 -0.00855917356462 -0.00264833048072 -0.000821370905027 -0.000255665568589 -7.98797649237e-05 -2.50423269012e-05 -2.50502227990e-05 -2.50248456981e-05 -2.50682496612e-05
# log_msy_sel_m:
 -8.80560651487 -7.61696768878 -6.42913572136 -5.24393146962 -4.06722401755 -2.91735010476 -1.84634671402 -0.967034058762 -0.403943728578 -0.141157316730 -0.0450713416846 -0.0139169815768 -0.00425185932074 -0.00129512249886 -0.000394249175673 -0.000120028583157 -3.65264113790e-05 -3.65619033399e-05 -3.65557034623e-05 -3.65662699987e-05
# rec_dev_future:
 0.00000000000 0.00000000000 0.00000000000 0.00000000000 0.00000000000 0.00000000000 0.00000000000 0.00000000000 0.00000000000 0.00000000000
