ParName   Value   Gradient
natmort_m     0.124889 -4.79818e-05
q_alpha(1)   -0.0305357  6.35341e-08
q_beta[1](1)    0.0420057  4.76085e-06
q_beta[1](2)   0.00623234 -2.12719e-05
q_beta[1](3)  -0.00651535 -2.23255e-05
mean_log_rec     0.964044  0.000134032
rec_dev(1954)    -0.246316  7.36578e-05
rec_dev(1955)    -0.458124  7.56965e-05
rec_dev(1956)    -0.691793   4.6919e-05
rec_dev(1957)     0.449206  0.000219918
rec_dev(1958)    0.0134824  0.000183531
rec_dev(1959)    -0.313802  0.000116164
rec_dev(1960)    -0.395833  7.82287e-05
rec_dev(1961)    -0.943366     3.46e-05
rec_dev(1962)    -0.301169  6.26245e-05
rec_dev(1963)    -0.931364  1.71974e-05
rec_dev(1964)    -0.998286  2.27366e-05
rec_dev(1965)    -0.722555  9.42166e-06
rec_dev(1966)    -0.719953  5.43573e-06
rec_dev(1967)    0.0380978  8.84268e-06
rec_dev(1968)     0.469421  1.15848e-05
rec_dev(1969)     0.533782  7.74755e-06
rec_dev(1970)     0.791227 -7.78605e-07
rec_dev(1971)     0.890646 -6.56706e-06
rec_dev(1972)     0.637397  2.99565e-06
rec_dev(1973)     0.270218  1.28277e-06
rec_dev(1974)     0.569772 -9.58568e-06
rec_dev(1975)     0.708217 -7.21443e-06
rec_dev(1976)     0.299357  7.14673e-06
rec_dev(1977)     0.520818  5.18447e-06
rec_dev(1978)     0.139366  7.70598e-07
rec_dev(1979)    -0.305507   4.0245e-06
rec_dev(1980)      0.36728 -6.06638e-06
rec_dev(1981)     0.132573  1.26284e-06
rec_dev(1982)      1.14565 -1.00609e-05
rec_dev(1983)    -0.634307  5.65535e-06
rec_dev(1984)       0.8961 -1.00627e-05
rec_dev(1985)    -0.216024 -6.11396e-08
rec_dev(1986)    -0.482148 -5.19969e-06
rec_dev(1987)   -0.0983109  3.43174e-06
rec_dev(1988)     0.238139  1.27311e-05
rec_dev(1989)      0.29624  5.68562e-06
rec_dev(1990)    -0.441497 -3.24333e-06
rec_dev(1991)    -0.320649 -1.75794e-06
rec_dev(1992)     0.488859  8.61122e-07
rec_dev(1993)   -0.0431102  3.97662e-06
rec_dev(1994)    -0.224359  5.76079e-06
rec_dev(1995)    -0.266953   5.9532e-07
rec_dev(1996)     0.624892  3.26211e-06
rec_dev(1997)    -0.220125  9.54405e-07
rec_dev(1998)    -0.368345  7.07415e-06
rec_dev(1999)    -0.151694  1.24687e-06
rec_dev(2000)      0.17719  -3.0659e-06
rec_dev(2001)    -0.234117 -1.79621e-06
rec_dev(2002)    0.0992673  -3.2488e-06
rec_dev(2003)     0.101378  3.46591e-06
rec_dev(2004)     0.543899  2.51988e-06
rec_dev(2005)    -0.333614  3.48182e-06
rec_dev(2006)    -0.215471  2.53395e-06
rec_dev(2007)   -0.0727113  2.40462e-06
rec_dev(2008)    -0.110353  5.87008e-07
rec_dev(2009)    0.0844192  2.04608e-06
rec_dev(2010)     0.400847  1.39729e-05
rec_dev(2011)    -0.605341  1.35439e-05
rec_dev(2012)     -1.36378  3.91967e-06
rec_dev(2013)    -0.413374 -4.50506e-06
rec_dev(2014)    -0.229224 -1.53343e-06
rec_dev(2015)     0.379714  7.09903e-06
rec_dev(2016)     0.834184 -1.90015e-05
rec_dev(2017)     0.966112  2.28533e-06
rec_dev(2018)   -0.0480407 -7.94378e-07
rec_dev(2019)    0.0141922 -2.43735e-06
rec_dev(2020) -0.000326746  -2.6197e-06
mean_log_init    -0.672383 -1.41345e-06
init_dev_m(2)     0.484159 -5.50964e-06
init_dev_m(3)     0.111697 -2.77885e-06
init_dev_m(4)     0.012759 -4.25181e-06
init_dev_m(5)   -0.0128848 -3.33892e-06
init_dev_m(6)   -0.0411511 -3.27745e-06
init_dev_m(7)   -0.0502002 -3.57666e-06
init_dev_m(8)   -0.0540167 -2.53903e-06
init_dev_m(9)   -0.0584986  -2.5436e-06
init_dev_m(10)   -0.0617349 -2.79445e-06
init_dev_m(11)   -0.0641909 -4.67692e-06
init_dev_m(12)    -0.067182 -4.12252e-06
init_dev_m(13)    -0.069783 -4.50016e-06
init_dev_m(14)   -0.0713893 -4.75552e-06
init_dev_m(15)   -0.0720751 -2.73846e-06
init_dev_m(16)   -0.0723321   -4.641e-06
init_dev_m(17)    -0.072493 -1.33215e-06
init_dev_m(18)     -0.07262 -2.38726e-06
init_dev_m(19)   -0.0726912 -6.49548e-06
init_dev_m(20)   -0.0727374 -4.69702e-06
init_dev_f(2)       1.0191  7.67857e-05
init_dev_f(3)     0.262389  2.27423e-05
init_dev_f(4)    0.0643554  6.74375e-06
init_dev_f(5)    0.0141038 -7.56223e-07
init_dev_f(6)   -0.0394119 -2.58664e-06
init_dev_f(7)   -0.0509787 -3.48965e-06
init_dev_f(8)   -0.0547068 -2.86704e-06
init_dev_f(9)   -0.0592079 -2.37208e-06
init_dev_f(10)    -0.062478 -3.97827e-06
init_dev_f(11)   -0.0649578 -3.59245e-06
init_dev_f(12)   -0.0679813 -4.86002e-06
init_dev_f(13)   -0.0706089 -4.95765e-06
init_dev_f(14)   -0.0722294 -4.72414e-06
init_dev_f(15)     -0.07292 -2.93792e-06
init_dev_f(16)   -0.0731782 -5.08529e-06
init_dev_f(17)   -0.0733396 -2.05925e-06
init_dev_f(18)   -0.0734669 -2.56844e-06
init_dev_f(19)   -0.0735381 -6.46716e-06
init_dev_f(20)   -0.0735843 -4.34511e-06
log_avg_fmort(1)     -2.46939  1.67813e-05
fmort_dev(1,1954)     -2.52819  1.03672e-06
fmort_dev(1,1955)     -2.35237  3.15254e-06
fmort_dev(1,1956)     -1.79978  1.47894e-06
fmort_dev(1,1957)     -1.77851  2.62979e-06
fmort_dev(1,1958)     -1.11914  9.09721e-07
fmort_dev(1,1959)     0.431025 -4.59842e-06
fmort_dev(1,1960)      1.64436  1.94551e-05
fmort_dev(1,1961)      2.54988  0.000101549
fmort_dev(1,1962)      4.05551 -0.000300849
fmort_dev(1,1963)      1.38984   4.6197e-05
fmort_dev(1,1964)       1.2207  8.76637e-05
fmort_dev(1,1965)      1.07937  4.51889e-05
fmort_dev(1,1966)      1.62965  0.000156389
fmort_dev(1,1967)      1.83648 -5.48678e-05
fmort_dev(1,1968)      1.40734 -9.99303e-05
fmort_dev(1,1969)      2.08233  2.75652e-05
fmort_dev(1,1970)      2.14543  3.95258e-05
fmort_dev(1,1971)       1.9706 -4.91107e-06
fmort_dev(1,1972)      1.34401  3.36383e-05
fmort_dev(1,1973)      1.67692  6.03298e-06
fmort_dev(1,1974)     0.516054  8.04841e-06
fmort_dev(1,1975)     0.349378  7.01181e-06
fmort_dev(1,1976)     0.322698 -1.78616e-06
fmort_dev(1,1977)    -0.475775  2.36157e-06
fmort_dev(1,1978)     0.210743  5.96175e-06
fmort_dev(1,1979)    -0.337343  4.31531e-06
fmort_dev(1,1980)    -0.233285  7.28905e-06
fmort_dev(1,1981)    -0.462893 -4.45208e-06
fmort_dev(1,1982)    -0.748204  2.51072e-07
fmort_dev(1,1983)    -0.714888 -4.21909e-06
fmort_dev(1,1984)     -0.28112 -3.44937e-06
fmort_dev(1,1985)      0.10495 -1.26138e-06
fmort_dev(1,1986)    0.0314761  9.03851e-07
fmort_dev(1,1987)  -0.00372776  2.05092e-06
fmort_dev(1,1988)     0.229907 -3.19146e-06
fmort_dev(1,1989)    -0.069532  4.34016e-06
fmort_dev(1,1990)    -0.792272 -1.03681e-06
fmort_dev(1,1991)    -0.618404  4.35433e-06
fmort_dev(1,1992)    -0.477238  3.89346e-06
fmort_dev(1,1993)    -0.570904  4.56987e-06
fmort_dev(1,1994)    -0.306438  4.82658e-06
fmort_dev(1,1995)    -0.451587  3.96636e-07
fmort_dev(1,1996)    -0.507907  -2.3057e-08
fmort_dev(1,1997)   -0.0321746  -5.9579e-08
fmort_dev(1,1998)    -0.411111 -1.97244e-06
fmort_dev(1,1999)    -0.745579 -1.19189e-05
fmort_dev(1,2000)    -0.623661  -3.3485e-06
fmort_dev(1,2001)    -0.920776  -5.1817e-06
fmort_dev(1,2002)    -0.776304  1.77543e-06
fmort_dev(1,2003)    -0.920936 -4.18781e-06
fmort_dev(1,2004)    -0.992759 -1.16719e-06
fmort_dev(1,2005)    -0.817409  5.01928e-07
fmort_dev(1,2006)    -0.782412 -5.40248e-06
fmort_dev(1,2007)    -0.515114 -3.11529e-06
fmort_dev(1,2008)    -0.268099 -3.83802e-06
fmort_dev(1,2009)     -0.64438  2.76736e-06
fmort_dev(1,2010)    -0.551862  9.16289e-06
fmort_dev(1,2011)     -0.29305  9.25683e-06
fmort_dev(1,2012)    -0.320086  4.99381e-06
fmort_dev(1,2013)    -0.166374  8.26895e-07
fmort_dev(1,2014)    -0.149271  1.47492e-05
fmort_dev(1,2015)    -0.298683 -1.25321e-05
fmort_dev(1,2016)    -0.231286 -1.02944e-05
fmort_dev(1,2017)    -0.291339 -6.10446e-06
fmort_dev(1,2018)    -0.314837 -4.58817e-05
fmort_dev(1,2019)    -0.302797  5.29489e-05
fmort_dev(1,2020)    -0.228832 -5.07443e-07
sel_slope_fsh_f(1)      1.30581 -0.000253649
sel50_fsh_f(1)      8.47009 -4.18731e-05
sel_slope_fsh_devs_f(1,1954)  1.61549e-05  2.64849e-06
sel_slope_fsh_devs_f(1,1955)  8.02317e-05   1.3466e-06
sel_slope_fsh_devs_f(1,1956)  0.000364977 -1.07023e-06
sel_slope_fsh_devs_f(1,1957)  0.000763676 -1.09444e-08
sel_slope_fsh_devs_f(1,1958)   0.00246343  7.11901e-07
sel_slope_fsh_devs_f(1,1959)    0.0143301  1.47223e-06
sel_slope_fsh_devs_f(1,1960)    0.0482746  4.41414e-06
sel_slope_fsh_devs_f(1,1961)     0.105274  9.05117e-06
sel_slope_fsh_devs_f(1,1962)     0.195909  1.57973e-05
sel_slope_fsh_devs_f(1,1963)    0.0246528 -1.74297e-06
sel_slope_fsh_devs_f(1,1964)     0.338281 -5.28943e-06
sel_slope_fsh_devs_f(1,1965)    0.0390022 -9.79607e-06
sel_slope_fsh_devs_f(1,1966)   0.00769591 -8.63463e-06
sel_slope_fsh_devs_f(1,1967)      0.17969 -6.83286e-07
sel_slope_fsh_devs_f(1,1968)     0.247623 -1.47122e-06
sel_slope_fsh_devs_f(1,1969)     0.264684 -1.55927e-06
sel_slope_fsh_devs_f(1,1970)     0.331081  5.53021e-07
sel_slope_fsh_devs_f(1,1971)     0.835771 -4.14385e-07
sel_slope_fsh_devs_f(1,1972)      1.05133  1.11875e-06
sel_slope_fsh_devs_f(1,1973)     0.590162 -1.00131e-06
sel_slope_fsh_devs_f(1,1974)      0.15259 -2.55691e-07
sel_slope_fsh_devs_f(1,1975)     0.210241  1.50218e-07
sel_slope_fsh_devs_f(1,1976)    -0.150756 -2.90137e-06
sel_slope_fsh_devs_f(1,1977)    -0.523277 -1.33507e-06
sel_slope_fsh_devs_f(1,1978)   -0.0937733 -9.58298e-07
sel_slope_fsh_devs_f(1,1979)    -0.141618 -1.58327e-07
sel_slope_fsh_devs_f(1,1980)    -0.536387  1.74827e-06
sel_slope_fsh_devs_f(1,1981)    -0.414208 -8.33698e-07
sel_slope_fsh_devs_f(1,1982)    -0.184314 -8.30272e-07
sel_slope_fsh_devs_f(1,1983)      0.02141 -2.35299e-06
sel_slope_fsh_devs_f(1,1984)   -0.0606305  5.65006e-08
sel_slope_fsh_devs_f(1,1985)    -0.102438  1.28199e-07
sel_slope_fsh_devs_f(1,1986)     0.198865  2.74886e-07
sel_slope_fsh_devs_f(1,1987)    -0.123867  9.09268e-08
sel_slope_fsh_devs_f(1,1988)    0.0808707  1.56778e-06
sel_slope_fsh_devs_f(1,1989)     0.058198 -3.74168e-07
sel_slope_fsh_devs_f(1,1990)    0.0533979 -4.19061e-07
sel_slope_fsh_devs_f(1,1991)    -0.684517  3.17159e-07
sel_slope_fsh_devs_f(1,1992)    -0.139606  1.54829e-06
sel_slope_fsh_devs_f(1,1993)    -0.499598 -1.05984e-06
sel_slope_fsh_devs_f(1,1994)      0.10089  1.73569e-07
sel_slope_fsh_devs_f(1,1995)    0.0689423  2.50599e-07
sel_slope_fsh_devs_f(1,1996)     0.211735  3.02095e-07
sel_slope_fsh_devs_f(1,1997)    -0.204224  2.98808e-07
sel_slope_fsh_devs_f(1,1998)   -0.0778864  9.57622e-07
sel_slope_fsh_devs_f(1,1999)    -0.133917 -3.93695e-07
sel_slope_fsh_devs_f(1,2000)   0.00673061  1.43252e-07
sel_slope_fsh_devs_f(1,2001)    -0.189611  2.11569e-07
sel_slope_fsh_devs_f(1,2002)   -0.0325708  4.58985e-07
sel_slope_fsh_devs_f(1,2003)   -0.0652531  2.53451e-06
sel_slope_fsh_devs_f(1,2004)    -0.112189 -9.35074e-07
sel_slope_fsh_devs_f(1,2005)    -0.269801 -7.29045e-08
sel_slope_fsh_devs_f(1,2006)    0.0712927  9.44529e-07
sel_slope_fsh_devs_f(1,2007)    -0.254642 -1.09758e-06
sel_slope_fsh_devs_f(1,2008)    0.0120717   -8.152e-07
sel_slope_fsh_devs_f(1,2009)     0.207046  2.13453e-07
sel_slope_fsh_devs_f(1,2010)   -0.0677099  6.84367e-07
sel_slope_fsh_devs_f(1,2011)   -0.0215485  9.67992e-07
sel_slope_fsh_devs_f(1,2012)    -0.148541 -6.73435e-07
sel_slope_fsh_devs_f(1,2013)    0.0463178  1.54734e-06
sel_slope_fsh_devs_f(1,2014)    0.0749948 -1.09095e-06
sel_slope_fsh_devs_f(1,2015)    -0.145979  3.17013e-07
sel_slope_fsh_devs_f(1,2016)   -0.0225376  1.35768e-08
sel_slope_fsh_devs_f(1,2017)    -0.265061 -3.68316e-07
sel_slope_fsh_devs_f(1,2018)   -0.0771772 -0.000281804
sel_slope_fsh_devs_f(1,2019)    -0.153608 -0.000248329
sel_slope_fsh_devs_f(1,2020)    0.0442107 -0.000286769
sel50_fsh_devs_f(1,1954) -8.40926e-05 -1.46636e-07
sel50_fsh_devs_f(1,1955) -4.45878e-05  -2.2215e-07
sel50_fsh_devs_f(1,1956)   0.00017237 -2.17989e-06
sel50_fsh_devs_f(1,1957)  0.000767036  1.04044e-07
sel50_fsh_devs_f(1,1958)   0.00367334  2.19634e-06
sel50_fsh_devs_f(1,1959)    0.0313382  1.81094e-05
sel50_fsh_devs_f(1,1960)     0.127142  6.03728e-05
sel50_fsh_devs_f(1,1961)     0.266659  0.000112557
sel50_fsh_devs_f(1,1962)     0.456957   0.00023979
sel50_fsh_devs_f(1,1963)   -0.0905184 -8.54421e-05
sel50_fsh_devs_f(1,1964)   -0.0344674 -0.000215009
sel50_fsh_devs_f(1,1965)     0.136229 -0.000134911
sel50_fsh_devs_f(1,1966)     0.160826 -0.000357795
sel50_fsh_devs_f(1,1967)   -0.0853478  5.54001e-05
sel50_fsh_devs_f(1,1968)   -0.0489085  9.04684e-05
sel50_fsh_devs_f(1,1969)     0.102405 -4.64459e-05
sel50_fsh_devs_f(1,1970)     0.286445  -6.1711e-05
sel50_fsh_devs_f(1,1971)    -0.220861 -1.29188e-05
sel50_fsh_devs_f(1,1972)     0.199204 -4.83106e-05
sel50_fsh_devs_f(1,1973)    -0.134989 -3.61352e-07
sel50_fsh_devs_f(1,1974)     0.216138 -1.24789e-06
sel50_fsh_devs_f(1,1975)   -0.0434675 -1.82457e-05
sel50_fsh_devs_f(1,1976)    0.0687198 -2.36857e-05
sel50_fsh_devs_f(1,1977)    -0.164236 -8.48254e-06
sel50_fsh_devs_f(1,1978)   -0.0912415 -5.29251e-06
sel50_fsh_devs_f(1,1979)    -0.096933 -9.43649e-07
sel50_fsh_devs_f(1,1980)    0.0360696  1.77355e-05
sel50_fsh_devs_f(1,1981)   -0.0297042  1.39389e-06
sel50_fsh_devs_f(1,1982)    -0.124038 -3.40794e-06
sel50_fsh_devs_f(1,1983)    -0.214174 -1.43438e-06
sel50_fsh_devs_f(1,1984)    -0.081995  2.51529e-06
sel50_fsh_devs_f(1,1985)   -0.0537729  1.67426e-06
sel50_fsh_devs_f(1,1986)    -0.112279  4.73729e-06
sel50_fsh_devs_f(1,1987)    0.0547559 -1.08485e-06
sel50_fsh_devs_f(1,1988)    0.0203222  1.81681e-06
sel50_fsh_devs_f(1,1989)    0.0885769 -1.06342e-05
sel50_fsh_devs_f(1,1990)    0.0260339  2.35294e-06
sel50_fsh_devs_f(1,1991)     0.108375  1.84142e-06
sel50_fsh_devs_f(1,1992)   -0.0556353 -8.94621e-07
sel50_fsh_devs_f(1,1993)    0.0623591  4.41265e-06
sel50_fsh_devs_f(1,1994)    -0.019725 -1.26579e-06
sel50_fsh_devs_f(1,1995)   -0.0957727  1.17125e-06
sel50_fsh_devs_f(1,1996)   -0.0701432  2.64329e-06
sel50_fsh_devs_f(1,1997)   0.00663314   1.8131e-06
sel50_fsh_devs_f(1,1998)    -0.013186  5.39537e-06
sel50_fsh_devs_f(1,1999)    0.0805179  4.86189e-06
sel50_fsh_devs_f(1,2000)    0.0344959   1.8477e-06
sel50_fsh_devs_f(1,2001)     0.014184  1.59724e-06
sel50_fsh_devs_f(1,2002)    0.0745101   2.9513e-06
sel50_fsh_devs_f(1,2003)   -0.0220576  2.30897e-06
sel50_fsh_devs_f(1,2004)   -0.0159012 -4.89535e-06
sel50_fsh_devs_f(1,2005)   -0.0525795 -3.39088e-06
sel50_fsh_devs_f(1,2006)    -0.170137  3.26871e-06
sel50_fsh_devs_f(1,2007)  -0.00242906 -3.56953e-06
sel50_fsh_devs_f(1,2008)    -0.138728  2.44716e-06
sel50_fsh_devs_f(1,2009)    -0.102952  3.41092e-06
sel50_fsh_devs_f(1,2010)    -0.091017 -2.09723e-06
sel50_fsh_devs_f(1,2011)   -0.0799906  -4.0883e-07
sel50_fsh_devs_f(1,2012)   -0.0473421  -6.7348e-07
sel50_fsh_devs_f(1,2013)  -0.00609492 -4.26814e-06
sel50_fsh_devs_f(1,2014)    0.0199948 -7.52329e-06
sel50_fsh_devs_f(1,2015)    0.0882231    5.741e-06
sel50_fsh_devs_f(1,2016)     0.009679  7.09124e-06
sel50_fsh_devs_f(1,2017)    0.0105442 -3.57581e-06
sel50_fsh_devs_f(1,2018)   -0.0280795 -0.000331519
sel50_fsh_devs_f(1,2019)   -0.0434739 -0.000590708
sel50_fsh_devs_f(1,2020)    -0.109644 -0.000499013
sel_slope_fsh_m(1)      1.26409 -0.000107453
sel_slope_fsh_devs_m(1,1954) -1.28961e-05 -1.92371e-06
sel_slope_fsh_devs_m(1,1955) -1.27673e-05  1.38938e-07
sel_slope_fsh_devs_m(1,1956) -2.51777e-05 -2.94198e-06
sel_slope_fsh_devs_m(1,1957) -3.73641e-05  1.06709e-06
sel_slope_fsh_devs_m(1,1958) -0.000111976 -3.81686e-07
sel_slope_fsh_devs_m(1,1959)  -0.00101546 -1.02813e-07
sel_slope_fsh_devs_m(1,1960)  -0.00527401 -4.37737e-07
sel_slope_fsh_devs_m(1,1961)   -0.0148614  5.88842e-07
sel_slope_fsh_devs_m(1,1962)    -0.195085  9.72968e-05
sel_slope_fsh_devs_m(1,1963)   -0.0288898  1.64654e-06
sel_slope_fsh_devs_m(1,1964)      1.19924  6.47066e-07
sel_slope_fsh_devs_m(1,1965)     0.499092 -5.84609e-07
sel_slope_fsh_devs_m(1,1966)     0.182406 -2.73774e-06
sel_slope_fsh_devs_m(1,1967)     0.186636    1.601e-06
sel_slope_fsh_devs_m(1,1968)   -0.0180478  2.17565e-06
sel_slope_fsh_devs_m(1,1969)     0.263127  2.18826e-07
sel_slope_fsh_devs_m(1,1970)     0.678966  -7.8359e-07
sel_slope_fsh_devs_m(1,1971)     0.652724  5.28823e-07
sel_slope_fsh_devs_m(1,1972)     0.570889  1.43667e-06
sel_slope_fsh_devs_m(1,1973)    0.0993871  4.10601e-07
sel_slope_fsh_devs_m(1,1974)     0.163931  1.55195e-06
sel_slope_fsh_devs_m(1,1975)     0.379075  1.41728e-06
sel_slope_fsh_devs_m(1,1976)     -0.08625  4.34037e-06
sel_slope_fsh_devs_m(1,1977)     0.140978 -8.14719e-07
sel_slope_fsh_devs_m(1,1978)    -0.225366  1.01512e-06
sel_slope_fsh_devs_m(1,1979)    -0.159489 -9.12568e-07
sel_slope_fsh_devs_m(1,1980)    -0.780699  1.04293e-06
sel_slope_fsh_devs_m(1,1981)    -0.666484 -7.08591e-07
sel_slope_fsh_devs_m(1,1982)    -0.247149 -1.00693e-06
sel_slope_fsh_devs_m(1,1983)    -0.105726 -3.75996e-06
sel_slope_fsh_devs_m(1,1984)    0.0151194  -9.9194e-07
sel_slope_fsh_devs_m(1,1985)    0.0930114  5.10614e-07
sel_slope_fsh_devs_m(1,1986)     0.230871 -5.86007e-07
sel_slope_fsh_devs_m(1,1987)     0.297664  5.00494e-07
sel_slope_fsh_devs_m(1,1988)     0.265487 -3.01125e-07
sel_slope_fsh_devs_m(1,1989)     0.117023  1.02138e-06
sel_slope_fsh_devs_m(1,1990)    -0.103271   9.6085e-07
sel_slope_fsh_devs_m(1,1991)    -0.453424 -7.22596e-07
sel_slope_fsh_devs_m(1,1992)   -0.0315257  3.11246e-07
sel_slope_fsh_devs_m(1,1993)    -0.654534  8.47147e-07
sel_slope_fsh_devs_m(1,1994)    -0.392374 -5.57941e-07
sel_slope_fsh_devs_m(1,1995)    -0.239519 -1.16549e-06
sel_slope_fsh_devs_m(1,1996)    -0.120282 -2.48574e-07
sel_slope_fsh_devs_m(1,1997)     0.424491  1.04813e-06
sel_slope_fsh_devs_m(1,1998)    -0.375343  -1.3106e-06
sel_slope_fsh_devs_m(1,1999)    -0.433551  -6.8144e-07
sel_slope_fsh_devs_m(1,2000)    -0.178338  1.84565e-06
sel_slope_fsh_devs_m(1,2001)    -0.209098 -6.20596e-08
sel_slope_fsh_devs_m(1,2002)    0.0186541  9.33934e-07
sel_slope_fsh_devs_m(1,2003)     0.172012 -6.88064e-07
sel_slope_fsh_devs_m(1,2004)    -0.129444 -2.73599e-06
sel_slope_fsh_devs_m(1,2005)    -0.222613  1.49445e-06
sel_slope_fsh_devs_m(1,2006)    0.0910696 -5.93218e-07
sel_slope_fsh_devs_m(1,2007)    0.0440994 -1.05118e-06
sel_slope_fsh_devs_m(1,2008)   -0.0597936 -1.68697e-06
sel_slope_fsh_devs_m(1,2009)     -0.23889  5.51614e-06
sel_slope_fsh_devs_m(1,2010)    0.0115541 -7.39131e-07
sel_slope_fsh_devs_m(1,2011)    -0.169537 -2.98506e-07
sel_slope_fsh_devs_m(1,2012)     0.123372 -6.69038e-07
sel_slope_fsh_devs_m(1,2013)  0.000397825  6.26207e-07
sel_slope_fsh_devs_m(1,2014)    0.0721169 -3.35942e-07
sel_slope_fsh_devs_m(1,2015)    -0.092103  3.83043e-07
sel_slope_fsh_devs_m(1,2016)    -0.108851  1.28204e-06
sel_slope_fsh_devs_m(1,2017)    -0.062197  -1.4391e-07
sel_slope_fsh_devs_m(1,2018)   -0.0423206 -0.000162402
sel_slope_fsh_devs_m(1,2019)   -0.0581167 -0.000162964
sel_slope_fsh_devs_m(1,2020)   -0.0837312 -0.000146404
sel50_fsh_m(1)       8.3091 -5.08081e-05
sel50_fsh_devs_m(1,1954) -8.85493e-05  5.32873e-07
sel50_fsh_devs_m(1,1955) -9.20836e-05 -6.17119e-07
sel50_fsh_devs_m(1,1956) -0.000136446 -7.20786e-07
sel50_fsh_devs_m(1,1957) -0.000127617 -1.46397e-06
sel50_fsh_devs_m(1,1958) -0.000278636 -1.83908e-08
sel50_fsh_devs_m(1,1959)  -0.00187503 -4.25714e-06
sel50_fsh_devs_m(1,1960)  -0.00907771 -1.52486e-05
sel50_fsh_devs_m(1,1961)   -0.0268893 -6.63629e-05
sel50_fsh_devs_m(1,1962)   -0.0799999  0.000737503
sel50_fsh_devs_m(1,1963)   -0.0317982  2.75438e-05
sel50_fsh_devs_m(1,1964)    -0.784202  2.09107e-05
sel50_fsh_devs_m(1,1965)   -0.0120135 -7.51208e-05
sel50_fsh_devs_m(1,1966)    0.0432604 -0.000155063
sel50_fsh_devs_m(1,1967)     0.249326   4.5027e-05
sel50_fsh_devs_m(1,1968)     0.318597  3.77471e-05
sel50_fsh_devs_m(1,1969)    0.0351905 -4.72957e-06
sel50_fsh_devs_m(1,1970)    -0.171047 -1.03663e-05
sel50_fsh_devs_m(1,1971)    -0.176079  8.76291e-07
sel50_fsh_devs_m(1,1972)    -0.137465 -2.36467e-05
sel50_fsh_devs_m(1,1973)     0.268508 -2.45222e-06
sel50_fsh_devs_m(1,1974)    -0.195291 -7.68579e-06
sel50_fsh_devs_m(1,1975)    -0.125493  9.59084e-06
sel50_fsh_devs_m(1,1976)    0.0940226  3.05964e-05
sel50_fsh_devs_m(1,1977)    -0.018598  2.49502e-06
sel50_fsh_devs_m(1,1978)   0.00276914 -3.01143e-06
sel50_fsh_devs_m(1,1979)   -0.0449286 -3.07862e-06
sel50_fsh_devs_m(1,1980)     0.279189 -1.18055e-05
sel50_fsh_devs_m(1,1981)    0.0981744 -1.88571e-06
sel50_fsh_devs_m(1,1982)    -0.151077  3.32787e-06
sel50_fsh_devs_m(1,1983)    -0.160402  4.28021e-06
sel50_fsh_devs_m(1,1984)   -0.0737398  1.87647e-06
sel50_fsh_devs_m(1,1985)   -0.0838157  5.94708e-06
sel50_fsh_devs_m(1,1986)   -0.0980371   1.2048e-07
sel50_fsh_devs_m(1,1987)   -0.0322093   3.4927e-06
sel50_fsh_devs_m(1,1988)   -0.0111716  3.33391e-06
sel50_fsh_devs_m(1,1989)    0.0966377  7.60854e-06
sel50_fsh_devs_m(1,1990)    0.0775789 -4.88513e-07
sel50_fsh_devs_m(1,1991)   -0.0842248  3.69501e-06
sel50_fsh_devs_m(1,1992)   -0.0363755  2.06287e-06
sel50_fsh_devs_m(1,1993)     0.207247  7.20284e-06
sel50_fsh_devs_m(1,1994)     0.164209  4.14576e-07
sel50_fsh_devs_m(1,1995)     0.026225 -3.48453e-06
sel50_fsh_devs_m(1,1996)   -0.0146441 -3.47972e-06
sel50_fsh_devs_m(1,1997)   -0.0729686 -1.36987e-06
sel50_fsh_devs_m(1,1998)     0.168235 -3.52264e-06
sel50_fsh_devs_m(1,1999)     0.302379  6.50862e-06
sel50_fsh_devs_m(1,2000)      0.13616  2.95132e-06
sel50_fsh_devs_m(1,2001)     0.132244  3.33807e-06
sel50_fsh_devs_m(1,2002)     0.116793  5.67436e-06
sel50_fsh_devs_m(1,2003)    -0.018895  1.15284e-06
sel50_fsh_devs_m(1,2004)    0.0519125   1.1522e-06
sel50_fsh_devs_m(1,2005)   -0.0077364  3.12721e-06
sel50_fsh_devs_m(1,2006)     -0.07227  2.82132e-06
sel50_fsh_devs_m(1,2007)   -0.0893622  4.31436e-06
sel50_fsh_devs_m(1,2008)   -0.0589921  -1.1386e-06
sel50_fsh_devs_m(1,2009)    0.0628977  1.08209e-05
sel50_fsh_devs_m(1,2010)   -0.0790071 -4.03047e-06
sel50_fsh_devs_m(1,2011)   -0.0307469  5.68653e-07
sel50_fsh_devs_m(1,2012)    -0.113684 -7.13231e-07
sel50_fsh_devs_m(1,2013)   -0.0301345 -5.69703e-07
sel50_fsh_devs_m(1,2014)   0.00207198 -6.39094e-06
sel50_fsh_devs_m(1,2015)    0.0991424  5.19968e-06
sel50_fsh_devs_m(1,2016)    0.0614877  1.08446e-05
sel50_fsh_devs_m(1,2017)   0.00728384 -3.52398e-06
sel50_fsh_devs_m(1,2018)    0.0342031  -0.00086993
sel50_fsh_devs_m(1,2019)   0.00631839 -0.000979915
sel50_fsh_devs_m(1,2020)  -0.00708985 -0.000883554
sel_slope_srv(1)       1.6318  7.63635e-07
sel50_srv(1)       4.6943  3.27669e-06
R_logalpha     -4.26679  2.31168e-06
R_logbeta     -6.42992  -6.8622e-06
log_msy_sel_f(1)     -8.56804 -1.75528e-05
log_msy_sel_f(2)     -7.33734 -1.36855e-05
log_msy_sel_f(3)     -6.10779 -9.05788e-06
log_msy_sel_f(4)     -4.88208 -4.50691e-06
log_msy_sel_f(5)     -3.66938  1.58041e-07
log_msy_sel_f(6)     -2.49958  4.86574e-06
log_msy_sel_f(7)     -1.45589  7.53567e-06
log_msy_sel_f(8)    -0.684783  6.80044e-06
log_msy_sel_f(9)    -0.261554  3.36858e-06
log_msy_sel_f(10)   -0.0874353 -2.41484e-07
log_msy_sel_f(11)   -0.0275963 -9.28074e-07
log_msy_sel_f(12)  -0.00855917 -1.55131e-07
log_msy_sel_f(13)  -0.00264833 -1.07485e-06
log_msy_sel_f(14) -0.000821371 -1.20873e-07
log_msy_sel_f(15) -0.000255666  7.40681e-07
log_msy_sel_f(16) -7.98798e-05  2.57378e-08
log_msy_sel_f(17) -2.50423e-05    1.446e-06
log_msy_sel_f(18) -2.50502e-05 -1.71236e-06
log_msy_sel_f(19) -2.50248e-05  8.43848e-06
log_msy_sel_f(20) -2.50682e-05 -8.92311e-06
log_msy_sel_m(1)     -8.80561 -1.58228e-06
log_msy_sel_m(2)     -7.61697 -1.09173e-06
log_msy_sel_m(3)     -6.42914 -7.00568e-06
log_msy_sel_m(4)     -5.24393 -5.21292e-06
log_msy_sel_m(5)     -4.06722 -9.15377e-06
log_msy_sel_m(6)     -2.91735 -1.08371e-05
log_msy_sel_m(7)     -1.84635 -1.22863e-05
log_msy_sel_m(8)    -0.967034 -8.39593e-06
log_msy_sel_m(9)    -0.403944 -3.08253e-06
log_msy_sel_m(10)    -0.141157 -8.93873e-07
log_msy_sel_m(11)   -0.0450713 -2.37805e-07
log_msy_sel_m(12)    -0.013917  4.06188e-07
log_msy_sel_m(13)  -0.00425186 -5.35831e-07
log_msy_sel_m(14)  -0.00129512 -2.24948e-08
log_msy_sel_m(15) -0.000394249  7.99226e-07
log_msy_sel_m(16) -0.000120029 -4.05371e-07
log_msy_sel_m(17) -3.65264e-05  1.09207e-05
log_msy_sel_m(18) -3.65619e-05  -3.2761e-06
log_msy_sel_m(19) -3.65557e-05 -7.96149e-07
log_msy_sel_m(20) -3.65663e-05 -5.02276e-06
rec_dev_future(2021)            0            0
rec_dev_future(2022)            0            0
rec_dev_future(2023)            0            0
rec_dev_future(2024)            0            0
rec_dev_future(2025)            0            0
rec_dev_future(2026)            0            0
rec_dev_future(2027)            0            0
rec_dev_future(2028)            0            0
rec_dev_future(2029)            0            0
rec_dev_future(2030)            0            0
