log-posterior
-1345.42
-1505.61
-1556.21
-1566.44
-1558.44
-1565.5
-1585.14
-1591.69
-1593.43
-1609.73
-1584.29
-1596.17
-1579.14
-1585.59
-1586.74
-1596.09
-1599.64
-1595.13
-1613.93
-1612.72
-1595.24
-1573.84
-1587.3
-1580.12
-1576.14
-1586.04
-1583.75
-1602.93
-1617.9
-1621.44
-1611.08
-1604.64
-1619.88
-1604.49
-1596.45
-1604.54
-1586.81
-1596.09
-1594.92
-1617.05
-1597.84
-1600.77
-1617.04
-1606.59
-1593.3
-1586.38
-1596.33
-1577.17
-1563.96
-1605.04
-1597.92
-1593.11
-1612.66
-1590.94
-1577.98
-1598.32
-1577.84
-1602.22
-1572.98
-1583.48
-1564.41
-1582.07
-1608.67
-1626.11
-1623.35
-1580.22
-1603.22
-1605.48
-1597.07
-1606.16
-1592.13
-1581.99
-1587.8
-1583.13
-1581.38
-1566.65
-1594.65
-1586.03
-1593.53
-1604.21
-1587.6
-1599.4
-1582.96
-1604.95
-1600.88
-1597.99
-1592.76
-1567.03
-1577.78
-1602.42
-1606.36
-1619.79
-1600.7
-1586.14
-1605.37
-1596.66
-1592.45
-1589.19
-1585.72
-1599.83
-1613.29
-1590.34
-1582.5
-1594.58
-1574.96
-1583.08
-1568.52
-1595.52
-1612.97
-1591.35
-1587.99
-1585.86
-1590.21
-1622.98
-1644.55
-1625.71
-1641.07
-1614.82
-1625.96
-1624.66
-1601.23
-1586.52
-1596.74
-1602.01
-1595.85
-1611.53
-1602.95
-1611.96
-1597.39
-1607.79
-1611.83
-1625.68
-1604.84
-1595.56
-1613.83
-1623.84
-1604.98
-1606.7
-1589.38
-1591.72
-1602.83
-1608.67
-1606.96
-1615.46
-1617.8
-1586.36
-1592.75
-1585.68
-1596.34
-1608.52
-1628.57
-1604.79
-1603.98
-1612.17
-1606.44
-1613.46
-1586.84
-1597.7
-1591.42
-1578.7
-1590.18
-1604.32
-1593.62
-1590.76
-1581.71
-1595.42
-1581.03
-1595.21
-1597.29
-1603.24
-1605.91
-1603.44
-1596.69
-1594.71
-1616.35
-1612.47
-1610.39
-1599.62
-1614.47
-1597.75
-1580.22
-1603.44
-1627.84
-1596.81
-1612.12
-1619.59
-1606.5
-1637.22
-1603.73
-1622.9
-1596.63
-1618.75
-1618.85
-1599.4
-1593.59
-1580.7
-1580.59
-1584.15
-1607.79
-1600.68
-1596.52
-1607.84
-1616.97
-1605.71
-1606.03
-1610.15
-1627.65
-1591.76
-1592.4
-1600.82
-1624.6
-1598.07
-1620.66
-1610.12
-1609.26
-1627.96
-1611.35
-1637.41
-1606.95
-1597.65
-1592.32
-1600.47
-1605.67
-1593.5
-1594.92
-1583.79
-1593.86
-1580.59
-1582.77
-1565.05
-1579.13
-1624.53
-1611.83
-1618.96
-1618.1
-1581.6
-1610.68
-1610.71
-1607.39
-1610.62
-1611.34
-1616.57
-1596.13
-1604.21
-1585.26
-1596.44
-1595.11
-1586.4
-1613.03
-1593.33
-1608.53
-1568.76
-1587.67
-1599.05
-1605.7
-1610.97
-1610.24
-1612.57
-1601.33
-1605.64
-1596.63
-1599.23
-1606.3
-1582.35
-1569.83
-1562.15
-1576.09
-1577.58
-1589.27
-1581.28
-1582.52
-1582.14
-1589.74
-1587.83
-1564.35
-1573.34
-1570.02
-1571.18
-1591.25
-1599.58
-1592.82
-1613.64
-1603.49
-1588.11
-1596.83
-1586.49
-1573.91
-1574.13
-1579.19
-1599.9
-1595.27
-1583.24
-1573.37
-1597.67
-1589.51
-1601.85
-1615.17
-1611.51
-1638.85
-1649.16
-1624.33
-1613.62
-1617.09
-1625.43
-1629.44
-1625.55
-1612.63
-1627.18
-1625.2
-1610.17
-1603.23
-1605.91
-1602.19
-1605.16
-1588.03
-1588.96
-1599.42
-1597.63
-1597.13
-1594.57
-1587.98
-1598.63
-1586.68
-1581.24
-1585.28
-1584.07
-1599.92
-1589.37
-1586.93
-1594.8
-1586.94
-1597.82
-1602.28
-1602.75
-1608.75
-1615.29
-1602.44
-1578
-1565.13
-1570.73
-1576.96
-1576.21
-1578.91
-1583.61
-1589.8
-1581.64
-1593
-1590.51
-1590.61
-1603.9
-1590.52
-1594.63
-1588.17
-1575.19
-1584.71
-1589.45
-1595.08
-1601.65
-1606.8
-1604.14
-1602.1
-1595.17
-1583.57
-1576.74
-1582.91
-1593.99
-1584.74
-1572.6
-1578.83
-1576.37
-1595.8
-1589.73
-1597.23
-1605.27
-1601.03
-1601.66
-1587.94
-1595.03
-1601.54
-1585.19
-1587.14
-1593.64
-1585.92
-1575.77
-1569.55
-1561.23
-1588.02
-1592.83
-1585.75
-1581.82
-1575.92
-1559.79
-1586.31
-1586.75
-1594
-1564.61
-1596.75
-1583.69
-1580.68
-1594.76
-1612.88
-1628.39
-1638.08
-1620.77
-1612.01
-1617.52
-1579.4
-1595.3
-1612
-1585.81
-1582.13
-1607.5
-1602.44
-1615.99
-1620.07
-1615.63
-1603.09
-1581.89
-1601.26
-1594.21
-1590.69
-1616.29
-1603.95
-1604.63
-1597.44
-1581.27
-1585.95
-1593.05
-1580.98
-1583.9
-1603.87
-1612.52
-1596.59
-1607.51
-1614.33
-1610.34
-1614.71
-1597.54
-1590.35
-1613.39
-1617.06
-1608.01
-1605.89
-1634.06
-1630.52
-1612.41
-1615.07
-1608.66
-1591.1
-1576.5
-1580.74
-1562.21
-1581.03
-1581.07
-1591.38
-1601.43
-1609.92
-1602.01
-1594.58
-1600.56
-1610.38
-1620.62
-1613.95
-1597.46
-1587.64
-1577.4
-1572.71
-1586
-1585.36
-1600.76
-1601.96
-1612.15
-1600.28
-1617.6
-1626.4
-1630.05
-1622.72
-1616.97
-1597.78
-1604.89
-1615.13
-1600.99
-1617.65
-1608.2
-1582.45
-1570.48
-1576.86
-1559.39
-1570.8
-1580.19
-1595.11
-1603.29
-1606.61
-1613
-1603.23
-1598.63
-1581.23
-1584.84
-1586.34
-1586.05
-1606.09
-1604.48
-1623.08
-1624.52
-1605.57
-1614.15
-1600.58
-1599.69
-1599.53
-1606.79
-1597.29
-1617.32
-1624.13
-1616.84
-1596.02
-1589.06
-1594.04
-1602.68
-1581.77
-1581.18
-1571.75
-1584.29
-1572.36
-1573.88
