# Number of parameters = 494 Objective function value = 1279.96868883005  Maximum gradient component = 0.000104161650964299
# ln_q_srv:
 -0.0717680000000000
# natmort_f:
0.120000000000
# natmort_m:
0.138963061572
# Linf_f:
38.0340000000
# K_f:
0.137000000000
# t0_f:
0.297000000000
# Linf_m:
34.0300000000
# K_m:
0.161000000000
# t0_m:
0.515000000000
# age_incr:
 0.00000000000 0.00000000000 0.00000000000 0.00000000000 0.00000000000 0.00000000000 0.00000000000 0.00000000000 0.00000000000 0.00000000000 0.00000000000
# yr_incr:
 0.00000000000 0.00000000000 0.00000000000 0.00000000000 0.00000000000 0.00000000000 0.00000000000 0.00000000000 0.00000000000 0.00000000000 0.00000000000 0.00000000000 0.00000000000 0.00000000000 0.00000000000 0.00000000000 0.00000000000 0.00000000000 0.00000000000 0.00000000000 0.00000000000 0.00000000000 0.00000000000 0.00000000000 0.00000000000 0.00000000000 0.00000000000 0.00000000000 0.00000000000 0.00000000000 0.00000000000 0.00000000000 0.00000000000 0.00000000000 0.00000000000 0.00000000000 0.00000000000 0.00000000000 0.00000000000 0.00000000000 0.00000000000 0.00000000000 0.00000000000 0.00000000000 0.00000000000 0.00000000000 0.00000000000 0.00000000000 0.00000000000 0.00000000000 0.00000000000 0.00000000000 0.00000000000 0.00000000000 0.00000000000 0.00000000000 0.00000000000 0.00000000000 0.00000000000 0.00000000000 0.00000000000 0.00000000000 0.00000000000 0.00000000000
# growth_alpha:
0.380000000000
# q_alpha:
 -0.259551663229
# q_beta[1]:
 0.0589637777560 0.00932705290452 -0.0106123610492
# mean_log_rec:
0.999298378778
# rec_dev:
 -0.272780472546 -0.489580229173 -0.723614340436 0.398170286625 -0.0172174735174 -0.324792866940 -0.392687876049 -0.923112533092 -0.269800612263 -0.907299334505 -0.985506666254 -0.710743106786 -0.662390222473 0.0995857427481 0.546732293277 0.583220239821 0.864129736165 0.972026261931 0.729704833884 0.362822954504 0.650695946234 0.817064625868 0.385950694062 0.600796563751 0.187681986049 -0.265790935524 0.402746408712 0.108172556832 1.18984516192 -0.584984554633 0.958024208807 -0.142699125733 -0.395976697235 -0.0398921079546 0.288173726157 0.333385446676 -0.439395074670 -0.304507772450 0.492845473389 -0.0589390039541 -0.215462749013 -0.215802275438 0.691648611857 -0.180263103027 -0.350053241946 -0.138100641174 0.209251888355 -0.202406030754 0.0939188533032 0.0713118140352 0.529353741526 -0.340110360065 -0.216549024472 -0.0515188645026 -0.119797508390 0.0229723616197 0.365282873567 -0.715364577975 -1.35270039279 -0.419898925719 0.000347961046760 0.410390908280 0.190955362323 -0.116180211224 -0.0112905651588
# mean_log_init:
-0.606223300205
# init_dev_m:
 0.467924597155 0.0998228632482 0.00796613096128 -0.0136566042911 -0.0373602872948 -0.0463076536692 -0.0496652319699 -0.0539653547620 -0.0569786957559 -0.0592291121588 -0.0620119644885 -0.0643468693563 -0.0658156959724 -0.0664495601254 -0.0666817902495 -0.0668256913595 -0.0669386656355 -0.0670012940641 -0.0670422203721
# init_dev_f:
 0.979414024909 0.233197755753 0.0498623975283 0.00823226669191 -0.0366785154652 -0.0487759180519 -0.0520706640436 -0.0565325755261 -0.0596694862531 -0.0620046064181 -0.0649061853294 -0.0673351310189 -0.0688554766809 -0.0695068312973 -0.0697432972328 -0.0698890519511 -0.0700030240546 -0.0700659202676 -0.0701068251168
# log_avg_fmort:
 -2.45103064892
# fmort_dev:
 -2.60996672410 -2.42782737960 -1.86904560208 -1.84157848021 -1.17598193846 0.378542597763 1.58876545330 2.47503207199 4.04493389323 1.42123300622 1.19266655953 1.09267270140 1.53256507637 1.84419577212 1.47926285217 3.63126017726 2.20745166294 1.97145278115 1.29334519178 1.57478030855 0.400379628838 0.281407275335 0.248109693312 -0.517539661021 0.140491439271 -0.410559463248 -0.306997482283 -0.545658236806 -0.823107088815 -0.796663799186 -0.355124808570 0.0328739598665 -0.0554810812095 -0.0755102026921 0.150453563250 -0.147569203527 -0.867367790277 -0.658468833221 -0.525072022612 -0.630048508207 -0.367305006219 -0.495269161911 -0.550719607754 -0.0504527672135 -0.455974608294 -0.791274308030 -0.655033141633 -0.941986798157 -0.781739745298 -0.925775967143 -0.999574585430 -0.822403125633 -0.795152574079 -0.510153875592 -0.271500398856 -0.662225645759 -0.542545337407 -0.277435906802 -0.271975879744 -0.131133463981 -0.109528524486 -0.247958509067 -0.176034733672 -0.238928772131 -0.270225002675
# sel_slope_fsh_f:
 1.19669467114
# sel50_fsh_f:
 8.73203983579
# sel_slope_fsh_devs_f:
 1.60799424718e-05 7.38281412529e-05 0.000322628563557 0.000673809919588 0.00218350611709 0.0131207560718 0.0443902214346 0.101021645439 0.208057712162 0.00465210430423 0.383054499835 0.0862868912848 0.0847645227372 0.313487179710 0.0368333227295 -0.0835953739570 0.298302124748 1.04420894711 1.09328289537 0.145892081907 0.214165116267 0.268261636922 -0.0786173630398 -0.491847863561 -0.0299358286393 -0.0988680282832 -0.499604112620 -0.394489516224 -0.173431510283 -0.0135101209498 -0.0782305881641 -0.134950633057 0.207223819816 -0.157292808870 0.0711831525317 0.0698425283123 0.115132090621 -0.650692323649 -0.107608099527 -0.462704817081 0.108727951662 0.0246751323384 0.203149338457 -0.209880503764 -0.0405389826788 -0.101082821338 0.0475502221946 -0.146804375812 -0.0276054261929 -0.0470504872906 -0.109103941171 -0.284150394727 0.0750601157888 -0.265158724716 0.0287744600723 0.241920713544 -0.0717530024143 -0.0332853709941 -0.228739840533 0.0331650420517 0.0465707144648 -0.168340546132 -0.109579633939 -0.282447139035 -0.0351255866731
# sel50_fsh_devs_f:
 -8.48886238831e-05 -5.36312152342e-05 0.000104006417885 0.000561003006867 0.00279100095162 0.0246609469741 0.106012351372 0.235487574797 0.428381975461 -0.0891920365196 -0.0613063312270 0.121755903248 0.0241733311119 -0.122520868730 0.260386123372 0.541108198000 0.212192521129 -0.286134160376 0.164104673925 0.0779654683380 -0.240571966851 -0.0676902297626 0.0446877471410 -0.153521047786 -0.106688346483 -0.105006251757 0.0368356231821 -0.0284868726298 -0.123807634490 -0.211521009218 -0.0765372541519 -0.0402189980680 -0.124532428245 0.0585666917143 0.00712195665870 0.0710238058631 0.00257492769915 0.110069984203 -0.0630892547610 0.0573273601751 -0.0318133029328 -0.0991491899202 -0.0851604074495 0.00684137877345 -0.0311320497807 0.0633244220474 0.0158218674876 0.00485547076568 0.0707061890313 -0.0273575188443 -0.0169561940501 -0.0411448706322 -0.175326668781 0.00656578099227 -0.145363966735 -0.120331112388 -0.0911560072639 -0.0773671770805 -0.0178744156267 -0.00593292843128 0.0212094157552 0.0951145402621 0.0189304433113 0.0136593497886 -0.0378930483328
# sel_slope_fsh_m:
 1.36446213537
# male_sel_offset:
0.00000000000
# sel_slope_fsh_devs_m:
 -9.85122109842e-06 -9.66002254099e-06 -1.77375711923e-05 -2.69390286132e-05 -7.85522769400e-05 -0.000715709013694 -0.00375848747499 -0.0110086329350 -0.0587743605204 -0.0213633577284 1.13537350397 0.464270294280 0.0653599454357 0.296378994284 0.204853563351 0.288668551761 0.618512241199 0.354046896634 0.458483998265 0.632844047690 0.126063743642 0.309389762945 -0.139323521035 0.0816682684333 -0.272673458274 -0.188296468976 -0.818378640070 -0.671926735290 -0.265247700678 -0.0974317608520 -0.00207194178822 0.0606453932100 0.203023636793 0.276244549727 0.250465337681 0.140413518505 -0.0787519122077 -0.487003127870 -0.0447064049746 -0.643277811595 -0.352313709494 -0.225944003331 -0.0776340424184 0.381435116706 -0.325203763478 -0.401885478281 -0.144515852831 -0.201786323398 0.0248930712373 0.158940345202 -0.144074859900 -0.224209093377 0.0801646335274 -0.000154065397913 -0.0719089007832 -0.203396290493 0.0422756016901 -0.156678975523 0.0818622605459 -0.0403250578088 0.0344718919735 -0.120588485997 -0.165070737414 -0.0719358214620 -0.0382699658155
# sel50_fsh_m:
 8.20873870803
# sel50_fsh_devs_m:
 -6.79140375777e-05 -7.08937841196e-05 -0.000104652361490 -9.75954159781e-05 -0.000209281941530 -0.00139328544863 -0.00697660907177 -0.0214335497216 -0.0778097686871 -0.0408076536322 -0.768266845493 -0.000296510565120 0.231640707578 0.254675894118 -0.0161004458943 0.126181564206 -0.156443383352 -0.0672572911388 -0.117755243099 -0.105381216625 0.268809822198 -0.113436317971 0.100508380691 -0.00639739180779 0.00806609661726 -0.0454729769527 0.271623711924 0.0779222775469 -0.159350116359 -0.173814499521 -0.0796557008793 -0.0879161820495 -0.103936605865 -0.0347041442555 -0.0129382106342 0.0884101397281 0.0661721311125 -0.0857052102574 -0.0389071577092 0.182414263866 0.141405805370 0.0157242622752 -0.0316578691380 -0.0651869153201 0.140096091313 0.278678435840 0.122146757695 0.122222487156 0.113905486706 -0.0115876210492 0.0532915598539 -0.0143769612225 -0.0718998014117 -0.0845469416749 -0.0666511749513 0.0419538614655 -0.0865118306673 -0.0380635686125 -0.101488344979 -0.0226088088734 0.00894679359808 0.103171933994 0.0671093638976 0.00488190586093 0.0273268534920
# sel_slope_srv:
 1.59657220056
# sel50_srv:
 4.98066221594
# sel_slope_srv_m:
 0.00000000000
# sel50_srv_m:
 0.00000000000
# F40:
 0.120000000000
# F35:
 0.160000000000
# F30:
 0.210000000000
# R_logalpha:
-4.35534816699
# R_logbeta:
-6.56842169691
# sigmaR:
0.600000000000
# wt_fsh_fut_f:
 6.00000000000 8.00000000000 20.0000000000 31.0000000000 55.0000000000 133.000000000 252.000000000 235.000000000 250.000000000 353.000000000 405.000000000 471.000000000 438.000000000 448.000000000 519.000000000 489.000000000 497.000000000 582.000000000 533.000000000 569.000000000
# wt_fsh_fut_m:
 0.00000000000 4.00000000000 15.0000000000 34.0000000000 60.0000000000 134.000000000 222.000000000 185.000000000 243.000000000 271.000000000 341.000000000 339.000000000 371.000000000 411.000000000 418.000000000 441.000000000 415.000000000 455.000000000 477.000000000 442.000000000
# wt_pop_fut_f:
 6.00000000000 8.00000000000 22.0000000000 39.0000000000 88.0000000000 111.000000000 163.000000000 236.000000000 248.000000000 346.000000000 421.000000000 447.000000000 504.000000000 478.000000000 542.000000000 606.000000000 586.000000000 571.000000000 717.000000000 677.000000000
# wt_pop_fut_m:
 4.00000000000 8.00000000000 23.0000000000 45.0000000000 89.0000000000 95.0000000000 161.000000000 178.000000000 221.000000000 276.000000000 316.000000000 403.000000000 384.000000000 435.000000000 421.000000000 386.000000000 424.000000000 431.000000000 548.000000000 484.000000000
# log_msy_sel_f:
 -8.03852276229 -6.99583392776 -5.95430147247 -4.91593553400 -3.88627964264 -2.88035513339 -1.93606051848 -1.13090888824 -0.559116007139 -0.239639047860 -0.0944076412009 -0.0359046346915 -0.0135308164878 -0.00510914625784 -0.00194093256638 -0.000742730661545 -0.000286298039412 -0.000286299381188 -0.000286300937079 -0.000286297741581
# log_msy_sel_m:
 -9.32283254191 -8.07645233670 -6.83062851045 -5.58672893953 -4.34947355521 -3.13480294506 -1.99234732855 -1.04173360969 -0.429697484546 -0.147098434373 -0.0458734765113 -0.0138417665867 -0.00414323533639 -0.00124076349406 -0.000372705606387 -0.000112375105376 -3.40083545666e-05 -3.40109862471e-05 -3.40112198021e-05 -3.40098201980e-05
# rec_dev_future:
 0.00000000000 0.00000000000 0.00000000000 0.00000000000 0.00000000000 0.00000000000 0.00000000000 0.00000000000 0.00000000000 0.00000000000
