#endyr_in
2022
#nages
20
#a_lw_f
0.0059
#b_lw_f
3.205
#a_lw_m
0.0091
#b_lw_m
3.068
#nfsh
1
#obs_catch
 12.562 14.69 24.697 24.145 44.153 185.321 456.103 553.742 420.703 85.81 111.777 53.81 102.353 162.228 84.189 167.134 133.079 160.399 47.856 78.24 42.235 64.69 56.221 58.373 138.433 99.019 87.391 97.301 95.712 108.385 159.526 227.107 208.597 181.428 223.156 153.165 83.97 117.303 145.386 105.81 140.05 124.752 129.66 182.814 101.155 69.234 84.07 63.578 74.986 79.806 75.511 94.385 99.16 120.964 148.894 107.513 118.624 151.158 147.187 164.944 156.772 126.937 135.324 132.22 131.496 128.051 133.799 108.788 127.713
#nyrs_fsh_age_c
 11
#nyrs_fsh_age_s
 44
#yrs_fsh_age_c
 1964 1965 1966 1967 1968 1969 1970 1971 1972 1973 1974
#yrs_fsh_age_s
 1975 1976 1977 1978 1979 1980 1981 1982 1983 1984 1985 1986 1987 1988 1989 1990 1991 1992 1993 1994 1995 1996 1997 1998 1999 2000 2001 2002 2003 2004 2005 2006 2007 2008 2009 2010 2011 2012 2013 2014 2015 2016 2017 2018 2019 2020 2021
#oac_fsh_c
 0 0 0 0.118147 0.200274 0.0511491 0.135509 0.237231 0.056408 0.0639723 0.0680066 0.0469707 0.0149125 0.00605144 0.00115265 0.000216123 0 0 0 0
 0 0 0 0 0.00040008 0.00630126 0.0225045 0.176835 0.354171 0.0882176 0.112222 0.124025 0.080016 0.0246049 0.0085017 0.00120024 0.0010002 0 0 0
 0 0 0 0 0 0.0018 0.032 0.0963 0.2171 0.343 0.0776 0.0809 0.0848 0.0492 0.0148 0.0013 0.0012 0 0 0
 0 0 0 0.0001 0.0001 0.0178 0.049 0.1279 0.1894 0.2082 0.2708 0.0375 0.0314 0.0317 0.0253 0.0093 0.0015 0 0 0
 0 0 0 0 0.0006 0.0033 0.071 0.0748 0.1691 0.1893 0.1898 0.1643 0.0492 0.028 0.0242 0.0164 0.0094 0.0062 0.0044 0
 0 0 0 0 0.00130013 0.010101 0.00840084 0.117612 0.115812 0.210921 0.19722 0.180018 0.0938094 0.0305031 0.0112011 0.00730073 0.00970097 0.00220022 0.00390039 0
 0 0 0 0 0.0005001 0.0247049 0.120524 0.176735 0.204441 0.0588118 0.0961192 0.132727 0.0817163 0.0935187 0.00610122 0.00410082 0 0 0 0
 0 0 0 0 0.00029997 0.0367963 0.238376 0.149385 0.147685 0.151385 0.0389961 0.0706929 0.0641936 0.0707929 0.0290971 0.00229977 0 0 0 0
 0 0 0 0.0002 0.0076 0.0648 0.1315 0.2045 0.0754 0.0495 0.3996 0.0274 0.0214 0.0139 0 0.0024 0 0 0.0018 0
 0 0 0 0 0.0064 0.0336 0.2127 0.2054 0.14 0.0911 0.094 0.0887 0.0672 0.0323 0.0164 0.0032 0.0077 0 0.0013 0
 0 0 0 0.0104589 0.0738528 0.117352 0.284401 0.253593 0.0669691 0.0577998 0.035121 0.0383182 0.0300294 0.0161864 0.00453576 0.00715938 0.00422448 0 0 0
#oac_fsh_s
 0 0 0 0 0.00666356 0.012909 0.047129 0.139821 0.0939928 0.0547293 0.0222744 0.0218566 0.019831 0.00301373 0.00683328 0.00325838 0.00206475 0 0 0.000311381 0 0 0 0 0.00566625 0.0469953 0.0942636 0.237398 0.123943 0.0198541 0.009104 0.00518254 0.0168531 0.00152021 0.00266531 0.00171024 0.000155476 0 0 0
 0 0 4.37e-05 8.74e-05 0.0100472 0.0412527 0.0366932 0.0668625 0.172109 0.100102 0.0666315 0.0127044 0.00545106 0.00338733 0.00844961 0.0036744 0.00121315 0.00108834 0.0002621 0.000606575 0 0 0 0 0.00724936 0.0208946 0.0549888 0.0445175 0.1396 0.114664 0.0352277 0.0205977 0.0206627 0.00249966 0.00688499 0.000708642 0.000436834 0.000227154 0.000174734 0
 0 0.000842689 0.00187942 0.029733 0.0446464 0.0842922 0.0663113 0.160199 0.106405 0.0238372 0.00925893 0.00690681 0.00164438 0.000608572 0.000571561 0.000303226 0.000301714 7.61e-05 6.22e-05 0 0 0 0 0.000694981 0.00183309 0.0101871 0.0344401 0.0816946 0.074429 0.115935 0.0903992 0.0356908 0.00739169 0.00373723 0.00438642 0.000853777 0.00014553 0.00017955 2.27e-05 0.00010017
 0 0 0 0.00145558 0.0138006 0.0124169 0.0542314 0.125302 0.119456 0.0934874 0.0941172 0.0321642 0.0146484 0.00702123 0.00349613 0.00174576 0.000817626 0.000758188 9.25e-05 0.000912441 0 0 1.71e-05 0.00104848 0.00677691 0.00981085 0.0522342 0.0866075 0.0664646 0.067903 0.0745604 0.0279504 0.0176598 0.00928024 0.00212263 0.00138183 0.000193694 6.09e-05 0 4.27e-06
 0 0 0 0.000429591 0.00925921 0.0358048 0.0254345 0.0686349 0.117792 0.122297 0.0777669 0.061458 0.0299388 0.0114721 0.00629308 0.00256011 0.00250384 0.000992888 0.000308966 0.000197112 0 0 8.07e-06 0.000415004 0.00656584 0.0254599 0.0301928 0.0596704 0.113372 0.0705381 0.0621479 0.0363654 0.0165077 0.00293671 0.001616 0.000825781 0.000226746 8.07e-06 0 0
 0 0 0 0.00126937 0.0073772 0.0449599 0.0634584 0.0384263 0.0614723 0.107321 0.102172 0.0687873 0.0712926 0.0433459 0.0213862 0.0131519 0.00783657 0.0060904 0.00541095 0.011306 0 0 0 0.000214682 0.00683075 0.0216663 0.0356202 0.0201953 0.0283409 0.0469489 0.0531429 0.0460345 0.0323535 0.0138163 0.00549484 0.00689967 0.00342429 0.00173894 0.00102956 0.00118405
 0 0 0 0.00473645 0.0134841 0.010163 0.0568331 0.0646945 0.0349895 0.0524264 0.0944082 0.10631 0.072017 0.0493987 0.015657 0.00891419 0.00248212 0.00208559 0.00102022 0.000973525 0 0 0 0.00728747 0.0140145 0.0146693 0.0434336 0.0371213 0.0323961 0.046852 0.0711593 0.0591346 0.0448646 0.0234567 0.010513 0.00201491 0.00217065 0.000250122 6.86e-05 0
 0 0 0.000151085 0.00187731 0.00810401 0.0227648 0.0269043 0.0737983 0.055269 0.0485215 0.0924929 0.0909057 0.0521012 0.0282311 0.0163694 0.00607414 0.000726219 0.000689738 0 0.000212047 0 0 0.000185018 0.00298013 0.0105232 0.0396088 0.0387013 0.0609405 0.0492052 0.0502529 0.0716969 0.0724254 0.0434219 0.0224424 0.00918654 0.0016591 0.00043606 0.000666437 0.000296442 0.000178952
 0 0 0 0.00186278 0.00624524 0.0144491 0.0657238 0.046928 0.0782055 0.0447307 0.0478318 0.0745562 0.0645677 0.0520751 0.0299784 0.0156761 0.00531605 0.00442354 0.00230982 0.000593102 0 0.000124542 0.000351648 0.00280429 0.00371149 0.0174694 0.0611665 0.0298828 0.0604467 0.0476716 0.0387982 0.0561049 0.0496637 0.0331098 0.0236384 0.0113709 0.0060584 0.000978021 0 0.00117582
 0 0 0 0 0.00163677 0.00821496 0.0285779 0.0376662 0.0511063 0.094122 0.0414825 0.0617437 0.0482948 0.0599832 0.0263714 0.0120179 0.0015803 0.0121502 0.00275383 0.000418929 0 0 0 0.000284633 0.00190194 0.010909 0.0136729 0.0629196 0.0355584 0.0801082 0.0369546 0.0490322 0.0541329 0.0970455 0.0420359 0.01666 0.00851332 0.000913747 0.00123644 0
 0 0 8.04e-06 0.000655611 0.00434221 0.0109309 0.0161082 0.023427 0.058415 0.0527529 0.0678079 0.0600698 0.0547655 0.0631577 0.0454724 0.0146366 0.00752966 0.00326425 0.00131377 0 0 0 0.000146237 0.000303053 0.00518708 0.00734138 0.0217091 0.0306406 0.0570963 0.0636979 0.0749501 0.0619464 0.0695272 0.0556577 0.0307646 0.0201816 0.0111591 0.00425294 0.000399928 0.000381547
 0 0 0.000186903 0.000168552 0.00298796 0.00698896 0.0323923 0.0314346 0.0395895 0.0919772 0.0672467 0.0607452 0.0438149 0.0311325 0.0375104 0.0280896 0.0185327 0.021806 0.0139233 0.00757912 0 0 0 0.00085638 0.00165901 0.00973457 0.0342391 0.0240202 0.052355 0.0597509 0.0447429 0.0404437 0.0430883 0.0231492 0.0391889 0.0420099 0.0203928 0.00866055 0.0121877 0.00741455
 0 0 0.000543501 0.00159564 0.00308754 0.00667853 0.0118318 0.029186 0.0185976 0.0376016 0.0495609 0.0547211 0.0605536 0.0476138 0.0266742 0.0291873 0.0241699 0.0284025 0.0190708 0.0139678 0 0 0.00043277 0.00132167 0.00372055 0.00368611 0.0161336 0.051986 0.035455 0.0456619 0.0439795 0.050565 0.0577747 0.0441465 0.0164145 0.0311729 0.038996 0.0223818 0.0281117 0.0450156
 0 0 7.87e-05 0.00125499 0.00527023 0.000625339 0.0182769 0.0281277 0.0686159 0.0213822 0.0383496 0.0546085 0.0367695 0.0627157 0.0529455 0.0230174 0.0240368 0.0347681 0.02067 0.04456 0 0 0 0.00250842 0.00553685 0.000774255 0.0255496 0.0351718 0.0855324 0.0239471 0.0373099 0.0427386 0.0235714 0.0497467 0.0355821 0.0133499 0.0156114 0.0142757 0.0167936 0.0359273
 0 0 0 0 0 0.00249413 0.00274324 0.0387209 0.0500923 0.0490742 0.0321247 0.034103 0.0547855 0.0248967 0.0500106 0.0491253 0.0259397 0.026973 0.0264744 0.0665766 0 0 0 0 0 0.0018423 0.00239929 0.0449326 0.0383461 0.0583862 0.0180811 0.0205747 0.0368172 0.0294743 0.028645 0.0308035 0.0187475 0.0206968 0.0438579 0.0722612
 0 0 0 0 0 0 0.0222141 0.00818889 0.132721 0.0447602 0.0688786 0.0455648 0.0202989 0.0186653 0.0104395 0.116923 0 0.0130255 0.0104395 0.0967085 0 0 0 0 0 0.000757363 0.0224878 0.00478956 0.119838 0.0173558 0.0412294 0.0190363 0.0246452 0.037984 0.00297685 0.0368375 0.0159774 0.0059537 0.010277 0.0310271
 0 9.81608e-05 0.00164826 0.00425105 0.0133004 0.00147001 0.0181133 0.0448357 0.00601872 0.0874447 0.0315921 0.03549 0.0103484 0.0297452 0.0295921 0.0248187 0.0232969 0.0248195 0.00758134 0.039874 0 0 0.00217513 0.00798388 0.0236113 0.00965555 0.021837 0.0732759 0.0110744 0.158258 0.0396849 0.0538408 0.0106593 0.0224173 0.0209131 0.0189572 0.024426 0.0105607 0.00642352 0.0499073
 0 0 0 0.00175305 0.00564783 0.00838233 0.00750416 0.0273293 0.0993453 0.0234039 0.153162 0.0463467 0.0377252 0.0143514 0.028709 0.0194988 0.0184993 0.0228869 0.0162061 0.0641094 0 0 0 0.00204306 0.00308781 0.00559284 0.00681899 0.0296859 0.0951591 0.0274975 0.125699 0.0212709 0.0182268 0.0146414 0.00557499 0.00830144 0.00731638 0.00809742 0.00398817 0.022138
 0 0 0 0 0.0142085 0.00896445 0.0185896 0.0131739 0.0197796 0.102096 0.00887605 0.133068 0.0337499 0.0390387 0.0237376 0.0337695 0.0199346 0.0340213 0.0323318 0.117034 0 0 0 0 0.00869746 0.00941215 0.0127392 0.00883808 0.0112453 0.0640663 0.0117068 0.0871736 0.0158321 0.0211263 0.0071038 0.0131234 0.0185722 0.00441294 0.0117634 0.0418132
 0 0 8.03346e-05 0 0.00124497 0.00187691 0.0107696 0.0431478 0.0110998 0.0323615 0.177673 0.00289993 0.128184 0.0130662 0.0453829 0.0234091 0.0117473 0.036034 0.0212568 0.103856 0 0 0 0.000466876 0.00450899 0.00367928 0.00479505 0.0171544 0.0179514 0.0152529 0.0821601 0.00556141 0.0762956 0.00984587 0.0295654 0.0102762 0.00920689 0.00825643 0.0111225 0.0298106
 0 0 0 0 0 0 0.0384841 0.0595625 0.0258669 0.0150375 0.0199575 0.11724 0.00252931 0.184657 0.0166492 0.0308049 0.0245985 0.0179554 0.0198489 0.0842895 0 0 0 0 0.00100934 0.00416812 0.0211984 0.0412544 0.0216889 0.0104618 0.0136856 0.0844262 0.00190538 0.0826673 0.00748466 0.0127908 0.00462097 0.00601054 0.00276362 0.0263822
 0 0 0 0 0 0 0.0109779 0.0587086 0.0638962 0.0177309 0.0216559 0.0308749 0.0722243 0.0168052 0.1148 0.0198392 0.0399995 0.00814943 0.0144637 0.102141 0 0 0 0 0 0.00378449 0.0156625 0.0613241 0.029919 0.0056022 0.00413607 0.0304469 0.111341 0.0294586 0.0548652 0.00242664 0.0122091 0.00459022 0.0110595 0.0309074
 0 0 0 0 0 0.0140536 0.010169 0.0126234 0.0630732 0.042389 0.0252156 0.0178304 0.0372454 0.0655196 0.0212292 0.0824435 0.0333506 0.00764104 0.00448354 0.0733794 0 0 0 0 0 0.00480813 0.00643961 0.0349925 0.106571 0.035722 0.0162876 0.015742 0.0279629 0.0798175 0.0154957 0.0770556 0.0150618 0.016252 0 0.0371457
 0 0 0 0 0.00165384 0.00731761 0.0260826 0.0223929 0.0333053 0.068645 0.0643289 0.0431083 0.0516645 0.0438721 0.0705921 0.0453712 0.0569107 0.025067 0.0335972 0.122177 0 0 0 0 0 0.00198931 0.0121415 0.0175208 0.0177059 0.0388601 0.0311449 0.0229879 0.00666179 0.0145737 0.0242808 0.00721127 0.022866 0.0122942 0.0102291 0.0434461
 0 0 0 0 0 0.00408878 0.012815 0.0279776 0.0309668 0.025191 0.0889098 0.0453529 0.0295348 0.0415891 0.0508634 0.0740567 0.0658622 0.0611247 0.028942 0.119316 0 0 0 0 0.000169652 0.00167532 0.00324382 0.0138109 0.00832792 0.0114128 0.0323125 0.0368574 0.0213848 0.016721 0.0241735 0.0309836 0.0184926 0.0268095 0.01249 0.0345436
 0 0 0 0 0.00483855 0.00229051 0.00446822 0.016495 0.0776179 0.0408208 0.0287597 0.0717233 0.0819528 0.0479226 0.0156582 0.0353489 0.054335 0.0277894 0.0342922 0.088237 0 0 0 0 0 0.00119906 0.00119906 0.0216799 0.0515603 0.0118564 0.0194751 0.0470454 0.0226061 0.0269477 0.0174725 0.0396031 0.0268001 0.0188209 0.0229037 0.0382805
 0 0 0 0 0.00210593 0.0147943 0.0133097 0.0203078 0.0415416 0.0694305 0.0463497 0.040124 0.0677998 0.0512593 0.0384913 0.0194897 0.0317509 0.0386646 0.0159942 0.093132 0 0 0 0 0 0 0.00878383 0.0254031 0.0198711 0.0469197 0.0316456 0.0215957 0.0308504 0.0339135 0.0351656 0.0255542 0.0170123 0.0363332 0.0164326 0.045974
 0 0 0 0 0 0.00125673 0.00899939 0.0205281 0.0303262 0.0373097 0.0662886 0.0462549 0.0377131 0.0484319 0.0525494 0.0246716 0.0263333 0.026736 0.0429491 0.125084 0 0 0.00012304 0.000398498 0 0 0.00429198 0.0192292 0.0219799 0.034818 0.0755243 0.0267373 0.0170934 0.046039 0.014647 0.0150559 0.00990194 0.0202563 0.0356597 0.0628128
 0 0 0 0 0 0.0132149 0.0048604 0.0570897 0.0493508 0.0268137 0.0451161 0.0858247 0.0367124 0.0225549 0.0197832 0.0288304 0.0207598 0.0193761 0.0154549 0.133436 0 0 0 0 0.00111992 0 0.0067108 0.0742177 0.0400042 0.0232975 0.0216759 0.0377386 0.0157746 0.016978 0.0262614 0.0223323 0.0186303 0.0129493 0.0220027 0.0811286
 0 0 0 0 0.00293035 0.00756126 0.0159285 0.00994727 0.104376 0.0450753 0.0300374 0.0217255 0.0457375 0.0188824 0.0133548 0.0434262 0.0249007 0.022119 0.00974261 0.120799 0 0 0 0 0 0.00628841 0.0063225 0.0172378 0.0883994 0.0176315 0.0169566 0.0216618 0.0387981 0.0150365 0.0108484 0.0208573 0.0351249 0.0158442 0.0150137 0.137435
 0 0 0 0 0.00896049 0.0153276 0.019328 0.0279425 0.0323397 0.0840397 0.0308848 0.034412 0.0361446 0.0572259 0.0300129 0.00630781 0.0107905 0.0323266 0.0171983 0.135153 0 0 0 0.0016466 0.000886017 0.0150663 0.0101288 0.0394131 0.0232387 0.0739036 0.020455 0.0194518 0.0255091 0.0345028 0.014791 0.00677015 0.014568 0.0167335 0.00913065 0.0954105
 0 0 0 0 0.00442394 0.0135573 0.0502398 0.041588 0.0298859 0.0327171 0.1288 0.0229761 0.00447385 0.0149204 0.0414277 0.0162333 0.0116788 0.0201554 0.0236055 0.0929138 0 0 0 0.000462639 0 0.00406296 0.0326947 0.0311125 0.0295829 0.0403588 0.0667232 0.0206656 0.0163673 0.024792 0.0393755 0.0140512 0.0277651 0.0217952 0.020085 0.0605083
 0 0 0 0 0.00152273 0.01674 0.0112777 0.0380869 0.0302749 0.0185509 0.0379579 0.0767155 0.0289164 0.0286434 0.0248374 0.0299903 0.0119855 0.0137511 0.0180702 0.103351 0 0 0 0.000671313 0.00499048 0.0122273 0.0164035 0.067062 0.0320092 0.0315985 0.0585131 0.069053 0.0280067 0.0190463 0.033738 0.0191248 0.0163791 0.019197 0.0164773 0.0648309
 0 0 0 0 0.00835661 0.0174154 0.0240995 0.0567778 0.0557362 0.0590265 0.0286171 0.0319268 0.070554 0.0369079 0.0191562 0.0247965 0.0331023 0.0166523 0.016902 0.0999866 0 0 0 0 0.00556482 0.0120247 0.0234385 0.0298427 0.0612469 0.0199216 0.0304553 0.0146079 0.0660946 0.012892 0.0194991 0.0136506 0.0177341 0.0121473 0.0113533 0.0495129
 0 0 0 0 0 0.0115751 0.0278441 0.0455312 0.078203 0.0761844 0.0376813 0.0568803 0.0405046 0.0485698 0.0320052 0.0237716 0.0207479 0.0287017 0.0197073 0.104374 0 0 0 0 2.70316e-05 0.0102834 0.0124967 0.0342249 0.024502 0.0412896 0.0231772 0.0119952 0.0197041 0.03609 0.0111846 0.0174495 0.0181105 0.0169299 0.0141133 0.0561407
 0 0 0 0 0 0.0110636 0.044922 0.0354868 0.0495997 0.0465112 0.0421195 0.0315957 0.039903 0.0409008 0.0543595 0.0262226 0.0223924 0.0248771 0.0203903 0.102633 0 0 0 0 0.00061603 0 0.0621638 0.0285217 0.0537352 0.0199909 0.0446855 0.0401605 0.0200811 0.0116471 0.0219412 0.0090715 0.00732797 0.0148879 0.0123031 0.0598897
 0 0 0 0 0 0.00617979 0.0259137 0.0582497 0.0426922 0.0523631 0.0415417 0.0639301 0.0319591 0.0297618 0.0304002 0.0411446 0.020142 0.0232155 0.0266871 0.0935653 0 0 0 0 0.000808441 0.011208 0.0156914 0.0663794 0.032005 0.0297171 0.0298153 0.0370523 0.013126 0.0115336 0.011752 0.0304678 0.021802 0.00703507 0.0149348 0.0789259
 0 0 0 0 0 0.00680659 0.024765 0.0322299 0.0474386 0.0410877 0.0440778 0.0149097 0.0449306 0.01873 0.00730448 0.0208494 0.0254441 0.00981151 0.0121311 0.0923263 0 0 0 0 0.00686811 0.00347496 0.0261206 0.0386246 0.0878651 0.042714 0.0327404 0.0316524 0.042969 0.0394237 0.010576 0.0161285 0.052121 0.0176073 0.0187854 0.0894865
 0 0 0 0 0 0.004527 0.00947412 0.0229246 0.0366142 0.0718001 0.053296 0.0525858 0.0398412 0.0435449 0.024435 0.0275267 0.0193382 0.0237511 0.016411 0.07928 0 0 0 0 0 0.0106737 0.0202528 0.0218592 0.0317446 0.0854938 0.0404047 0.0483334 0.0351185 0.0320636 0.026518 0.0112013 0.0211068 0.0227869 0.0166206 0.0504721
 0 0 0 0 0 0.00269867 0.00810417 0.0220529 0.0399985 0.0445236 0.0450651 0.0636655 0.0358704 0.0310958 0.0411466 0.0249268 0.0114535 0.019501 0.026905 0.113205 0 0 0 0 0.000808837 0.000889226 0.0170297 0.0377028 0.0269574 0.0360112 0.0604171 0.0248982 0.0362229 0.0419455 0.038073 0.0113362 0.00941335 0.0121977 0.0276102 0.0882738
 0 0 0 0 0 0.00411378 0.0111274 0.0220774 0.024947 0.0414116 0.0299758 0.0817882 0.0382222 0.0435498 0.034394 0.0389928 0.0190074 0.0134938 0.0154185 0.129779 0 0 0 0 0 0.00257726 0.0057587 0.0261606 0.0411039 0.0242914 0.0181958 0.0484887 0.0248869 0.0472672 0.0211769 0.0388699 0.0107397 0.00722631 0.014416 0.120542
 0 0 0 0 0 0 0.0197747 0.0422481 0.0445364 0.0365885 0.0409646 0.0316395 0.0616569 0.0284344 0.0219787 0.0125618 0.0306212 0.024488 0.0102693 0.138953 0 0 0 0 0 0 0.0246978 0.0265783 0.0320192 0.0449461 0.0413574 0.0168201 0.0471028 0.0270937 0.0224628 0.0115988 0.0253231 0.0164222 0.00917736 0.109686
 0 0 0 0.00188789 0.00248099 0.0023874 0.00989637 0.0638343 0.0401666 0.0356042 0.044438 0.0314202 0.0183386 0.050137 0.027619 0.0319287 0.0175656 0.0295186 0.0150155 0.123611 0 0 0 0 0 0.00155691 0.0113413 0.0581088 0.0549027 0.0369737 0.0315982 0.0174184 0.014779 0.0559854 0.0229292 0.0164606 0.0163865 0.0175298 0.00584722 0.092332
 0 0 0 0 0 0.00990447 0.00817598 0.0188514 0.0802103 0.0756983 0.044057 0.0301163 0.0387278 0.0428247 0.0425122 0.023553 0.0272425 0.0255869 0.0221786 0.116741 0 0 0 0 0.00166325 0.0033265 0.00407621 0.0143006 0.0815578 0.0424242 0.039641 0.0404319 0.00848476 0.019706 0.0202594 0.0146404 0.0146544 0.0106922 0.00861331 0.0691481
 0 0 0 0.00400825 0.00983102 0.00499211 0.0159478 0.00707032 0.032631 0.081963 0.0633931 0.0415313 0.0284087 0.0359728 0.0268974 0.0289598 0.0195791 0.0234284 0.0172383 0.106951 0 0 0 0 0.00330775 0.0045748 0.0155022 0.00645154 0.0337299 0.0620088 0.0412986 0.0207073 0.021827 0.0180628 0.0131783 0.0283888 0.0129856 0.00802628 0.00772587 0.072615
 0 0 0 0 0.00667431 0.0228987 0.0322434 0.0247438 0.010483 0.0485084 0.0924473 0.057821 0.0317238 0.0238179 0.0290568 0.0310741 0.0265211 0.0212037 0.0229233 0.0921654 0 0 0 0 0.0106664 0.0118872 0.0144385 0.0200479 0.0152087 0.0377735 0.0676964 0.0304462 0.0246481 0.00836825 0.0104456 0.0137444 0.0128366 0.0087135 0.00644448 0.0625374
 0 0 0 0 0.0166804 0.0402365 0.0506608 0.0128732 0.0301121 0.0218818 0.0347125 0.0666243 0.0420543 0.0377292 0.0218762 0.016021 0.0147264 0.0286799 0.0220176 0.10738 0 0 0 0.00146699 0.0137549 0.0240278 0.0297897 0.0201702 0.0178852 0.0135581 0.027636 0.0727153 0.0332664 0.0171375 0.00835854 0.0066923 0.0131064 0.00855997 0.00672275 0.0448156
#wt_fsh_in
 0 4 15 34 60 91 125 160 195 230 263 294 322 348 372 393 412 429 444 481 0 4 15 34 60 91 125 160 195 230 263 294 322 348 372 393 412 429 444 481
 0 4 15 34 60 91 125 160 195 230 263 294 322 348 372 393 412 429 444 481 0 4 15 34 60 91 125 160 195 230 263 294 322 348 372 393 412 429 444 481
 0 4 15 34 60 91 125 160 195 230 263 294 322 348 372 393 412 429 444 481 0 4 15 34 60 91 125 160 195 230 263 294 322 348 372 393 412 429 444 481
 0 4 15 34 60 91 125 160 195 230 263 294 322 348 372 393 412 429 444 481 0 4 15 34 60 91 125 160 195 230 263 294 322 348 372 393 412 429 444 481
 0 4 15 34 60 91 125 160 195 230 263 294 322 348 372 393 412 429 444 481 0 4 15 34 60 91 125 160 195 230 263 294 322 348 372 393 412 429 444 481
 0 4 15 34 60 91 125 160 195 230 263 294 322 348 372 393 412 429 444 481 0 4 15 34 60 91 125 160 195 230 263 294 322 348 372 393 412 429 444 481
 0 4 15 34 60 91 125 160 195 230 263 294 322 348 372 393 412 429 444 481 0 4 15 34 60 91 125 160 195 230 263 294 322 348 372 393 412 429 444 481
 0 4 15 34 60 91 125 160 195 230 263 294 322 348 372 393 412 429 444 481 0 4 15 34 60 91 125 160 195 230 263 294 322 348 372 393 412 429 444 481
 0 4 15 34 60 91 125 160 195 230 263 294 322 348 372 393 412 429 444 481 0 4 15 34 60 91 125 160 195 230 263 294 322 348 372 393 412 429 444 481
 0 4 15 34 60 91 125 160 195 230 263 294 322 348 372 393 412 429 444 481 0 4 15 34 60 91 125 160 195 230 263 294 322 348 372 393 412 429 444 481
 0 4 15 34 60 91 125 160 195 230 263 294 322 348 372 393 412 429 444 481 0 4 15 34 60 91 125 160 195 230 263 294 322 348 372 393 412 429 444 481
 0 4 15 34 60 91 125 160 195 230 263 294 322 348 372 393 412 429 444 481 0 4 15 34 60 91 125 160 195 230 263 294 322 348 372 393 412 429 444 481
 0 4 15 34 60 91 125 160 195 230 263 294 322 348 372 393 412 429 444 481 0 4 15 34 60 91 125 160 195 230 263 294 322 348 372 393 412 429 444 481
 0 4 15 34 60 91 125 160 195 230 263 294 322 348 372 393 412 429 444 481 0 4 15 34 60 91 125 160 195 230 263 294 322 348 372 393 412 429 444 481
 0 4 15 34 60 91 125 160 195 230 263 294 322 348 372 393 412 429 444 481 0 4 15 34 60 91 125 160 195 230 263 294 322 348 372 393 412 429 444 481
 0 4 15 34 60 91 125 160 195 230 263 294 322 348 372 393 412 429 444 481 0 4 15 34 60 91 125 160 195 230 263 294 322 348 372 393 412 429 444 481
 0 4 15 34 60 91 125 160 195 230 263 294 322 348 372 393 412 429 444 481 0 4 15 34 60 91 125 160 195 230 263 294 322 348 372 393 412 429 444 481
 0 4 15 34 60 91 125 160 195 230 263 294 322 348 372 393 412 429 444 481 0 4 15 34 60 91 125 160 195 230 263 294 322 348 372 393 412 429 444 481
 0 4 15 34 60 91 125 160 195 230 263 294 322 348 372 393 412 429 444 481 0 4 15 34 60 91 125 160 195 230 263 294 322 348 372 393 412 429 444 481
 0 4 15 34 60 91 125 160 195 230 263 294 322 348 372 393 412 429 444 481 0 4 15 34 60 91 125 160 195 230 263 294 322 348 372 393 412 429 444 481
 0 4 15 34 60 91 125 160 195 230 263 294 322 348 372 393 412 429 444 481 0 4 15 34 60 91 125 160 195 230 263 294 322 348 372 393 412 429 444 481
 6 8 20 31 55 84 124 165 217 266 301 341 374 407 428 443 480 483 499 590 4 14 18 32 54 85 120 156 193 225 253 280 303 324 330 344 355 366 390 423
 6 8 20 31 55 84 124 165 217 266 301 341 374 407 428 443 480 483 499 590 4 14 18 32 54 85 120 156 193 225 253 280 303 324 330 344 355 366 390 423
 6 8 20 31 55 84 124 165 217 266 301 341 374 407 428 443 480 483 499 590 4 14 18 32 54 85 120 156 193 225 253 280 303 324 330 344 355 366 390 423
 6 8 20 31 55 84 124 165 217 266 301 341 374 407 428 443 480 483 499 590 4 14 18 32 54 85 120 156 193 225 253 280 303 324 330 344 355 366 390 423
 6 8 20 31 55 84 124 165 217 266 301 341 374 407 428 443 480 483 499 590 4 14 18 32 54 85 120 156 193 225 253 280 303 324 330 344 355 366 390 423
 6 8 20 31 55 84 124 165 217 266 301 341 374 407 428 443 480 483 499 590 4 14 18 32 54 85 120 156 193 225 253 280 303 324 330 344 355 366 390 423
 6 8 20 31 55 84 124 165 217 266 301 341 374 407 428 443 480 483 499 590 4 14 18 32 54 85 120 156 193 225 253 280 303 324 330 344 355 366 390 423
 6 8 20 31 55 84 124 165 217 266 301 341 374 407 428 443 480 483 499 590 4 14 18 32 54 85 120 156 193 225 253 280 303 324 330 344 355 366 390 423
 6 8 20 31 55 84 124 165 217 266 301 341 374 407 428 443 480 483 499 590 4 14 18 32 54 85 120 156 193 225 253 280 303 324 330 344 355 366 390 423
 6 8 20 31 55 84 124 165 217 266 301 341 374 407 428 443 480 483 499 590 4 14 18 32 54 85 120 156 193 225 253 280 303 324 330 344 355 366 390 423
 6 8 20 31 55 84 124 165 217 266 301 341 374 407 428 443 480 483 499 590 4 14 18 32 54 85 120 156 193 225 253 280 303 324 330 344 355 366 390 423
 6 8 20 31 55 84 124 165 217 266 301 341 374 407 428 443 480 483 499 590 4 14 18 32 54 85 120 156 193 225 253 280 303 324 330 344 355 366 390 423
 6 8 20 31 55 84 124 165 217 266 301 341 374 407 428 443 480 483 499 590 4 14 18 32 54 85 120 156 193 225 253 280 303 324 330 344 355 366 390 423
 6 8 20 31 55 84 124 165 217 266 301 341 374 407 428 443 480 483 499 590 4 14 18 32 54 85 120 156 193 225 253 280 303 324 330 344 355 366 390 423
 6 8 20 31 55 84 124 165 217 266 301 341 374 407 428 443 480 483 499 590 4 14 18 32 54 85 120 156 193 225 253 280 303 324 330 344 355 366 390 423
 6 8 20 31 55 84 124 165 217 266 301 341 374 407 428 443 480 483 499 590 4 14 18 32 54 85 120 156 193 225 253 280 303 324 330 344 355 366 390 423
 6 8 20 31 55 84 171 241 316 315 346 404 409 458 430 457 584 524 481 549 4 14 18 32 54 85 160 210 216 264 279 321 321 339 341 360 377 474 386 383
 6 8 20 31 55 84 156 170 237 248 317 386 417 411 480 468 451 543 491 544 4 14 18 32 54 85 104 175 200 261 285 327 360 343 391 397 387 421 397 455
 6 8 20 31 55 84 176 205 234 279 323 343 348 417 431 437 460 440 472 510 4 14 18 32 54 85 147 194 191 242 292 281 310 345 330 396 362 396 365 405
 6 8 20 31 55 84 206 214 241 283 302 250 344 417 354 470 440 454 442 479 4 14 18 32 54 85 145 176 237 266 263 258 284 301 315 348 349 353 374 383
 6 8 20 31 55 84 123 182 222 210 316 292 271 373 412 426 438 478 459 509 4 14 18 32 54 85 126 152 197 197 293 267 290 310 363 334 346 368 454 375
 6 8 20 31 55 84 118 178 226 261 359 348 406 390 414 470 469 682 524 520 4 14 18 32 54 85 204 174 211 288 180 302 316 360 366 467 433 453 451 427
 6 8 20 31 55 84 141 142 214 260 270 281 374 368 357 410 443 467 563 502 4 14 18 32 54 85 134 155 202 202 249 245 303 325 358 331 419 404 402 399
 6 8 20 31 55 84 133 176 220 242 285 259 283 290 355 393 407 394 405 453 4 14 18 32 54 85 104 148 175 200 238 218 227 295 304 359 303 363 353 378
 6 8 20 31 55 84 173 216 213 264 305 307 329 333 371 398 418 448 403 480 4 14 18 32 54 85 129 194 168 226 257 271 284 277 309 331 344 342 340 412
 6 8 20 31 55 84 188 194 209 225 257 320 347 383 382 427 408 389 465 474 4 14 18 32 54 85 117 168 193 231 256 239 296 278 329 306 327 339 336 386
 6 8 20 31 55 84 206 215 253 274 316 320 344 379 397 354 394 410 460 454 4 14 18 32 54 85 199 200 210 221 255 252 289 288 291 273 318 357 369 337
 6 8 20 31 55 84 114 188 257 256 296 319 355 370 392 428 457 424 432 484 4 14 18 32 54 85 142 195 240 228 248 323 334 332 312 320 351 303 372 388
 6 8 20 31 55 84 174 181 267 292 363 370 405 453 465 459 501 511 485 542 4 14 18 32 54 85 153 176 214 249 301 319 327 347 354 361 361 421 381 429
 6 8 20 31 55 84 224 278 251 304 399 424 398 390 442 492 518 494 479 594 4 14 18 32 54 85 162 172 230 257 300 298 349 351 368 374 358 378 341 425
 6 8 20 31 55 84 193 296 281 280 331 390 439 449 495 528 497 493 503 628 4 14 18 32 54 85 183 199 238 254 313 303 367 358 328 370 419 395 370 448
 6 8 20 31 55 84 203 233 266 275 336 384 463 442 472 461 511 544 543 569 4 14 18 32 54 85 165 192 259 242 307 257 313 293 347 355 351 376 390 437
 6 8 20 31 55 84 217 197 268 277 331 328 394 427 466 522 471 563 576 590 4 14 18 32 54 85 201 218 228 273 287 286 313 322 359 372 374 404 403 434
 6 8 20 31 55 133 181 221 260 282 344 340 354 393 449 433 442 406 511 483 0 4 15 34 60 134 207 214 219 264 288 323 305 309 321 375 368 365 397 403
 6 8 20 31 55 133 195 313 397 382 373 379 453 420 417 470 454 562 475 638 0 4 15 34 60 134 160 193 247 253 260 312 335 337 339 368 354 414 364 404
 6 8 20 31 55 133 191 249 286 320 346 405 395 391 446 470 505 492 525 535 0 4 15 34 60 134 172 236 251 295 283 306 340 334 361 352 371 383 424 418
 6 8 20 31 55 133 226 223 274 336 374 391 439 431 418 461 456 441 475 551 0 4 15 34 60 134 200 206 250 278 282 330 341 396 351 376 363 398 396 410
 6 8 20 31 55 133 169 260 288 310 345 357 382 462 449 441 483 514 478 521 0 4 15 34 60 134 164 221 252 297 329 332 333 348 420 355 369 396 358 423
 6 8 20 31 55 133 200 316 273 329 376 377 396 423 463 488 536 485 515 569 0 4 15 34 60 134 172 213 254 289 308 310 363 390 328 404 372 384 386 450
 6 8 20 31 55 133 177 251 300 321 366 388 422 426 479 462 489 461 505 550 0 4 15 34 60 134 182 236 267 263 354 318 335 356 377 383 372 414 408 416
 6 8 20 31 55 133 194 275 287 355 412 413 448 465 466 500 481 490 542 562 0 4 15 34 60 134 169 249 266 317 353 359 350 362 384 393 378 504 403 422
 6 8 20 31 55 133 208 252 295 328 396 439 428 407 449 477 436 489 535 536 0 4 15 34 60 134 156 223 247 288 306 343 363 377 369 361 399 418 368 412
 6 8 20 31 55 133 170 217 277 362 368 450 470 461 437 472 530 529 574 545 0 4 15 34 60 134 178 210 246 307 343 358 365 376 380 395 417 429 414 429
 6 8 20 31 55 133 252 235 250 353 405 471 438 448 519 489 497 582 533 569 0 4 15 34 60 134 222 185 243 271 341 339 371 411 418 441 415 455 477 442
 6 8 20 31 55 133 216 266 286 317 371 425 432 487 539 512 518 543 552 566 0 4 15 34 60 134 190 213 221 277 286 324 401 364 468 403 415 427 419 432
 6 8 20 31 55 133 208 249 279 343 390 440 443 454 482 490 492 527 547 555 0 4 15 34 60 134 191 241 257 293 312 328 341 358 360 368 376 410 383 413
 6 8 19 35 192 220 278 286 317 378 395 425 449 484 525 501 531 561 607 606 0 8 20 35 186 218 252 236 292 310 327 357 374 396 371 408 370 428 503 473
 6 8 19 35 192 220 278 286 317 378 395 425 449 484 525 501 531 561 607 606 0 8 20 35 186 218 252 236 292 310 327 357 374 396 371 408 370 428 503 473
#nsmpl_fsh_c
 200 200 200 200 200 200 200 200 200 200 200
#nsmpl_fsh_s
 200 200 200 200 200 200 200 200 200 200 200 200 200 200 200 200 200 200 200 200 200 200 200 200 200 200 200 200 200 200 200 200 200 200 200 200 200 200 200 200 200 200 200 200 200 200 200
#nsrv
1
#nyrs_srv
 37
#yrs_srv
 1982 1983 1984 1985 1986 1987 1988 1989 1990 1991 1992 1993 1994 1995 1996 1997 1998 1999 2000 2001 2002 2003 2004 2005 2006 2007 2008 2009 2010 2011 2012 2013 2014 2015 2016 2017 2018 2019 2021 2022
#mo_srv
 7
#obs_srv
 3509.13 3672.42 3341.32 2398.08 2031.6 2530.21 2195.92 2329.42 2192.59 2406.53 2215.41 2484.91 2615.72 2026.89 2230.82 2176.54 2222.67 1266.42 1600.28 1690.56 1923.07 2171.73 2557.8 2840.25 2146.5 2168.04 2112.69 1752.06 2388.16 2422.5 1965.41 2295.21 2531.4 1946.3 2876.8 2805.16 1903.04 2017.62 1633.97 2039.97
#obs_se_srv
 291.225 206.262 186.901 157.388 153.941 196.59 210.587 174.478 151.564 140.864 197.674 159.754 173.856 145.391 196.21 130.018 141.482 92.1586 102.088 122.949 132.116 209.461 195.103 367.966 160.176 193.791 256.448 153.334 283 245.326 140.079 175.354 233.951 146.746 166.25 242.942 115.886 212.674 109.385 134.775
#nyrs_srv_age_c
 0
#nyrs_srv_age_s
 40
#yrs_srv_age_c

#yrs_srv_age_s
 1979 1980 1981 1982 1983 1984 1985 1986 1987 1988 1989 1990 1991 1992 1993 1994 1995 1996 1997 1998 1999 2000 2001 2002 2003 2004 2005 2006 2007 2008 2009 2010 2011 2012 2013 2014 2015 2016 2017 2018 2019 2021
#nsmpl_srv_c

#nsmpl_srv_s
 200 200 200 200 200 200 200 200 200 200 200 200 200 200 200 200 200 200 200 200 200 200 200 200 200 200 200 200 200 200 200 200 200 200 200 200 200 200 200 200 200 200
#oac_srv_c

#oac_srv_s
 0 0.0022272 0.0119039 0.015836 0.0468018 0.0651952 0.040843 0.0587061 0.0846845 0.0662308 0.0558742 0.0232111 0.0289605 0.00623183 0.00375282 0.00311567 0.000489755 0.000946578 0.00014186 0 0 0.00219953 0.0121772 0.015084 0.0412899 0.0403148 0.0320323 0.061687 0.0896005 0.0638676 0.0429614 0.0369053 0.0261051 0.0057294 0.00805423 0.00302783 0.00370331 0.000107619 0 0
 0 7.21e-05 0.00706671 0.0263998 0.0399363 0.0617006 0.0814198 0.0318911 0.0510207 0.0678904 0.050202 0.0590683 0.0219818 0.00872449 0.00253518 0.00174524 0.000428658 0.000977318 0.000166583 0.000173349 0 0.0015474 0.00604179 0.0235958 0.0488073 0.0658241 0.0942446 0.0352958 0.0430552 0.0475017 0.043829 0.0342802 0.0285611 0.0113655 0.001418 0.000631852 0.000513693 0 1.45e-05 7.22e-05
 0 0 0.00148699 0.0147004 0.0633896 0.052264 0.099843 0.0872913 0.0196924 0.0360238 0.056211 0.039804 0.0234885 0.0127092 0.00413182 0.00174832 0.00113998 0.000896568 0.0007097 0.000676265 0 0 0.00375629 0.0151277 0.079098 0.0483616 0.096737 0.0648558 0.029783 0.0280759 0.0412769 0.0403419 0.0201225 0.00500057 0.00624826 0.0041354 0.000492028 0 0 0.000380374
 0 0.00181777 0.00888508 0.0168765 0.0586538 0.0719057 0.0689535 0.0784234 0.0408442 0.0401292 0.04027 0.0340888 0.0198106 0.0119183 0.00771405 0.00246657 0.00163514 0.0012467 0.00109879 8.15e-05 0.000245943 0.00430531 0.00936348 0.0207328 0.0861869 0.0862402 0.0512857 0.0809929 0.0311647 0.0374972 0.0224438 0.0228153 0.0233504 0.014647 0.00038593 0.00114308 0.000348727 0 3.12e-05 0
 0 0 0.000281981 0.00347733 0.00911363 0.0444243 0.0836349 0.0499055 0.0630297 0.0553827 0.0445976 0.0683563 0.0512776 0.0174388 0.00947054 0.00357241 0.00161921 0.0012961 0 0.000277689 0 0 3.09e-05 0.003863 0.0108407 0.0428608 0.10237 0.0478374 0.0620666 0.040033 0.0413978 0.0427496 0.0334829 0.0251676 0.0325457 0.00455379 0.00268871 0.000355137 0 0
 0 0 0.00373006 0.0195703 0.0186206 0.0301103 0.052497 0.0592799 0.0783246 0.0760784 0.06633 0.0381525 0.0411105 0.0338499 0.0168481 0.0122571 0.00534097 0.00286222 0.000231216 0.000964 0 0 0.00475813 0.0173679 0.0227713 0.0350135 0.0517618 0.058476 0.0431551 0.0555124 0.0506311 0.0252247 0.0267026 0.0141722 0.0222417 0.00858168 0.00392682 0.000597985 0.00175185 0.00119582
 0 0 0.000307687 0.00995099 0.0417589 0.0554121 0.0383532 0.0596222 0.086414 0.0416394 0.0489227 0.0514784 0.0362659 0.0281093 0.0303074 0.0193625 0.00743553 0.00294296 0.00046146 0.00110183 0 0 0.00390426 0.0162526 0.0395641 0.05276 0.0248094 0.0615155 0.049793 0.0378628 0.0425396 0.0339936 0.0211023 0.0245458 0.0148056 0.0105543 0.00159265 0.00245863 0.000121661 0.00197779
 0 0 0.00097044 0.00300171 0.0275517 0.0439905 0.0839915 0.0351354 0.0723012 0.0654739 0.0475322 0.0357427 0.0400462 0.0247002 0.0315588 0.0171713 0.0193392 0.00750979 0.00331957 0.00250154 0 0 0.00158561 0.00597259 0.0136515 0.0470721 0.0821216 0.0329959 0.0411591 0.0357883 0.0422489 0.0266069 0.025821 0.0145037 0.0265227 0.0102894 0.0171626 0.00712583 0.00555208 0.0019822
 0 0 0 0.00683959 0.011694 0.0782815 0.0444623 0.081722 0.0250794 0.0362713 0.057764 0.0342385 0.0432156 0.0233236 0.025987 0.0237723 0.0173373 0.0163276 0.0184335 0.0140617 0 0 0.000455239 0.00396958 0.0103689 0.0815972 0.0454554 0.0651904 0.0428646 0.031503 0.0265626 0.0201835 0.0141309 0.010173 0.013612 0.0176791 0.0210476 0.0167057 0.0118945 0.00779567
 0 0 0 0.000697244 0.0374362 0.00710171 0.14819 0.0544532 0.0541378 0.0179152 0.0233115 0.0344582 0.0204142 0.0354119 0.0268004 0.0215357 0.0165674 0.0115726 0.0150076 0.0438435 0 0 0.000178782 0.00104142 0.0449455 0.00496192 0.118217 0.0551818 0.0441973 0.00846956 0.0186617 0.00276665 0.0177261 0.0335151 0.0188707 0.00276665 0.0115774 0.00973639 0.00992203 0.0284098
 0 0 0 0.00150818 0.0101354 0.074521 0.0242877 0.138661 0.0616251 0.0464301 0.00774387 0.0186541 0.0320298 0.0243844 0.0248003 0.0190893 0.00856217 0.00491559 0.0178391 0.0273636 0 0 0.000219614 0.00243265 0.0187771 0.0816313 0.0183447 0.135507 0.0532788 0.0370919 0.0140054 0.00517993 0.0107604 0.00556925 0.0212236 0.00368786 0.00398148 0.00403667 0.00759157 0.0341297
 0 0 0 0.00771603 0.0112595 0.0359526 0.117957 0.0212663 0.138892 0.0451055 0.0532513 0.0112009 0.00794534 0.0118719 0.0086406 0.0255254 0.0140157 0.00498147 0.00737872 0.0405228 0 0 0.00116626 0.00525516 0.01337 0.0350743 0.0983735 0.0215734 0.126632 0.0351755 0.0291546 0.00439336 0.00718734 0.00738017 0.00265165 0.00603677 0.00805531 0.010819 0.00681022 0.0174083
 0 0 0.00100923 0.0133362 0.0260353 0.0128856 0.0424771 0.093876 0.0157705 0.132273 0.0222892 0.0549879 0.00656901 0.0134219 0.00909559 0.0128896 0.0171617 0.0145174 0.0056776 0.0472595 0 0 0 0.0108001 0.0372565 0.0146448 0.0289124 0.109672 0.00710183 0.119349 0.0345 0.0256464 0.00781675 0.00675256 0.0063298 0.00554923 0.00958116 0.001943 0.000378996 0.0322331
 0 0 0.00198235 0.0255978 0.0495994 0.0532432 0.0217023 0.0293021 0.0960109 0.00971496 0.0847363 0.00775211 0.0317263 0.0132893 0.0140395 0.017422 0.0111148 0.0104567 0.0114343 0.040478 0 0 0 0.0150735 0.045701 0.0578859 0.0268644 0.0230542 0.0831086 0.0117245 0.0933597 0.0198625 0.0219936 0.00123138 0.0012993 0.00636419 0.00404179 0.0112586 0.0023102 0.0452645
 0 0 0.00245451 0.0101981 0.0364988 0.064717 0.0442372 0.0273617 0.022859 0.133856 0.00794393 0.0882254 0.0159541 0.0168308 0.0069935 0.00688562 0.0092773 0.0115985 0.00599996 0.0418527 0 0 0.00205856 0.00533931 0.0238279 0.065919 0.040065 0.0284014 0.025145 0.111778 0.0070886 0.0859074 0.00536184 0.00540985 0.00514661 0 0.00492215 0.00808731 0 0.0217981
 0 0 0.00502451 0.00890325 0.0209291 0.0486207 0.0849551 0.0521038 0.0452038 0.0266975 0.109843 0 0.0484438 0.0041224 0.0256869 0.0133649 0.00392499 0.00754194 0.0152291 0.0323976 0 0.000397847 0.00203531 0.00666772 0.0155909 0.0400867 0.0894706 0.0616286 0.0288937 0.0179333 0.0772473 0.00241748 0.0584322 0.00430195 0.0124043 0.00103987 0.00345735 0.00227623 0.00835893 0.0143669
 0 0 0.0022938 0.0185478 0.0350221 0.0220444 0.108019 0.0762302 0.0333737 0.0164103 0.00302893 0.0769988 0.00249065 0.0681261 0.0126394 0.00973363 0.0117656 0.00359721 0.00665441 0.0401975 0 0 0 0.020502 0.0145696 0.0328218 0.0810908 0.0687157 0.0114592 0.0218255 0.00911551 0.0580643 0.00162924 0.0732911 0.00597984 0.00297126 0.00936986 0.00316185 0.00670298 0.0315555
 0 0 0.00170111 0.0164761 0.0866164 0.0306282 0.0295387 0.0459869 0.0547336 0.0218094 0.0154193 0.0160398 0.0636812 0.0123044 0.067324 0.00491268 0.00317239 0.0102304 0.00503907 0.0469485 0 0 0.00812834 0.0101318 0.0897881 0.0259961 0.0241243 0.0451657 0.0365789 0.0351023 0.0150249 0.014794 0.0424197 0.00643513 0.0476995 0.0133209 0.0101127 0.00177155 0.00811752 0.0327262
 0 0 0.00199687 0.0362001 0.0561278 0.0809569 0.0285357 0.0266217 0.056332 0.0254463 0.0126537 0.0196542 0.0205033 0.0557381 0.00490397 0.0350296 0.00841257 0.0109923 0.00725758 0.0327962 0 0 0.00107253 0.0239723 0.0475484 0.0891596 0.0202122 0.0205196 0.0498045 0.0273931 0.0217093 0.0239279 0.0121306 0.0575359 0.00881119 0.0295503 0.00346218 0.0134497 0.00877778 0.0208041
 0 0 0.00105886 0.00847192 0.0484615 0.0427913 0.091552 0.0264105 0.0206727 0.03758 0.041879 0.0374582 0.0172481 0.0178687 0.0268789 0.00677317 0.0423603 0.0225558 0.0111002 0.0426494 0 0 0.00494439 0.00709998 0.035696 0.0581545 0.0848294 0.0161448 0.0229181 0.0206368 0.0275131 0.034989 0.015212 0.0159433 0.0190507 0.011465 0.0266643 0.015774 0.00873379 0.0304602
 0 0 0.000555432 0.0111574 0.0339622 0.0301407 0.0320664 0.126105 0.0180692 0.0186373 0.042678 0.0330035 0.0323571 0.0125542 0.0177627 0.0304743 0.0182853 0.0217213 0.0109733 0.0229894 0 0 0.000955231 0.0172508 0.024359 0.0386956 0.0419091 0.0994891 0.0253358 0.0163495 0.0536676 0.0467248 0.0129698 0.00929953 0.00491805 0.0206815 0.006088 0.0223716 0.0157731 0.0296689
 0 0 0.00171317 0.00825179 0.0375414 0.0315245 0.0461737 0.0674241 0.0816963 0.028832 0.0300576 0.0360597 0.0333169 0.00989312 0.0177608 0.0220334 0.0166032 0.0134687 0.0265536 0.0301865 0 0 0 0.0053857 0.0331719 0.039255 0.0217233 0.0773499 0.0886294 0.0118853 0.0326285 0.0202079 0.01164 0.0140036 0.0118401 0.0100467 0.0231719 0.0199194 0.0159939 0.024057
 0 0 0.000194226 0.00915937 0.0305209 0.0660079 0.0311228 0.0501514 0.0512501 0.0807045 0.0460635 0.0102251 0.0237492 0.01913 0.0158178 0.023503 0.0137522 0.0193273 0.0055998 0.0379931 0 0 0 0.0112538 0.0180436 0.0833931 0.0427448 0.0471652 0.0447523 0.070898 0.0263097 0.0111097 0.0199387 0.00823205 0.00930097 0.0178197 0.00762829 0.00975005 0.00379073 0.033597
 0 0 0.00198996 0.0149 0.0204306 0.0303827 0.0933212 0.0406672 0.0341315 0.0269107 0.0540988 0.026114 0.0107227 0.0363037 0.0137073 0.0179449 0.0171495 0.00980872 0.017524 0.0509793 0 0 0.00703927 0.00885577 0.0190554 0.0371667 0.0906808 0.0378945 0.0393856 0.0309369 0.0523395 0.0229282 0.016783 0.0258773 0.0188505 0.01549 0.00251511 0.00948957 0.0113611 0.036264
 0 0 0.00185412 0.0139931 0.0289306 0.0298314 0.0341229 0.136001 0.0267185 0.033029 0.0338688 0.0296822 0.0121251 0.0135956 0.0200305 0.0197641 0.0101785 0.0102172 0.0111108 0.0797523 0 0 0.00292913 0.0114298 0.0213067 0.0307269 0.0299135 0.128013 0.028316 0.0433657 0.00635594 0.0339485 0.0206519 0.00119766 0.00852146 0.00685277 0.0128191 0.00685277 0.00784033 0.0541538
 0.0001622 0.00107684 0.00355804 0.0209114 0.0467891 0.0605485 0.0441851 0.0231516 0.103291 0.0237165 0.0225877 0.0235029 0.0235882 0.0114267 0.00212994 0.0179612 0.0198354 0.0111207 0.0105227 0.0677087 0 0.000444233 0.00678074 0.0123325 0.0505471 0.0481381 0.0213554 0.0423351 0.106379 0.0282558 0.00875927 0.0210081 0.0239392 0.011049 0.00510176 0.0267734 0.0111018 0.00722592 0.0029295 0.0277693
 0 0 0.00549354 0.0173446 0.0201903 0.0606504 0.0427845 0.0238962 0.0488712 0.0905148 0.0228257 0.0141575 0.0190398 0.0347017 0.0169457 0.00523221 0.0187083 0.0213638 0.0100089 0.0861357 0 0 0.0050472 0.0173106 0.0185253 0.046773 0.0472573 0.024722 0.0306963 0.103868 0.0127857 0.0143928 0.0122578 0.0135987 0.00701205 0.00947433 0.0130732 0.00894558 0.0070997 0.0482955
 0 0.000996323 0.00801038 0.0359497 0.0446765 0.0328158 0.0752773 0.0557907 0.0209167 0.0386199 0.0875856 0.015789 0.0157682 0.00839969 0.0185528 0.0208446 0.000235334 0.0106865 0.00835949 0.0417638 0 0 0.0120146 0.0206061 0.041432 0.0394336 0.0600038 0.0467595 0.0342119 0.0354485 0.0456597 0.013852 0.0184314 0.0106481 0.00462724 0.00136884 0.00651673 0.00980244 0.0203506 0.0377947
 0 0 0.00438591 0.0606049 0.0407561 0.0448249 0.0322503 0.0589282 0.0361049 0.0145223 0.0265984 0.0591518 0.0139937 0.0161017 0.0148601 0.012291 0.00902667 0.0127567 0.0065927 0.056622 0 0 0.00678968 0.056632 0.0414117 0.0476607 0.0333455 0.0641122 0.0245706 0.019478 0.031352 0.0392877 0.0117215 0.0154063 0.00818162 0.00699384 0.0143666 0.0105925 0.00923514 0.0384902
 0 0 0.00266386 0.0129308 0.0830552 0.0699019 0.0610913 0.0400269 0.0404263 0.0219913 0.0143681 0.0285766 0.0398041 0.0169789 0.00883105 0.00960209 0.0133755 0.0087112 0.00835131 0.052003 0 0 0.00116384 0.0112224 0.074739 0.0521613 0.0544802 0.0388252 0.0510589 0.0253944 0.0162708 0.020846 0.0371737 0.00709061 0.0074307 0.00391376 0.0116636 0.00450821 0.00542547 0.0439423
 0 0.000630549 0.0044937 0.0244336 0.0244126 0.142336 0.0712591 0.0587581 0.0316504 0.0251496 0.0260807 0.0154234 0.0165148 0.0234387 0.0105689 0.00514833 0.000204358 0.00701938 0.00815338 0.0376804 0 0 0.0077599 0.0172803 0.0347327 0.113953 0.0555095 0.0651118 0.0296433 0.0298402 0.0259286 0.00934973 0.00371858 0.0233302 0.00358002 0.00345509 0.00607929 0.00174816 0.00643677 0.0291869
 0 0 0.00333022 0.0331456 0.0390237 0.0442319 0.0903504 0.0559399 0.0521492 0.0332421 0.0338654 0.0156177 0.0167912 0.0136387 0.0174314 0.0100014 0.00497191 0.0114779 0.00601714 0.0466217 0 0 0.00785059 0.0201472 0.0422637 0.0374192 0.104254 0.0466748 0.0515089 0.0173427 0.0190858 0.0160762 0.00531196 0.0117892 0.0152979 0.00793509 0.00539649 0.00365941 0.0140716 0.0460675
 0 0 0.00154792 0.0263339 0.0583511 0.0764627 0.0501104 0.0831907 0.0443758 0.049389 0.0220944 0.0244634 0.0160832 0.0153523 0.0156423 0.0201273 0.0106539 0.00628639 0.00473706 0.0452801 0 5.74e-05 0.000744839 0.0162245 0.0416715 0.0521997 0.038736 0.0856998 0.0431342 0.024307 0.019082 0.00838747 0.0087591 0.0147622 0.0111243 0.0169542 0.0104115 0.00374469 0.00524547 0.028272
 0 0.00132776 0.00662678 0.030518 0.0525015 0.0671644 0.0390319 0.0323122 0.100094 0.0340213 0.0444712 0.0141389 0.0207486 0.00491748 0.0199784 0.0170253 0.019836 0.00957745 0.0069374 0.0363596 0 0 0.00923007 0.0365058 0.046946 0.0459468 0.0365756 0.0318584 0.0567466 0.0396481 0.023916 0.0130609 0.00894135 0.0120667 0.00454339 0.0133166 0.00786212 0 0.00333381 0.0519132
 0 0 0.000555117 0.0112463 0.0342752 0.053452 0.0675925 0.0325485 0.0280374 0.0519847 0.0515933 0.0455468 0.0151603 0.0171313 0.0168737 0.0168914 0.0119983 0.025855 0.0147441 0.0452475 0 0 0.000841543 0.0116879 0.0466548 0.0489126 0.0613119 0.0268549 0.0341161 0.0566382 0.0254282 0.0255258 0.00423256 0.0113303 0.0127232 0.0150267 0.00236614 0.0165004 0.0104143 0.0487013
 0 0 0 0.00452862 0.0516744 0.0471056 0.0304464 0.0514064 0.0283289 0.0279928 0.064143 0.0417944 0.0196586 0.0176934 0.0280145 0.00421641 0.0149903 0.00764613 0.0250818 0.0676422 0 0 0 0.00104623 0.0449018 0.0486931 0.0350902 0.0415262 0.0380944 0.0308177 0.0491275 0.0253137 0.0236784 0.00243772 0.0235458 0.0115489 0.0131764 0.00302144 0.0136804 0.061936
 0 0 0.00353487 0.000509111 0.0261026 0.0727226 0.054442 0.0478476 0.0446887 0.0387598 0.0232008 0.0438956 0.040206 0.0209744 0.0154076 0.012512 0.0105286 0.00967823 0.0145042 0.0686907 0 0.000121788 0.00448743 0.00558876 0.0204268 0.0664936 0.0518049 0.0469299 0.0486448 0.0495761 0.00745113 0.0280219 0.0204046 0.0125268 0.000116215 0.0124647 0.0172455 0.00185985 0.00080651 0.0568235
 0 0.000107403 0.00377897 0.00831206 0.00529443 0.0191521 0.0867271 0.0659104 0.0469877 0.0423491 0.0349574 0.0167291 0.028524 0.0267469 0.0163315 0.0189448 0.0197669 0.0194725 0.00532422 0.0741121 0 0 0.00506243 0.00991864 0.00236737 0.0165668 0.0822472 0.0635086 0.0469024 0.0428134 0.014625 0.0136869 0.0264564 0.0210568 0.0102942 0.00409484 0.0106625 0.0101348 0.00531589 0.0747571
 0 0.00172484 0.00814618 0.0393332 0.0390384 0.0125484 0.0327156 0.103049 0.0495655 0.0345454 0.0388369 0.0234655 0.015282 0.020849 0.0205788 0.015264 0.0121255 0.0144877 0.0071416 0.0600235 0 0.00101899 0.0123916 0.0238448 0.0408343 0.0109857 0.0268132 0.0906932 0.0513339 0.0320062 0.0283767 0.0200693 0.0110869 0.0222543 0.0160016 0.00382607 0.00124301 0.00752132 0.00540292 0.0455756
 0 0 0.00810929 0.0297864 0.0428059 0.0290323 0.0149452 0.0431631 0.104496 0.0531852 0.0377191 0.0132546 0.0124371 0.00677485 0.0202883 0.0162095 0.016877 0.0151101 0.01217 0.0817123 0 0 0.00646772 0.028536 0.0307426 0.0374068 0.0117636 0.0385009 0.0853416 0.0425469 0.0307867 0.0156257 0.0125719 0.0119517 0.012275 0.0113011 0.00483241 0.00902714 0.00174206 0.0505045
 0 0.000246888 0.0195596 0.0330816 0.0487644 0.0247364 0.0381399 0.0125463 0.0333164 0.086492 0.0567824 0.02053 0.0253458 0.0198376 0.0194701 0.0113757 0.00688103 0.0111786 0.00615224 0.055344 0 0 0.0215691 0.0398592 0.0369509 0.016285 0.0428914 0.0172674 0.0234606 0.0774831 0.0428019 0.0205684 0.0245447 0.0133225 0.010789 0.00904234 0.0149416 0.00607606 0.00564718 0.0467186
 0 0 0.0358077 0.013859 0.200654 0.063229 0.043962 0.0170777 0.0244384 0.0131375 0.0217453 0.0224342 0.0150639 0.0146519 0.00931388 0.00758318 0.00856343 0.00787404 0.00525898 0.0259399 0 0 0.00727746 0.0262534 0.149282 0.0716164 0.0516593 0.0121063 0.0147979 0.00959554 0.0117201 0.0219463 0.00590309 0.00861556 0.00516207 0.0057602 0.00768317 0.00643549 0.0033531 0.0302385
#wt_srv_f_in
 4 15 34 60 91 125 160 195 230 263 294 322 348 372 393 412 429 444 481 590
 4 15 34 60 91 125 160 195 230 263 294 322 348 372 393 412 429 444 481 590
 4 15 34 60 91 125 160 195 230 263 294 322 348 372 393 412 429 444 481 590
 4 15 34 60 91 125 160 195 230 263 294 322 348 372 393 412 429 444 481 590
 4 15 34 60 91 125 160 195 230 263 294 322 348 372 393 412 429 444 481 590
 4 15 34 60 91 125 160 195 230 263 294 322 348 372 393 412 429 444 481 590
 4 15 34 60 91 125 160 195 230 263 294 322 348 372 393 412 429 444 481 590
 4 15 34 60 91 125 160 195 230 263 294 322 348 372 393 412 429 444 481 590
 4 15 34 60 91 125 160 195 230 263 294 322 348 372 393 412 429 444 481 590
 4 15 34 60 91 125 160 195 230 263 294 322 348 372 393 412 429 444 481 590
 4 15 34 60 91 125 160 195 230 263 294 322 348 372 393 412 429 444 481 590
 4 15 34 60 91 125 160 195 230 263 294 322 348 372 393 412 429 444 481 590
 4 15 34 60 91 125 160 195 230 263 294 322 348 372 393 412 429 444 481 590
 4 15 34 60 91 125 160 195 230 263 294 322 348 372 393 412 429 444 481 590
 4 15 34 60 91 125 160 195 230 263 294 322 348 372 393 412 429 444 481 590
 4 15 34 60 91 125 160 195 230 263 294 322 348 372 393 412 429 444 481 590
 4 15 34 60 91 125 160 195 230 263 294 322 348 372 393 412 429 444 481 590
 4 15 34 60 91 125 160 195 230 263 294 322 348 372 393 412 429 444 481 590
 4 15 34 60 91 125 160 195 230 263 294 322 348 372 393 412 429 444 481 590
 4 15 34 60 91 125 160 195 230 263 294 322 348 372 393 412 429 444 481 590
 4 15 34 60 91 125 160 195 230 263 294 322 348 372 393 412 429 444 481 590
 8 20 31 55 84 124 165 217 266 301 341 374 407 428 443 480 483 499 590 590
 8 20 31 55 84 124 165 217 266 301 341 374 407 428 443 480 483 499 590 590
 8 20 31 55 84 124 165 217 266 301 341 374 407 428 443 480 483 499 590 590
 8 20 31 55 84 124 165 217 266 301 341 374 407 428 443 480 483 499 590 590
 8 20 31 55 84 124 165 217 266 301 341 374 407 428 443 480 483 499 590 590
 8 20 31 55 84 124 165 217 266 301 341 374 407 428 443 480 483 499 590 590
 8 20 31 55 84 124 165 217 266 301 341 374 407 428 443 480 483 499 590 590
 8 20 42 75 98 139 176 214 233 235 331 359 393 410 436 482 470 476 586 590
 10 14 26 60 103 162 185 201 243 255 318 350 391 419 455 503 489 503 605 590
 14 26 33 57 110 156 177 222 246 294 318 342 375 418 453 498 492 536 617 590
 11 16 28 46 77 177 202 251 286 302 314 341 367 417 450 502 520 556 623 590
 14 27 23 41 71 103 173 239 284 338 314 336 366 401 439 490 511 547 628 590
 10 14 20 47 55 127 179 256 317 324 331 351 375 411 443 475 519 557 619 590
 9 12 16 34 66 85 159 237 286 307 351 364 377 393 418 446 490 528 597 590
 12 21 33 67 71 112 133 197 279 339 364 384 402 400 422 445 506 490 570 590
 11 17 24 38 65 99 126 197 243 321 389 400 411 405 430 436 475 475 559 590
 11 16 23 58 56 100 142 156 238 310 394 421 420 429 446 450 486 481 557 590
 12 21 29 55 85 121 177 176 283 305 377 417 430 456 454 464 498 485 562 590
 15 28 35 64 93 155 165 232 244 301 368 411 438 469 470 477 506 496 563 590
 20 46 53 86 87 125 155 235 276 284 355 405 418 470 472 482 486 504 571 590
 12 20 28 60 84 123 160 217 284 332 333 403 412 463 470 478 515 495 575 590
 11 16 36 51 108 137 167 202 222 311 322 379 403 448 461 487 509 503 567 590
 16 34 33 72 85 157 200 236 260 292 336 383 397 439 457 488 492 514 577 590
 10 14 36 51 90 104 177 237 278 279 333 383 391 430 439 478 479 513 576 590
 9 12 18 37 67 103 131 239 284 296 331 374 398 417 429 474 484 506 593 590
 6 8 14 33 36 92 142 192 211 231 294 336 378 361 393 458 491 522 505 609
 6 4 8 31 39 62 99 148 195 242 284 383 392 436 424 442 474 528 530 663
 6 8 19 27 45 66 105 156 229 246 276 343 328 394 451 480 504 552 560 631
 6 8 14 29 56 87 127 171 224 299 328 357 413 454 417 505 374 600 575 652
 6 8 14 38 64 101 163 162 231 300 328 359 440 524 551 476 485 500 500 654
 6 4 21 40 72 114 156 217 236 284 349 356 377 464 509 505 612 472 620 693
 6 6 16 36 76 114 149 206 236 303 308 360 368 592 493 495 532 568 618 740
 6 8 16 38 70 113 170 196 239 330 304 351 361 406 456 466 558 568 683 740
 6 8 24 31 57 106 140 203 239 281 309 345 395 432 422 501 567 555 594 660
 6 6 10 22 51 92 142 182 248 321 334 377 434 429 433 575 874 556 565 697
 6 2 16 25 57 84 136 186 218 343 337 403 446 460 517 557 594 620 744 795
 6 8 12 30 49 92 145 210 264 318 329 405 419 441 448 621 534 516 623 696
 6 6 11 27 53 91 146 167 258 317 367 321 452 529 502 514 562 654 598 730
 6 8 12 21 40 102 131 195 275 318 366 399 415 474 473 518 550 555 606 702
 6 8 19 16 37 85 145 201 252 306 368 360 428 421 495 592 536 577 570 715
 6 8 15 12 40 62 130 215 262 355 418 437 411 484 474 596 647 593 531 731
 6 12 25 37 69 86 130 211 329 378 417 415 517 465 509 522 581 580 618 723
 6 9 19 51 69 118 143 187 273 366 382 436 536 503 553 647 601 701 585 824
 6 8 22 39 88 111 163 236 248 346 421 447 504 478 542 606 586 571 717 677
 6 6 21 47 92 160 180 254 277 346 404 583 503 505 570 680 701 673 698 720
 6 6 21 47 92 160 180 254 277 346 404 583 503 505 570 680 701 673 698 720
 6 6 21 43 103 188 248 321 365 453 438 478 540 564 592 637 602 635 650 667
 6 6 21 43 103 188 248 321 365 453 438 478 540 564 592 637 602 635 650 667
#wt_srv_m_in
 0 4 15 34 60 91 125 160 195 230 263 294 322 348 372 393 412 429 444 481
 0 4 15 34 60 91 125 160 195 230 263 294 322 348 372 393 412 429 444 481
 0 4 15 34 60 91 125 160 195 230 263 294 322 348 372 393 412 429 444 481
 0 4 15 34 60 91 125 160 195 230 263 294 322 348 372 393 412 429 444 481
 0 4 15 34 60 91 125 160 195 230 263 294 322 348 372 393 412 429 444 481
 0 4 15 34 60 91 125 160 195 230 263 294 322 348 372 393 412 429 444 481
 0 4 15 34 60 91 125 160 195 230 263 294 322 348 372 393 412 429 444 481
 0 4 15 34 60 91 125 160 195 230 263 294 322 348 372 393 412 429 444 481
 0 4 15 34 60 91 125 160 195 230 263 294 322 348 372 393 412 429 444 481
 0 4 15 34 60 91 125 160 195 230 263 294 322 348 372 393 412 429 444 481
 0 4 15 34 60 91 125 160 195 230 263 294 322 348 372 393 412 429 444 481
 0 4 15 34 60 91 125 160 195 230 263 294 322 348 372 393 412 429 444 481
 0 4 15 34 60 91 125 160 195 230 263 294 322 348 372 393 412 429 444 481
 0 4 15 34 60 91 125 160 195 230 263 294 322 348 372 393 412 429 444 481
 0 4 15 34 60 91 125 160 195 230 263 294 322 348 372 393 412 429 444 481
 0 4 15 34 60 91 125 160 195 230 263 294 322 348 372 393 412 429 444 481
 0 4 15 34 60 91 125 160 195 230 263 294 322 348 372 393 412 429 444 481
 0 4 15 34 60 91 125 160 195 230 263 294 322 348 372 393 412 429 444 481
 0 4 15 34 60 91 125 160 195 230 263 294 322 348 372 393 412 429 444 481
 0 4 15 34 60 91 125 160 195 230 263 294 322 348 372 393 412 429 444 481
 0 4 15 34 60 91 125 160 195 230 263 294 322 348 372 393 412 429 444 481
 4 14 18 32 54 85 120 156 193 225 253 280 303 324 330 344 355 366 390 423
 4 14 18 32 54 85 120 156 193 225 253 280 303 324 330 344 355 366 390 423
 4 14 18 32 54 85 120 156 193 225 253 280 303 324 330 344 355 366 390 423
 4 14 18 32 54 85 120 156 193 225 253 280 303 324 330 344 355 366 390 423
 4 14 18 32 54 85 120 156 193 225 253 280 303 324 330 344 355 366 390 423
 4 14 18 32 54 85 120 156 193 225 253 280 303 324 330 344 355 366 390 423
 4 14 18 32 54 85 120 156 193 225 253 280 303 324 330 344 355 366 390 423
 4 11 25 50 83 112 133 142 158 182 242 266 286 309 345 352 361 384 418 420
 4 5 5 23 57 95 156 156 155 176 233 256 271 295 331 341 344 385 414 417
 4 10 20 31 57 121 150 181 202 193 223 242 259 281 316 325 330 394 394 406
 4 11 23 32 51 84 148 186 214 227 218 236 254 269 307 317 340 399 423 399
 4 9 18 27 34 61 98 176 217 233 215 225 248 257 293 313 322 389 405 389
 4 8 14 17 27 53 97 157 211 226 228 236 266 269 267 294 306 358 364 386
 4 7 10 18 45 75 76 138 207 242 238 252 281 278 283 297 314 347 355 381
 4 7 10 27 47 72 142 130 179 244 252 279 300 298 295 305 336 325 370 377
 4 9 16 22 44 64 98 120 175 197 261 295 312 309 305 301 324 318 332 377
 4 9 17 29 51 75 100 132 180 212 266 302 323 328 319 308 341 315 378 379
 4 9 17 28 53 86 97 125 174 208 262 302 322 368 345 329 349 328 394 373
 4 9 18 45 56 93 135 145 206 209 257 294 339 369 347 341 362 335 397 372
 4 23 32 53 76 92 116 182 198 207 255 291 334 367 353 362 355 369 394 387
 4 10 19 32 59 88 110 154 177 207 250 278 333 361 349 380 359 375 406 399
 4 10 19 32 54 107 134 163 184 215 241 277 324 349 347 374 355 398 365 410
 4 8 14 37 64 75 149 174 185 239 240 274 315 308 335 362 363 400 353 427
 4 10 20 27 49 79 113 156 208 207 244 274 296 308 324 356 354 401 354 429
 4 6 7 18 37 63 95 123 170 171 241 263 287 292 324 340 362 375 355 434
 4 8 33 30 34 71 105 157 162 244 218 245 266 272 288 335 304 342 364 428
 4 8 20 22 32 49 95 151 170 196 244 259 296 299 313 307 362 436 447 410
 4 8 17 22 53 58 91 146 204 213 232 257 274 309 345 362 334 383 440 423
 4 8 27 39 53 83 112 170 189 250 265 308 267 443 407 370 360 367 381 469
 4 8 14 36 59 95 150 158 207 260 321 311 311 368 469 384 414 392 465 464
 4 4 19 40 72 115 134 162 206 265 291 334 395 312 310 364 391 374 418 446
 4 8 18 32 67 118 144 183 207 237 233 318 350 417 452 438 352 343 380 449
 4 8 17 33 67 105 139 177 208 244 287 282 302 351 408 369 339 381 400 449
 4 8 8 27 50 95 121 181 192 244 270 298 312 346 384 405 373 399 436 481
 4 8 10 20 42 85 128 155 200 287 276 316 399 338 430 308 439 384 369 481
 4 8 13 24 48 80 141 167 183 302 315 322 356 414 402 401 417 512 461 501
 4 4 11 31 59 88 133 188 227 262 341 302 398 338 381 445 409 416 440 523
 4 8 12 27 53 88 126 183 216 256 283 320 292 422 420 387 431 393 355 475
 4 8 12 20 41 77 131 189 228 267 269 346 275 371 383 420 456 407 395 487
 4 8 20 30 59 86 154 188 243 292 313 311 321 332 424 466 429 527 492 495
 4 6 19 25 38 64 135 202 230 321 361 386 368 367 400 432 445 537 563 494
 4 8 33 46 50 83 127 190 260 332 327 340 406 394 416 409 443 474 375 505
 4 8 21 46 76 102 110 170 247 311 347 367 404 380 466 483 614 577 496 573
 4 8 23 45 89 95 161 178 221 276 316 403 384 435 421 386 424 431 548 484
 4 8 20 48 97 126 195 206 237 280 324 384 377 384 431 464 434 454 464 507
 4 8 20 48 97 126 195 206 237 280 324 384 377 384 431 464 434 454 464 507
 4 8 24 59 110 180 232 250 267 332 331 374 420 428 435 455 462 449 431 448
 4 8 24 59 110 180 232 250 267 332 331 374 420 428 435 455 462 449 431 448
#wt_pop_f_in
 4 15 34 60 91 125 160 195 230 263 294 322 348 372 393 412 429 444 481 590
 4 15 34 60 91 125 160 195 230 263 294 322 348 372 393 412 429 444 481 590
 4 15 34 60 91 125 160 195 230 263 294 322 348 372 393 412 429 444 481 590
 4 15 34 60 91 125 160 195 230 263 294 322 348 372 393 412 429 444 481 590
 4 15 34 60 91 125 160 195 230 263 294 322 348 372 393 412 429 444 481 590
 4 15 34 60 91 125 160 195 230 263 294 322 348 372 393 412 429 444 481 590
 4 15 34 60 91 125 160 195 230 263 294 322 348 372 393 412 429 444 481 590
 4 15 34 60 91 125 160 195 230 263 294 322 348 372 393 412 429 444 481 590
 4 15 34 60 91 125 160 195 230 263 294 322 348 372 393 412 429 444 481 590
 4 15 34 60 91 125 160 195 230 263 294 322 348 372 393 412 429 444 481 590
 4 15 34 60 91 125 160 195 230 263 294 322 348 372 393 412 429 444 481 590
 4 15 34 60 91 125 160 195 230 263 294 322 348 372 393 412 429 444 481 590
 4 15 34 60 91 125 160 195 230 263 294 322 348 372 393 412 429 444 481 590
 4 15 34 60 91 125 160 195 230 263 294 322 348 372 393 412 429 444 481 590
 4 15 34 60 91 125 160 195 230 263 294 322 348 372 393 412 429 444 481 590
 4 15 34 60 91 125 160 195 230 263 294 322 348 372 393 412 429 444 481 590
 4 15 34 60 91 125 160 195 230 263 294 322 348 372 393 412 429 444 481 590
 4 15 34 60 91 125 160 195 230 263 294 322 348 372 393 412 429 444 481 590
 4 15 34 60 91 125 160 195 230 263 294 322 348 372 393 412 429 444 481 590
 4 15 34 60 91 125 160 195 230 263 294 322 348 372 393 412 429 444 481 590
 4 15 34 60 91 125 160 195 230 263 294 322 348 372 393 412 429 444 481 590
 8 20 31 55 84 124 165 217 266 301 341 374 407 428 443 480 483 499 590 590
 8 20 31 55 84 124 165 217 266 301 341 374 407 428 443 480 483 499 590 590
 8 20 31 55 84 124 165 217 266 301 341 374 407 428 443 480 483 499 590 590
 8 20 31 55 84 124 165 217 266 301 341 374 407 428 443 480 483 499 590 590
 8 20 31 55 84 124 165 217 266 301 341 374 407 428 443 480 483 499 590 590
 8 20 31 55 84 124 165 217 266 301 341 374 407 428 443 480 483 499 590 590
 8 20 31 55 84 124 165 217 266 301 341 374 407 428 443 480 483 499 590 590
 8 20 42 75 98 139 176 214 233 235 331 359 393 410 436 482 470 476 586 590
 10 14 26 60 103 162 185 201 243 255 318 350 391 419 455 503 489 503 605 590
 14 26 33 57 110 156 177 222 246 294 318 342 375 418 453 498 492 536 617 590
 11 16 28 46 77 177 202 251 286 302 314 341 367 417 450 502 520 556 623 590
 14 27 23 41 71 103 173 239 284 338 314 336 366 401 439 490 511 547 628 590
 10 14 20 47 55 127 179 256 317 324 331 351 375 411 443 475 519 557 619 590
 9 12 16 34 66 85 159 237 286 307 351 364 377 393 418 446 490 528 597 590
 12 21 33 67 71 112 133 197 279 339 364 384 402 400 422 445 506 490 570 590
 11 17 24 38 65 99 126 197 243 321 389 400 411 405 430 436 475 475 559 590
 11 16 23 58 56 100 142 156 238 310 394 421 420 429 446 450 486 481 557 590
 12 21 29 55 85 121 177 176 283 305 377 417 430 456 454 464 498 485 562 590
 15 28 35 64 93 155 165 232 244 301 368 411 438 469 470 477 506 496 563 590
 20 46 53 86 87 125 155 235 276 284 355 405 418 470 472 482 486 504 571 590
 12 20 28 60 84 123 160 217 284 332 333 403 412 463 470 478 515 495 575 590
 11 16 36 51 108 137 167 202 222 311 322 379 403 448 461 487 509 503 567 590
 16 34 33 72 85 157 200 236 260 292 336 383 397 439 457 488 492 514 577 590
 10 14 36 51 90 104 177 237 278 279 333 383 391 430 439 478 479 513 576 590
 9 12 18 37 67 103 131 239 284 296 331 374 398 417 429 474 484 506 593 590
 6 8 14 33 36 92 142 192 211 231 294 336 378 361 393 458 491 522 505 609
 6 4 8 31 39 62 99 148 195 242 284 383 392 436 424 442 474 528 530 663
 6 8 19 27 45 66 105 156 229 246 276 343 328 394 451 480 504 552 560 631
 6 8 14 29 56 87 127 171 224 299 328 357 413 454 417 505 374 600 575 652
 6 8 14 38 64 101 163 162 231 300 328 359 440 524 551 476 485 500 500 654
 6 4 21 40 72 114 156 217 236 284 349 356 377 464 509 505 612 472 620 693
 6 6 16 36 76 114 149 206 236 303 308 360 368 592 493 495 532 568 618 740
 6 8 16 38 70 113 170 196 239 330 304 351 361 406 456 466 558 568 683 740
 6 8 24 31 57 106 140 203 239 281 309 345 395 432 422 501 567 555 594 660
 6 6 10 22 51 92 142 182 248 321 334 377 434 429 433 575 874 556 565 697
 6 2 16 25 57 84 136 186 218 343 337 403 446 460 517 557 594 620 744 795
 6 8 12 30 49 92 145 210 264 318 329 405 419 441 448 621 534 516 623 696
 6 6 11 27 53 91 146 167 258 317 367 321 452 529 502 514 562 654 598 730
 6 8 12 21 40 102 131 195 275 318 366 399 415 474 473 518 550 555 606 702
 6 8 19 16 37 85 145 201 252 306 368 360 428 421 495 592 536 577 570 715
 6 8 15 12 40 62 130 215 262 355 418 437 411 484 474 596 647 593 531 731
 6 12 25 37 69 86 130 211 329 378 417 415 517 465 509 522 581 580 618 723
 6 9 19 51 69 118 143 187 273 366 382 436 536 503 553 647 601 701 585 824
 6 8 22 39 88 111 163 236 248 346 421 447 504 478 542 606 586 571 717 677
 6 6 21 47 92 160 180 254 277 346 404 583 503 505 570 680 701 673 698 720
 6 6 21 47 92 160 180 254 277 346 404 583 503 505 570 680 701 673 698 720
 6 6 21 43 103 188 248 321 365 453 438 478 540 564 592 637 602 635 650 667
 6 6 21 43 103 188 248 321 365 453 438 478 540 564 592 637 602 635 650 667
#wt_pop_m_in
 0 4 15 34 60 91 125 160 195 230 263 294 322 348 372 393 412 429 444 481
 0 4 15 34 60 91 125 160 195 230 263 294 322 348 372 393 412 429 444 481
 0 4 15 34 60 91 125 160 195 230 263 294 322 348 372 393 412 429 444 481
 0 4 15 34 60 91 125 160 195 230 263 294 322 348 372 393 412 429 444 481
 0 4 15 34 60 91 125 160 195 230 263 294 322 348 372 393 412 429 444 481
 0 4 15 34 60 91 125 160 195 230 263 294 322 348 372 393 412 429 444 481
 0 4 15 34 60 91 125 160 195 230 263 294 322 348 372 393 412 429 444 481
 0 4 15 34 60 91 125 160 195 230 263 294 322 348 372 393 412 429 444 481
 0 4 15 34 60 91 125 160 195 230 263 294 322 348 372 393 412 429 444 481
 0 4 15 34 60 91 125 160 195 230 263 294 322 348 372 393 412 429 444 481
 0 4 15 34 60 91 125 160 195 230 263 294 322 348 372 393 412 429 444 481
 0 4 15 34 60 91 125 160 195 230 263 294 322 348 372 393 412 429 444 481
 0 4 15 34 60 91 125 160 195 230 263 294 322 348 372 393 412 429 444 481
 0 4 15 34 60 91 125 160 195 230 263 294 322 348 372 393 412 429 444 481
 0 4 15 34 60 91 125 160 195 230 263 294 322 348 372 393 412 429 444 481
 0 4 15 34 60 91 125 160 195 230 263 294 322 348 372 393 412 429 444 481
 0 4 15 34 60 91 125 160 195 230 263 294 322 348 372 393 412 429 444 481
 0 4 15 34 60 91 125 160 195 230 263 294 322 348 372 393 412 429 444 481
 0 4 15 34 60 91 125 160 195 230 263 294 322 348 372 393 412 429 444 481
 0 4 15 34 60 91 125 160 195 230 263 294 322 348 372 393 412 429 444 481
 0 4 15 34 60 91 125 160 195 230 263 294 322 348 372 393 412 429 444 481
 4 14 18 32 54 85 120 156 193 225 253 280 303 324 330 344 355 366 390 423
 4 14 18 32 54 85 120 156 193 225 253 280 303 324 330 344 355 366 390 423
 4 14 18 32 54 85 120 156 193 225 253 280 303 324 330 344 355 366 390 423
 4 14 18 32 54 85 120 156 193 225 253 280 303 324 330 344 355 366 390 423
 4 14 18 32 54 85 120 156 193 225 253 280 303 324 330 344 355 366 390 423
 4 14 18 32 54 85 120 156 193 225 253 280 303 324 330 344 355 366 390 423
 4 14 18 32 54 85 120 156 193 225 253 280 303 324 330 344 355 366 390 423
 4 11 25 50 83 112 133 142 158 182 242 266 286 309 345 352 361 384 418 420
 4 5 5 23 57 95 156 156 155 176 233 256 271 295 331 341 344 385 414 417
 4 10 20 31 57 121 150 181 202 193 223 242 259 281 316 325 330 394 394 406
 4 11 23 32 51 84 148 186 214 227 218 236 254 269 307 317 340 399 423 399
 4 9 18 27 34 61 98 176 217 233 215 225 248 257 293 313 322 389 405 389
 4 8 14 17 27 53 97 157 211 226 228 236 266 269 267 294 306 358 364 386
 4 7 10 18 45 75 76 138 207 242 238 252 281 278 283 297 314 347 355 381
 4 7 10 27 47 72 142 130 179 244 252 279 300 298 295 305 336 325 370 377
 4 9 16 22 44 64 98 120 175 197 261 295 312 309 305 301 324 318 332 377
 4 9 17 29 51 75 100 132 180 212 266 302 323 328 319 308 341 315 378 379
 4 9 17 28 53 86 97 125 174 208 262 302 322 368 345 329 349 328 394 373
 4 9 18 45 56 93 135 145 206 209 257 294 339 369 347 341 362 335 397 372
 4 23 32 53 76 92 116 182 198 207 255 291 334 367 353 362 355 369 394 387
 4 10 19 32 59 88 110 154 177 207 250 278 333 361 349 380 359 375 406 399
 4 10 19 32 54 107 134 163 184 215 241 277 324 349 347 374 355 398 365 410
 4 8 14 37 64 75 149 174 185 239 240 274 315 308 335 362 363 400 353 427
 4 10 20 27 49 79 113 156 208 207 244 274 296 308 324 356 354 401 354 429
 4 6 7 18 37 63 95 123 170 171 241 263 287 292 324 340 362 375 355 434
 4 8 33 30 34 71 105 157 162 244 218 245 266 272 288 335 304 342 364 428
 4 8 20 22 32 49 95 151 170 196 244 259 296 299 313 307 362 436 447 410
 4 8 17 22 53 58 91 146 204 213 232 257 274 309 345 362 334 383 440 423
 4 8 27 39 53 83 112 170 189 250 265 308 267 443 407 370 360 367 381 469
 4 8 14 36 59 95 150 158 207 260 321 311 311 368 469 384 414 392 465 464
 4 4 19 40 72 115 134 162 206 265 291 334 395 312 310 364 391 374 418 446
 4 8 18 32 67 118 144 183 207 237 233 318 350 417 452 438 352 343 380 449
 4 8 17 33 67 105 139 177 208 244 287 282 302 351 408 369 339 381 400 449
 4 8 8 27 50 95 121 181 192 244 270 298 312 346 384 405 373 399 436 481
 4 8 10 20 42 85 128 155 200 287 276 316 399 338 430 308 439 384 369 481
 4 8 13 24 48 80 141 167 183 302 315 322 356 414 402 401 417 512 461 501
 4 4 11 31 59 88 133 188 227 262 341 302 398 338 381 445 409 416 440 523
 4 8 12 27 53 88 126 183 216 256 283 320 292 422 420 387 431 393 355 475
 4 8 12 20 41 77 131 189 228 267 269 346 275 371 383 420 456 407 395 487
 4 8 20 30 59 86 154 188 243 292 313 311 321 332 424 466 429 527 492 495
 4 6 19 25 38 64 135 202 230 321 361 386 368 367 400 432 445 537 563 494
 4 8 33 46 50 83 127 190 260 332 327 340 406 394 416 409 443 474 375 505
 4 8 21 46 76 102 110 170 247 311 347 367 404 380 466 483 614 577 496 573
 4 8 23 45 89 95 161 178 221 276 316 403 384 435 421 386 424 431 548 484
 4 8 20 48 97 126 195 206 237 280 324 384 377 384 431 464 434 454 464 507
 4 8 20 48 97 126 195 206 237 280 324 384 377 384 431 464 434 454 464 507
 4 8 24 59 110 180 232 250 267 332 331 374 420 428 435 455 462 449 431 448
 4 8 24 59 110 180 232 250 267 332 331 374 420 428 435 455 462 449 431 448
#maturity
 0.0001 0.0003 0.0008 0.0018 0.0042 0.011 0.0382 0.097 0.2134 0.4134 0.6459 0.825 0.9195 0.9675 0.9855 0.996 0.9985 1 1 1
 0.0001 0.0003 0.0008 0.0018 0.0042 0.011 0.0382 0.097 0.2134 0.4134 0.6459 0.825 0.9195 0.9675 0.9855 0.996 0.9985 1 1 1
 0.0001 0.0003 0.0008 0.0018 0.0042 0.011 0.0382 0.097 0.2134 0.4134 0.6459 0.825 0.9195 0.9675 0.9855 0.996 0.9985 1 1 1
 0.0001 0.0003 0.0008 0.0018 0.0042 0.011 0.0382 0.097 0.2134 0.4134 0.6459 0.825 0.9195 0.9675 0.9855 0.996 0.9985 1 1 1
 0.0001 0.0003 0.0008 0.0018 0.0042 0.011 0.0382 0.097 0.2134 0.4134 0.6459 0.825 0.9195 0.9675 0.9855 0.996 0.9985 1 1 1
 0.0001 0.0003 0.0008 0.0018 0.0042 0.011 0.0382 0.097 0.2134 0.4134 0.6459 0.825 0.9195 0.9675 0.9855 0.996 0.9985 1 1 1
 0.0001 0.0003 0.0008 0.0018 0.0042 0.011 0.0382 0.097 0.2134 0.4134 0.6459 0.825 0.9195 0.9675 0.9855 0.996 0.9985 1 1 1
 0.0001 0.0003 0.0008 0.0018 0.0042 0.011 0.0382 0.097 0.2134 0.4134 0.6459 0.825 0.9195 0.9675 0.9855 0.996 0.9985 1 1 1
 0.0001 0.0003 0.0008 0.0018 0.0042 0.011 0.0382 0.097 0.2134 0.4134 0.6459 0.825 0.9195 0.9675 0.9855 0.996 0.9985 1 1 1
 0.0001 0.0003 0.0008 0.0018 0.0042 0.011 0.0382 0.097 0.2134 0.4134 0.6459 0.825 0.9195 0.9675 0.9855 0.996 0.9985 1 1 1
 0.0001 0.0003 0.0008 0.0018 0.0042 0.011 0.0382 0.097 0.2134 0.4134 0.6459 0.825 0.9195 0.9675 0.9855 0.996 0.9985 1 1 1
 0.0001 0.0003 0.0008 0.0018 0.0042 0.011 0.0382 0.097 0.2134 0.4134 0.6459 0.825 0.9195 0.9675 0.9855 0.996 0.9985 1 1 1
 0.0001 0.0003 0.0008 0.0018 0.0042 0.011 0.0382 0.097 0.2134 0.4134 0.6459 0.825 0.9195 0.9675 0.9855 0.996 0.9985 1 1 1
 0.0001 0.0003 0.0008 0.0018 0.0042 0.011 0.0382 0.097 0.2134 0.4134 0.6459 0.825 0.9195 0.9675 0.9855 0.996 0.9985 1 1 1
 0.0001 0.0003 0.0008 0.0018 0.0042 0.011 0.0382 0.097 0.2134 0.4134 0.6459 0.825 0.9195 0.9675 0.9855 0.996 0.9985 1 1 1
 0.0001 0.0003 0.0008 0.0018 0.0042 0.011 0.0382 0.097 0.2134 0.4134 0.6459 0.825 0.9195 0.9675 0.9855 0.996 0.9985 1 1 1
 0.0001 0.0003 0.0008 0.0018 0.0042 0.011 0.0382 0.097 0.2134 0.4134 0.6459 0.825 0.9195 0.9675 0.9855 0.996 0.9985 1 1 1
 0.0001 0.0003 0.0008 0.0018 0.0042 0.011 0.0382 0.097 0.2134 0.4134 0.6459 0.825 0.9195 0.9675 0.9855 0.996 0.9985 1 1 1
 0.0001 0.0003 0.0008 0.0018 0.0042 0.011 0.0382 0.097 0.2134 0.4134 0.6459 0.825 0.9195 0.9675 0.9855 0.996 0.9985 1 1 1
 0.0001 0.0003 0.0008 0.0018 0.0042 0.011 0.0382 0.097 0.2134 0.4134 0.6459 0.825 0.9195 0.9675 0.9855 0.996 0.9985 1 1 1
 0.0001 0.0003 0.0008 0.0018 0.0042 0.011 0.0382 0.097 0.2134 0.4134 0.6459 0.825 0.9195 0.9675 0.9855 0.996 0.9985 1 1 1
 0.0001 0.0003 0.0008 0.0018 0.0042 0.011 0.0382 0.097 0.2134 0.4134 0.6459 0.825 0.9195 0.9675 0.9855 0.996 0.9985 1 1 1
 0.0001 0.0003 0.0008 0.0018 0.0042 0.011 0.0382 0.097 0.2134 0.4134 0.6459 0.825 0.9195 0.9675 0.9855 0.996 0.9985 1 1 1
 0.0001 0.0003 0.0008 0.0018 0.0042 0.011 0.0382 0.097 0.2134 0.4134 0.6459 0.825 0.9195 0.9675 0.9855 0.996 0.9985 1 1 1
 0.0001 0.0003 0.0008 0.0018 0.0042 0.011 0.0382 0.097 0.2134 0.4134 0.6459 0.825 0.9195 0.9675 0.9855 0.996 0.9985 1 1 1
 0.0001 0.0003 0.0008 0.0018 0.0042 0.011 0.0382 0.097 0.2134 0.4134 0.6459 0.825 0.9195 0.9675 0.9855 0.996 0.9985 1 1 1
 0.0001 0.0003 0.0008 0.0018 0.0042 0.011 0.0382 0.097 0.2134 0.4134 0.6459 0.825 0.9195 0.9675 0.9855 0.996 0.9985 1 1 1
 0.0001 0.0003 0.0008 0.0018 0.0042 0.011 0.0382 0.097 0.2134 0.4134 0.6459 0.825 0.9195 0.9675 0.9855 0.996 0.9985 1 1 1
 0.0001 0.0003 0.0008 0.0018 0.0042 0.011 0.0382 0.097 0.2134 0.4134 0.6459 0.825 0.9195 0.9675 0.9855 0.996 0.9985 1 1 1
 0.0001 0.0003 0.0008 0.0018 0.0042 0.011 0.0382 0.097 0.2134 0.4134 0.6459 0.825 0.9195 0.9675 0.9855 0.996 0.9985 1 1 1
 0.0001 0.0003 0.0008 0.0018 0.0042 0.011 0.0382 0.097 0.2134 0.4134 0.6459 0.825 0.9195 0.9675 0.9855 0.996 0.9985 1 1 1
 0.0001 0.0003 0.0008 0.0018 0.0042 0.011 0.0382 0.097 0.2134 0.4134 0.6459 0.825 0.9195 0.9675 0.9855 0.996 0.9985 1 1 1
 0.0001 0.0003 0.0008 0.0018 0.0042 0.011 0.0382 0.097 0.2134 0.4134 0.6459 0.825 0.9195 0.9675 0.9855 0.996 0.9985 1 1 1
 0.0001 0.0003 0.0008 0.0018 0.0042 0.011 0.0382 0.097 0.2134 0.4134 0.6459 0.825 0.9195 0.9675 0.9855 0.996 0.9985 1 1 1
 0.0001 0.0003 0.0008 0.0018 0.0042 0.011 0.0382 0.097 0.2134 0.4134 0.6459 0.825 0.9195 0.9675 0.9855 0.996 0.9985 1 1 1
 0.0001 0.0003 0.0008 0.0018 0.0042 0.011 0.0382 0.097 0.2134 0.4134 0.6459 0.825 0.9195 0.9675 0.9855 0.996 0.9985 1 1 1
 0.0001 0.0003 0.0008 0.0018 0.0042 0.011 0.0382 0.097 0.2134 0.4134 0.6459 0.825 0.9195 0.9675 0.9855 0.996 0.9985 1 1 1
 0.0001 0.0003 0.0008 0.0018 0.0042 0.011 0.0382 0.097 0.2134 0.4134 0.6459 0.825 0.9195 0.9675 0.9855 0.996 0.9985 1 1 1
 0.0001 0.0003 0.0008 0.0018 0.0042 0.011 0.0382 0.097 0.2134 0.4134 0.6459 0.825 0.9195 0.9675 0.9855 0.996 0.9985 1 1 1
 0.0001 0.0003 0.0008 0.0018 0.0042 0.011 0.0382 0.097 0.2134 0.4134 0.6459 0.825 0.9195 0.9675 0.9855 0.996 0.9985 1 1 1
 0.0001 0.0003 0.0008 0.0018 0.0042 0.011 0.0382 0.097 0.2134 0.4134 0.6459 0.825 0.9195 0.9675 0.9855 0.996 0.9985 1 1 1
 0.0001 0.0003 0.0008 0.0018 0.0042 0.011 0.0382 0.097 0.2134 0.4134 0.6459 0.825 0.9195 0.9675 0.9855 0.996 0.9985 1 1 1
 0.0001 0.0003 0.0008 0.0018 0.0042 0.011 0.0382 0.097 0.2134 0.4134 0.6459 0.825 0.9195 0.9675 0.9855 0.996 0.9985 1 1 1
 0.0001 0.0003 0.0008 0.0018 0.0042 0.011 0.0382 0.097 0.2134 0.4134 0.6459 0.825 0.9195 0.9675 0.9855 0.996 0.9985 1 1 1
 0.0001 0.0003 0.0008 0.0018 0.0042 0.011 0.0382 0.097 0.2134 0.4134 0.6459 0.825 0.9195 0.9675 0.9855 0.996 0.9985 1 1 1
 0.0001 0.0003 0.0008 0.0018 0.0042 0.011 0.0382 0.097 0.2134 0.4134 0.6459 0.825 0.9195 0.9675 0.9855 0.996 0.9985 1 1 1
 0.0001 0.0003 0.0008 0.0018 0.0042 0.011 0.0382 0.097 0.2134 0.4134 0.6459 0.825 0.9195 0.9675 0.9855 0.996 0.9985 1 1 1
 0.0001 0.0003 0.0008 0.0018 0.0042 0.011 0.0382 0.097 0.2134 0.4134 0.6459 0.825 0.9195 0.9675 0.9855 0.996 0.9985 1 1 1
 0.0001 0.0003 0.0008 0.0018 0.0042 0.011 0.0382 0.097 0.2134 0.4134 0.6459 0.825 0.9195 0.9675 0.9855 0.996 0.9985 1 1 1
 0.0001 0.0003 0.0008 0.0018 0.0042 0.011 0.0382 0.097 0.2134 0.4134 0.6459 0.825 0.9195 0.9675 0.9855 0.996 0.9985 1 1 1
 0.0001 0.0003 0.0008 0.0018 0.0042 0.011 0.0382 0.097 0.2134 0.4134 0.6459 0.825 0.9195 0.9675 0.9855 0.996 0.9985 1 1 1
 0.0001 0.0003 0.0008 0.0018 0.0042 0.011 0.0382 0.097 0.2134 0.4134 0.6459 0.825 0.9195 0.9675 0.9855 0.996 0.9985 1 1 1
 0.0001 0.0003 0.0008 0.0018 0.0042 0.011 0.0382 0.097 0.2134 0.4134 0.6459 0.825 0.9195 0.9675 0.9855 0.996 0.9985 1 1 1
 0.0001 0.0003 0.0008 0.0018 0.0042 0.011 0.0382 0.097 0.2134 0.4134 0.6459 0.825 0.9195 0.9675 0.9855 0.996 0.9985 1 1 1
 0.0001 0.0003 0.0008 0.0018 0.0042 0.011 0.0382 0.097 0.2134 0.4134 0.6459 0.825 0.9195 0.9675 0.9855 0.996 0.9985 1 1 1
 0.0001 0.0003 0.0008 0.0018 0.0042 0.011 0.0382 0.097 0.2134 0.4134 0.6459 0.825 0.9195 0.9675 0.9855 0.996 0.9985 1 1 1
 0.0001 0.0003 0.0008 0.0018 0.0042 0.011 0.0382 0.097 0.2134 0.4134 0.6459 0.825 0.9195 0.9675 0.9855 0.996 0.9985 1 1 1
 0.0001 0.0003 0.0008 0.0018 0.0042 0.011 0.0382 0.097 0.2134 0.4134 0.6459 0.825 0.9195 0.9675 0.9855 0.996 0.9985 1 1 1
 0.0001 0.0003 0.0008 0.0018 0.0042 0.011 0.0382 0.097 0.2134 0.4134 0.6459 0.825 0.9195 0.9675 0.9855 0.996 0.9985 1 1 1
 0.0001 0.0003 0.0008 0.0018 0.0042 0.011 0.0382 0.097 0.2134 0.4134 0.6459 0.825 0.9195 0.9675 0.9855 0.996 0.9985 1 1 1
 0.0001 0.0003 0.0008 0.0018 0.0042 0.011 0.0382 0.097 0.2134 0.4134 0.6459 0.825 0.9195 0.9675 0.9855 0.996 0.9985 1 1 1
 0.0001 0.0003 0.0008 0.0018 0.0042 0.011 0.0382 0.097 0.2134 0.4134 0.6459 0.825 0.9195 0.9675 0.9855 0.996 0.9985 1 1 1
 0.0001 0.0003 0.0008 0.0018 0.0042 0.011 0.0382 0.097 0.2134 0.4134 0.6459 0.825 0.9195 0.9675 0.9855 0.996 0.9985 1 1 1
 0.0001 0.0003 0.0008 0.0018 0.0042 0.011 0.0382 0.097 0.2134 0.4134 0.6459 0.825 0.9195 0.9675 0.9855 0.996 0.9985 1 1 1
 0.0001 0.0003 0.0008 0.0018 0.0042 0.011 0.0382 0.097 0.2134 0.4134 0.6459 0.825 0.9195 0.9675 0.9855 0.996 0.9985 1 1 1
 0.0001 0.0003 0.0008 0.0018 0.0042 0.011 0.0382 0.097 0.2134 0.4134 0.6459 0.825 0.9195 0.9675 0.9855 0.996 0.9985 1 1 1
 0.0001 0.0003 0.0008 0.0018 0.0042 0.011 0.0382 0.097 0.2134 0.4134 0.6459 0.825 0.9195 0.9675 0.9855 0.996 0.9985 1 1 1
 0.0001 0.0003 0.0008 0.0018 0.0042 0.011 0.0382 0.097 0.2134 0.4134 0.6459 0.825 0.9195 0.9675 0.9855 0.996 0.9985 1 1 1
 0.0001 0.0003 0.0008 0.0018 0.0042 0.011 0.0382 0.097 0.2134 0.4134 0.6459 0.825 0.9195 0.9675 0.9855 0.996 0.9985 1 1 1
#init_age_comp
1
#n_env_cov
 3
#env_cov
 -0.642341 0.522394 -0.445166 -0.272093 -0.96584 0.648906 -0.324097 0.419689 -0.103754 0.315799 -0.713655 0.538011 -1.18378 -1.00502 0.841203 0.0320537 0.906395 -2.14113 -0.491625 -0.0736952 0.805138 1.26134 0.891478 0.961239 -0.986764 -1.00256 -1.54785 -1.47339 -1.51952 -0.206125 -1.83686 -0.881444 0.781982 0.83524 2.33987 0.0648921 1.99693 2.35016 1.13617 0.167835
 -5.475 3.525 5.525 4.525 -0.475 -7.475 0.525 2.525 0.525 3.525 1.525 0.525 -0.475 0.525 4.525 3.525 5.525 -11.475 -11.475 -5.475 -1.475 -1.475 1.525 -0.475 -1.475 7.525 0.525 -1.475 3.525 1.525 0.525 5.525 4.525 -1.475 -3.475 0.525 -0.475 -0.475 -3.475 -4.475
 3.34028 1.6649 -2.63608 -1.40776 0.282237 -5.02711 -0.346688 0.883177 -0.231008 0.936653 -1.26486 0.105918 0.385758 -0.704173 3.6299 -0.0635481 4.8313 24.3929 5.46486 0.226944 -1.36412 -2.03701 1.18297 -0.633126 1.27894 -7.72081 -0.989159 1.99672 -5.53286 -0.490879 -1.14089 -5.04652 3.36193 -1.40852 -8.30757 -0.142469 -1.12508 -1.29286 -4.12473 -0.927601
#spawnmo
5
#srv_mo
 7
#n_wts
 2 24 40 49 87 77 57 79 39 44 42 53 53 41 19 16 12 4 4 16
 0 1 3 29 43 94 95 45 60 45 38 61 55 43 51 20 13 10 0 20
 0 0 11 55 82 79 79 61 53 56 58 38 42 43 53 34 21 12 5 34
 0 0 5 33 89 125 60 80 67 38 45 41 37 40 44 42 24 20 3 42
 0 0 2 9 40 86 162 53 66 48 46 34 39 30 35 27 32 11 12 27
 0 0 1 20 26 173 89 122 45 39 42 31 34 22 24 29 24 23 25 29
 0 0 2 3 52 7 146 69 51 12 19 15 18 31 19 10 12 12 16 10
 0 0 1 6 27 121 31 199 89 59 13 16 27 19 28 17 10 8 22 17
 0 0 2 18 27 62 151 31 187 58 56 12 13 17 9 26 21 13 14 26
 0 0 1 20 44 19 45 134 15 170 38 57 11 17 12 19 24 18 7 19
 0 0 1 31 57 54 23 26 91 11 98 14 32 11 14 19 12 18 12 19
 0 0 3 11 36 58 32 21 21 111 8 93 15 17 8 9 13 16 8 9
 0 2 6 9 17 45 78 45 32 21 94 1 61 5 25 10 5 8 16 10
 0 0 3 35 33 26 79 67 22 21 7 85 3 96 13 12 18 11 14 12
 0 0 5 16 122 36 28 44 43 28 17 21 71 14 89 15 12 16 15 15
 0 0 10 40 51 84 21 18 37 18 11 16 12 46 6 30 7 11 8 30
 0 0 7 15 41 49 101 31 27 32 35 33 15 16 21 9 40 20 14 9
 0 0 2 32 48 55 57 176 33 25 57 42 26 12 16 32 20 41 21 32
 0 0 1 4 29 23 28 63 92 20 30 25 21 12 15 16 24 24 30 16
 0 2 1 15 31 80 42 59 64 88 34 11 21 13 11 17 11 21 8 17
 0 0 11 22 28 45 120 56 55 43 75 32 15 32 19 20 14 15 23 20
 0 0 6 24 43 42 41 158 35 44 24 36 17 9 20 18 13 11 14 18
 1 13 24 42 89 81 42 40 112 24 15 20 24 12 5 20 19 12 9 20
 0 6 27 48 31 71 59 26 47 94 15 12 15 20 10 7 16 11 12 7
 0 1 20 40 44 28 48 34 18 22 41 9 10 9 8 9 3 8 12 9
 0 1 13 105 73 79 47 83 39 19 32 57 15 19 16 12 14 18 16 12
 0 0 4 16 119 102 99 68 75 34 21 35 53 16 11 11 20 11 13 11
 0 1 7 18 27 144 90 95 48 39 38 18 17 35 13 9 7 10 14 9
 0 0 9 45 70 66 149 82 80 32 35 21 15 16 23 14 8 14 21 11
 0 0 9 45 70 66 149 82 80 32 35 21 15 16 23 14 8 14 21 11
 0 0 9 45 70 66 149 82 80 32 35 21 15 16 23 14 8 14 21 11
#growth_cov
 0 0 0 0 0 0 0 0 0 0 0 0 0 0 0 0 0 0 0 0 0 0 0 0 0 0 0 0 0 0 0 0 0 0 0 0 0 0 0 0 0 0 0 0 0 0 0 0 0 0 0 0 0 0 0 0 0 0 0 0 0 0 0 0 0 0 0 0 0
