# Number of parameters = 382 Objective function value = 218.408849477176  Maximum gradient component = 0.000109578556504341
# ln_q_srv:
 -0.0717680000000000
# natmort_f:
0.120000000000
# natmort_m:
0.136569980937
# Linf_f:
38.0340000000
# K_f:
0.137000000000
# t0_f:
0.297000000000
# Linf_m:
34.0300000000
# K_m:
0.161000000000
# t0_m:
0.515000000000
# age_incr:
 0.00000000000 0.00000000000 0.00000000000 0.00000000000 0.00000000000 0.00000000000 0.00000000000 0.00000000000 0.00000000000 0.00000000000 0.00000000000
# yr_incr:
 0.00000000000 0.00000000000 0.00000000000 0.00000000000 0.00000000000 0.00000000000 0.00000000000 0.00000000000 0.00000000000 0.00000000000 0.00000000000 0.00000000000 0.00000000000 0.00000000000 0.00000000000 0.00000000000 0.00000000000 0.00000000000 0.00000000000 0.00000000000 0.00000000000 0.00000000000 0.00000000000 0.00000000000 0.00000000000 0.00000000000 0.00000000000 0.00000000000 0.00000000000 0.00000000000 0.00000000000 0.00000000000 0.00000000000 0.00000000000 0.00000000000 0.00000000000 0.00000000000 0.00000000000 0.00000000000 0.00000000000 0.00000000000 0.00000000000 0.00000000000 0.00000000000 0.00000000000 0.00000000000 0.00000000000 0.00000000000 0.00000000000 0.00000000000 0.00000000000 0.00000000000 0.00000000000 0.00000000000 0.00000000000 0.00000000000 0.00000000000 0.00000000000 0.00000000000 0.00000000000 0.00000000000 0.00000000000 0.00000000000 0.00000000000 0.00000000000 0.00000000000 0.00000000000 0.00000000000 0.00000000000
# growth_alpha:
0.380000000000
# q_alpha:
 0.103493400720
# q_beta[1]:
 0.0686175175962 0.00589882989826 -0.00266489910312
# mean_log_rec:
0.937708700125
# rec_dev:
 0.191283714340 -0.125036632433 -0.468427668399 0.415079877346 0.0460101317308 -0.224834625359 -0.247481962170 -0.639230394992 -0.140512889643 -0.674626664469 -0.717543371729 -0.440335005054 -0.364866822916 0.222511061953 0.605795415834 0.568501335603 0.848650246420 0.949703960858 0.731364326148 0.354109555562 0.577695804400 0.765136920646 0.274147824522 0.400955237008 -0.0665726856281 -0.426094770523 -0.0125035324465 -0.170133060500 0.843166937939 -0.401898508210 0.769912928249 -0.0674016177154 -0.279056451141 -0.0204614313570 0.221554241079 0.314189668040 -0.257235103612 -0.155959306866 0.403427151672 -0.0333585996648 -0.119143732718 -0.0558347389170 0.703268119126 -0.0170163675637 -0.142065449833 -0.0309895785594 0.274199900480 -0.0630166456865 0.173989855521 0.139147142087 0.489447051144 -0.215174361837 -0.177671486154 -0.0624235661835 -0.138353152273 -0.0736392096384 0.109970634110 -0.617637887099 -1.01461984712 -0.785871982079 -0.942127828753 -0.552395923743 -0.442241092493 0.217575030911 -0.462114655055 0.0474205073908 0.145151349606 0.0614666739581 -0.0176004436942 -0.00132343650965
# mean_log_init:
-0.680008246498
# init_dev_m:
 0.474906751791 0.120281123970 0.0168506223995 -0.0176042855189 -0.0269399104433 -0.0311518617228 -0.0338077928881 -0.0368178942103 -0.0394305408876 -0.0404667462428 -0.0412047629651 -0.0429064129382 -0.0438160661157 -0.0442317258215 -0.0443944853877 -0.0444973143107 -0.0445784254086 -0.0446235847234 -0.0446530411630
# init_dev_f:
 0.513241749087 0.128838538264 0.0183043902485 -0.0183679101663 -0.0283087623101 -0.0327334609422 -0.0355140096796 -0.0386699730453 -0.0414000454056 -0.0424666261713 -0.0432237987096 -0.0449862083226 -0.0459235487402 -0.0463492058432 -0.0465146073087 -0.0466186419982 -0.0467004437701 -0.0467457978465 -0.0467752486579
# log_avg_fmort:
 -2.50710252635
# fmort_dev:
 -2.51312430326 -2.33058937592 -1.77135177490 -1.74330032731 -1.07700922022 0.481534541890 1.72249954079 2.85574258111 2.56708353399 1.38499597726 1.22480981420 0.956498873787 1.48921665230 1.73979523782 1.17996074270 1.99110671168 1.60861012259 1.79510118268 0.776718695168 1.08964212448 -0.103302159047 0.109214115339 -0.0924693421048 -0.611876795895 0.121403367857 -0.379394451887 -0.591855901292 -0.593603531412 -0.724646719929 -0.657344446376 -0.239893601939 0.158091114889 0.124548474252 0.0789628733260 0.358987465036 0.0845194089004 -0.575238679698 -0.441487420430 -0.179744900511 -0.386870867464 -0.0508965374660 -0.155712673876 -0.204839595999 0.255680032551 -0.161865538852 -0.534294108243 -0.384683523849 -0.711225621938 -0.549629173628 -0.701395420305 -0.807093733932 -0.663127385728 -0.621584146960 -0.384715847024 -0.136513158972 -0.541704340034 -0.434986013457 -0.187001926701 -0.206413235420 -0.0540651500587 -0.0394979844297 -0.228592433461 -0.146729334793 -0.183864147498 -0.150379823097 -0.103226781120 -0.0500194123899 -0.238767365277 0.0454869827419 -0.554281999370
# sel_slope_fsh_f:
 1.20220957583
# sel50_fsh_f:
 8.19600082015
# sel_slope_fsh_devs_f:
 1.09972605227e-05 6.73334102057e-05 0.000313462975234 0.000687800821943 0.00221416064230 0.0117468278037 0.0382736942837 0.123166064964 -0.0367420715546 -0.00267346419422 -0.424454963271 0.127372690462 0.0844834857121 0.0340190302286 0.0417789631396 0.132288350740 0.0698021063274 0.291525359099 0.143671320351 0.211980843725 0.0219203118250 0.174895310386 0.00886898381587 -0.177438363626 -0.0310828601636 -0.0513638836101 -0.169806926860 -0.164001898905 -0.111160297664 -0.0582659810248 -0.00719241959736 0.00695165394513 0.0683620786418 0.0523509535791 0.0858092985453 0.0991179907475 0.0708230700810 -0.186277940591 -0.0120841578114 -0.155569145192 0.000656141582827 -0.0364433343354 -0.00507140604135 0.0358094536346 -0.0230038302047 -0.0303254437821 0.0206389080689 -0.0247827973822 0.0444244029580 0.00465005255267 -0.0251936611535 -0.0950565539492 -0.0171036864105 -0.0382287147956 -0.0237096159505 0.0241244502461 -0.0210595618659 -0.0190271959908 0.00255475713272 0.0213226975350 0.0377716273701 0.00880994620476 0.0128692079141 -0.00329225029046 0.00858083036430 -0.0591926044461 -0.0425516968852 -0.0671374391263 -0.0101683267501 0.00474812417153
# sel50_fsh_devs_f:
 -0.000108181843686 -8.14084880787e-05 4.36833044297e-05 0.000484171951573 0.00268153872837 0.0239959340872 0.107106620356 0.271406185012 -0.125728014772 -0.0409985460804 -0.175340776494 0.0877875404407 0.113844051377 0.0425715158359 0.0780605608513 0.100905748268 -0.0226743466296 -0.108961326105 -0.00897401274480 -0.0185187459316 -0.120046252284 -0.0646298344265 0.0371915205456 -0.0913276435792 -0.0413731128297 -0.0525384882432 -0.0293323851922 -0.0454834148417 -0.103565497931 -0.128722344456 -0.0616676104270 -0.0509108461045 -0.0575322921274 0.0152546950656 0.0294222376801 0.0986976510229 0.0575672028045 -0.0112164477049 0.00797180943755 0.0694191230818 0.0683300535875 0.0144329995312 0.0198680944770 0.0114020198965 0.0651599599569 0.145664409651 0.0934422264968 0.0780048361959 0.120850699909 0.0381987842795 0.0555181043168 0.00673424876580 -0.0418988851373 -0.00921234914129 -0.0444148755265 -0.00762132906672 -0.0424068775463 -0.0314879854395 -0.0473532245335 0.00207398788679 0.0262910613608 0.0650054182176 0.00299977113525 -0.0304550106134 -0.0105738127197 -0.0268893026677 -0.0742572835946 -0.115677813558 -0.124581662767 0.00817353752657
# sel_slope_fsh_m:
 0.800000000000
# male_sel_offset:
0.00000000000
# sel_slope_fsh_devs_m:
 0.00000000000 0.00000000000 0.00000000000 0.00000000000 0.00000000000 0.00000000000 0.00000000000 0.00000000000 0.00000000000 0.00000000000 0.00000000000 0.00000000000 0.00000000000 0.00000000000 0.00000000000 0.00000000000 0.00000000000 0.00000000000 0.00000000000 0.00000000000 0.00000000000 0.00000000000 0.00000000000 0.00000000000 0.00000000000 0.00000000000 0.00000000000 0.00000000000 0.00000000000 0.00000000000 0.00000000000 0.00000000000 0.00000000000 0.00000000000 0.00000000000 0.00000000000 0.00000000000 0.00000000000 0.00000000000 0.00000000000 0.00000000000 0.00000000000 0.00000000000 0.00000000000 0.00000000000 0.00000000000 0.00000000000 0.00000000000 0.00000000000 0.00000000000 0.00000000000 0.00000000000 0.00000000000 0.00000000000 0.00000000000 0.00000000000 0.00000000000 0.00000000000 0.00000000000 0.00000000000 0.00000000000 0.00000000000 0.00000000000 0.00000000000 0.00000000000 0.00000000000 0.00000000000 0.00000000000 0.00000000000 0.00000000000
# sel50_fsh_m:
 5.00000000000
# sel50_fsh_devs_m:
 0.00000000000 0.00000000000 0.00000000000 0.00000000000 0.00000000000 0.00000000000 0.00000000000 0.00000000000 0.00000000000 0.00000000000 0.00000000000 0.00000000000 0.00000000000 0.00000000000 0.00000000000 0.00000000000 0.00000000000 0.00000000000 0.00000000000 0.00000000000 0.00000000000 0.00000000000 0.00000000000 0.00000000000 0.00000000000 0.00000000000 0.00000000000 0.00000000000 0.00000000000 0.00000000000 0.00000000000 0.00000000000 0.00000000000 0.00000000000 0.00000000000 0.00000000000 0.00000000000 0.00000000000 0.00000000000 0.00000000000 0.00000000000 0.00000000000 0.00000000000 0.00000000000 0.00000000000 0.00000000000 0.00000000000 0.00000000000 0.00000000000 0.00000000000 0.00000000000 0.00000000000 0.00000000000 0.00000000000 0.00000000000 0.00000000000 0.00000000000 0.00000000000 0.00000000000 0.00000000000 0.00000000000 0.00000000000 0.00000000000 0.00000000000 0.00000000000 0.00000000000 0.00000000000 0.00000000000 0.00000000000 0.00000000000
# sel_slope_srv:
 1.58049318784
# sel50_srv:
 4.32139678276
# sel_slope_srv_m:
 0.00000000000
# sel50_srv_m:
 0.00000000000
# F40:
 0.120000000000
# F35:
 0.160000000000
# F30:
 0.210000000000
# R_logalpha:
-4.56818844982
# R_logbeta:
-6.55511329403
# sigmaR:
0.600000000000
# wt_fsh_fut_f:
 6.00000000000 8.00000000000 20.0000000000 31.0000000000 138.000000000 204.000000000 242.000000000 339.000000000 377.000000000 432.000000000 445.000000000 510.000000000 493.000000000 557.000000000 588.000000000 605.000000000 643.000000000 619.000000000 637.000000000 658.000000000
# wt_fsh_fut_m:
 0.00000000000 4.00000000000 15.0000000000 34.0000000000 149.000000000 199.000000000 257.000000000 292.000000000 336.000000000 381.000000000 380.000000000 408.000000000 398.000000000 388.000000000 453.000000000 406.000000000 507.000000000 456.000000000 445.000000000 550.000000000
# wt_pop_fut_f:
 6.00000000000 6.00000000000 17.0000000000 49.0000000000 85.0000000000 151.000000000 244.000000000 338.000000000 391.000000000 437.000000000 524.000000000 516.000000000 518.000000000 626.000000000 635.000000000 646.000000000 644.000000000 739.000000000 784.000000000 734.000000000
# wt_pop_fut_m:
 4.00000000000 4.00000000000 21.0000000000 42.0000000000 82.0000000000 162.000000000 228.000000000 266.000000000 325.000000000 362.000000000 383.000000000 414.000000000 412.000000000 435.000000000 447.000000000 472.000000000 499.000000000 547.000000000 524.000000000 570.000000000
# log_msy_sel_f:
 -7.75970394414 -6.58681943542 -5.41645580186 -4.25404622988 -3.11613224606 -2.04835218794 -1.14747353256 -0.526218354759 -0.199243629997 -0.0664453366352 -0.0209332438984 -0.00646924901328 -0.00198890607556 -0.000611064221328 -0.000187883083613 -5.78383227688e-05 -1.78288858436e-05 -1.78295121120e-05 -1.78281078608e-05 -1.78280842357e-05
# log_msy_sel_m:
 -7.75970394416 -6.58681943540 -5.41645580195 -4.25404622995 -3.11613224597 -2.04835218804 -1.14747353246 -0.526218354836 -0.199243629543 -0.0664453363924 -0.0209332438135 -0.00646924898972 -0.00198890514353 -0.000611064563484 -0.000187882272809 -5.78368483478e-05 -1.78306219919e-05 -1.78286838317e-05 -1.78300645719e-05 -1.78282874796e-05
# rec_dev_future:
 0.00000000000 0.00000000000 0.00000000000 0.00000000000 0.00000000000 0.00000000000 0.00000000000 0.00000000000 0.00000000000 0.00000000000
