# Number of parameters = 502  Objective function value = 1356.83  Maximum gradient component = 0.000210283
# ln_q_srv:
 0.00000
# natmort_f:
0.120000000000
# natmort_m:
0.134861527214
# Linf_f:
38.0340000000
# K_f:
0.137000000000
# t0_f:
0.297000000000
# Linf_m:
34.0300000000
# K_m:
0.161000000000
# t0_m:
0.515000000000
# age_incr:
 0.00000000000 0.00000000000 0.00000000000 0.00000000000 0.00000000000 0.00000000000 0.00000000000 0.00000000000 0.00000000000 0.00000000000 0.00000000000
# yr_incr:
 0.00000000000 0.00000000000 0.00000000000 0.00000000000 0.00000000000 0.00000000000 0.00000000000 0.00000000000 0.00000000000 0.00000000000 0.00000000000 0.00000000000 0.00000000000 0.00000000000 0.00000000000 0.00000000000 0.00000000000 0.00000000000 0.00000000000 0.00000000000 0.00000000000 0.00000000000 0.00000000000 0.00000000000 0.00000000000 0.00000000000 0.00000000000 0.00000000000 0.00000000000 0.00000000000 0.00000000000 0.00000000000 0.00000000000 0.00000000000 0.00000000000 0.00000000000 0.00000000000 0.00000000000 0.00000000000 0.00000000000 0.00000000000 0.00000000000 0.00000000000 0.00000000000 0.00000000000 0.00000000000 0.00000000000 0.00000000000 0.00000000000 0.00000000000 0.00000000000 0.00000000000 0.00000000000 0.00000000000 0.00000000000 0.00000000000 0.00000000000 0.00000000000 0.00000000000 0.00000000000 0.00000000000 0.00000000000 0.00000000000 0.00000000000 0.00000000000
# growth_alpha:
0.380000000000
# q_alpha:
 -0.247707261970
# q_beta[1]:
 0.0580193402817 0.0118569355244 -0.0106862562111
# mean_log_rec:
1.02868157782
# rec_dev:
 -0.293823933129 -0.498643154864 -0.639694994244 0.739430794879 0.505023339129 0.137758053596 -0.290932564156 -0.952025569865 -0.314458540687 -0.983601629223 -1.07476888929 -0.782497380654 -0.719884041379 0.0312590842314 0.474918935532 0.507752348493 0.786084472359 0.892097658898 0.651228822151 0.283124429318 0.577497927205 0.736143621352 0.314426671678 0.542663718407 0.118751146549 -0.328044132903 0.335465560418 0.0481679208996 1.11550235146 -0.571100287426 0.925967767005 -0.135494459772 -0.400171500246 -0.0892051525118 0.226364541411 0.227167917780 -0.465711215896 -0.345708384482 0.454509873658 -0.0599730587185 -0.230190183442 -0.225733703773 0.674685684320 -0.166407622195 -0.355696778855 -0.156883177144 0.178384998258 -0.255953221307 0.0487748939975 0.0128269609917 0.457663849252 -0.355345028894 -0.220810754909 -0.00314219964464 -0.0789925713593 0.0753432957585 0.429907276346 -0.646093897050 -1.27457190119 -0.311461759238 0.103036030409 0.495423962927 0.235833496422 -0.105557384330 -0.0105554118153 -5.30364839744e-05
# mean_log_init:
-0.778052279225
# init_dev_m:
 0.530653908263 0.130721547722 -0.00189577714528 -0.0119195626761 -0.0498867016937 -0.0550286095264 -0.0587250716870 -0.0621890799324 -0.0653642192551 -0.0682296487221 -0.0712730054388 -0.0746827717863 -0.0767820326662 -0.0776482742443 -0.0779642987757 -0.0781606911130 -0.0783149533451 -0.0784007192041 -0.0784566591917
# init_dev_f:
 1.12220932373 0.305347356690 0.0385941445292 0.0225905522405 -0.0507277128080 -0.0570869009228 -0.0607743538280 -0.0642950469660 -0.0675435762575 -0.0704886719708 -0.0736270092798 -0.0771441859259 -0.0793011732591 -0.0801860299926 -0.0805065373024 -0.0807048853832 -0.0808602369856 -0.0809462410873 -0.0810021471137
# log_avg_fmort:
 -2.43109256532
# fmort_dev:
 -2.45199650610 -2.27032361659 -1.71144907613 -1.68353993980 -1.01669100230 0.550384347395 1.82464637383 3.00291618214 4.61006894532 1.36948578028 1.38334701226 0.999980381964 1.62455344436 1.90369562107 1.59081210918 2.00429360497 2.03812069587 2.32153543774 1.18556266076 1.62885151604 0.393358086400 0.291391038045 0.264577078542 -0.510312107923 0.155254800817 -0.394997338943 -0.285771794254 -0.527168788472 -0.807250877888 -0.779313092329 -0.337644467079 0.0513705454010 -0.0347510730561 -0.0554901730013 0.173510675020 -0.122943837568 -0.950087015800 -0.827347097381 -0.343205330327 -0.631068850270 -0.452435728473 -0.594200961067 -0.516127495909 -0.121085587854 -0.682691426841 -0.946238734678 -0.742107307027 -1.04258171519 -0.923210665252 -0.967372502582 -1.04627217476 -0.753066983331 -0.807140501869 -0.500229034907 -0.370512970282 -0.649260993144 -0.579181033540 -0.318175588257 -0.340538888652 -0.127248565698 -0.142150116071 -0.220136208129 -0.183903629963 -0.258326910927 -0.254642723527 -0.0875257653706
# sel_slope_fsh_f:
 1.17897642240
# sel50_fsh_f:
 8.68641183370
# sel_slope_fsh_devs_f:
 2.32697573459e-05 0.000112178198558 0.000497453731740 0.00103116427828 0.00329668072093 0.0196333989995 0.0686392575485 0.151029014277 0.260555966199 0.0116012555803 -0.0136941008739 0.193403594531 0.0359215391892 -0.00559290246370 -0.204881260957 0.238946536356 0.392155846533 1.05853122634 0.913590729910 0.0767809324001 0.235154612037 0.285145534747 -0.0614482144780 -0.460866553005 -0.0108688476791 -0.0771811110636 -0.475857143500 -0.370410844631 -0.149477596630 0.00650489896556 -0.0568709032981 -0.116139936930 0.223680642707 -0.131977319943 0.104853975817 0.109232917470 0.115703139236 -0.121919831386 -0.116365234567 -0.499621685948 0.0471732746912 0.0708409627052 -0.315545626531 -0.340011486156 -0.173305458836 -0.0344802021942 -0.0513427172855 -0.0899514153739 -0.00752190178015 -0.0653410241393 -0.0970830877664 -0.318392152459 0.269631417081 -0.169882242113 -0.0374511390372 0.167023733181 -0.112246891760 -0.0642161429275 -0.117401501380 0.158430901911 0.115388543482 -0.125762697002 -0.170897220298 -0.0625864684501 -0.108465316349 0.000543642767408
# sel50_fsh_devs_f:
 -0.000108661817317 -6.48664625764e-05 0.000173879195431 0.000855420826991 0.00414330438139 0.0350957331975 0.140606647753 0.301240870326 0.482450252936 -0.0995794419450 -0.0863748430312 0.0405639846907 0.101449065810 0.0880642960179 0.207857928706 0.00823227959987 0.218659336248 -0.272171538892 0.171418161490 0.166971284816 -0.240771298192 -0.0645975613276 0.0476657972268 -0.158560193220 -0.104138333070 -0.103677193545 0.0375925287281 -0.0278184133502 -0.123018639632 -0.208689026907 -0.0747043101112 -0.0393007997270 -0.122992853379 0.0575019472793 0.00555489061713 0.0703519987194 0.000241633219327 0.0158523589149 -0.0134886417814 0.0937789169145 -0.0712264386633 -0.110177790625 -0.0610028747349 -0.0338880520585 -0.102131577801 0.0873044251794 0.0862606275419 -0.00456779095168 0.0685044743631 0.0130140657293 -0.00627430739569 -0.0129914702288 -0.295281591713 -0.0404965167117 -0.0755494862364 -0.0719794625254 -0.0421784041448 -0.0376027220096 -0.0399533495389 0.0200621282065 0.0220948386329 0.116411527695 0.0668243262359 -0.0516568556546 0.0191413084533 0.00107506401556
# sel_slope_fsh_m:
 1.41201719411
# male_sel_offset:
0.00000000000
# sel_slope_fsh_devs_m:
 -1.60315611666e-05 -1.75226309338e-05 -3.17292311518e-05 -4.30317310887e-05 -0.000142237291158 -0.00131986356072 -0.00774870987530 -0.0321844681676 0.271991828703 -0.00166339067177 1.08366653273 0.154235968509 0.210292689709 0.319724846605 0.303929457436 0.228022081961 0.696236718150 0.298736061248 0.411772065981 0.591749000613 0.145478509852 0.276021612421 -0.177231252190 0.0514294987747 -0.302157002097 -0.219472370254 -0.855386803854 -0.709482036795 -0.296967064005 -0.129838670462 -0.0326954196694 0.0333327554874 0.167770047081 0.233814037612 0.210231988108 0.0901818314401 0.108594460866 0.176056662524 -0.0702954745242 -0.633695137478 -0.0229451618748 -0.0235180168834 -0.391401673708 -0.353390064943 0.00681073545074 -0.277914289274 -0.185233446774 -0.353700721216 0.103370424189 0.131741189349 -0.177016122456 -0.226548098690 0.382251585222 -0.0539955788834 -0.105960256836 -0.148673193438 0.0526387044387 -0.110641398697 0.0286572796535 -0.00875931696913 0.0187329586526 -0.198590778918 -0.217739035627 -0.390735194085 -0.0706655296271 0.000344446744680
# sel50_fsh_m:
 8.07085797215
# sel50_fsh_devs_m:
 -0.000102715020386 -0.000113629193441 -0.000182554767932 -0.000180602689989 -0.000392836433047 -0.00264638331516 -0.0143970527000 -0.0586453258280 -0.533842524382 -0.00220273302592 -0.729690772742 0.130480713431 0.0727018159902 -0.0568098995662 0.00987978996479 0.136551112607 -0.169757263792 0.406142957064 -0.107385608672 -0.0902529711225 0.247641554162 -0.0969001854719 0.119049524759 0.00990595128367 0.0238824670753 -0.0284759797234 0.292734439029 0.0990435187477 -0.140313562190 -0.154036320180 -0.0600637235187 -0.0680701326581 -0.0819729496657 -0.0124541413976 0.00980594165626 0.112817820391 -0.0310765228002 -0.0240053658535 -0.0161224542556 0.132754926955 -0.0424364912286 -0.0670801630644 -0.0876334315013 -0.00329044917089 0.0274494978038 0.217392231402 0.165081831401 0.236010839340 0.0959160870826 0.00782498142493 0.0604138745339 -0.0110950809482 -0.177891593129 -0.0709780620339 -0.0377791990467 0.0348623172362 -0.0755603846152 -0.0361411096888 -0.0720758749743 0.0569367408676 0.0323506184695 0.137843107116 0.108364721188 0.129435305201 0.0476145241364 0.00116686105647
# sel_slope_srv:
 1.54862264526
# sel50_srv:
 5.08885176291
# sel_slope_srv_m:
 0.0187831151651
# sel50_srv_m:
 -0.00294806629370
# F40:
 0.120000000000
# F35:
 0.160000000000
# F30:
 0.210000000000
# R_logalpha:
-4.40888924881
# R_logbeta:
-6.58322835780
# sigmaR:
0.600000000000
# wt_fsh_fut_f:
 6.00000000000 8.00000000000 20.0000000000 31.0000000000 55.0000000000 133.000000000 204.000000000 244.000000000 288.000000000 327.000000000 368.000000000 382.000000000 404.000000000 412.000000000 449.000000000 459.000000000 486.000000000 469.000000000 510.000000000 530.000000000
# wt_fsh_fut_m:
 0.00000000000 4.00000000000 15.0000000000 34.0000000000 60.0000000000 134.000000000 191.000000000 241.000000000 257.000000000 293.000000000 312.000000000 328.000000000 341.000000000 358.000000000 360.000000000 368.000000000 376.000000000 410.000000000 383.000000000 413.000000000
# wt_pop_fut_f:
 6.00000000000 9.00000000000 24.0000000000 44.0000000000 85.0000000000 102.000000000 143.000000000 221.000000000 226.000000000 345.000000000 413.000000000 433.000000000 456.000000000 471.000000000 512.000000000 521.000000000 540.000000000 535.000000000 571.000000000 590.000000000
# wt_pop_fut_m:
 4.00000000000 9.00000000000 32.0000000000 47.0000000000 86.0000000000 88.0000000000 154.000000000 174.000000000 216.000000000 286.000000000 324.000000000 357.000000000 365.000000000 376.000000000 392.000000000 364.000000000 415.000000000 409.000000000 480.000000000 500.000000000
# log_msy_sel_f:
 -8.47163971823 -7.35714767712 -6.24358386635 -5.13281913419 -4.03044248517 -2.95265680584 -1.94244072040 -1.08991830261 -0.503390966693 -0.196474728473 -0.0695617890890 -0.0236395332676 -0.00792461542896 -0.00264821619991 -0.000885434018207 -0.000296555857402 -9.95298018836e-05 -9.95301382929e-05 -9.95296975267e-05 -9.95302633968e-05
# log_msy_sel_m:
 -9.21418906710 -7.98666690316 -6.75976660247 -5.53484866572 -4.31649471400 -3.12035210935 -1.99685196936 -1.06946263040 -0.476285751582 -0.188992427092 -0.0712657744043 -0.0264093774545 -0.00978088558851 -0.00364486555479 -0.00136848186268 -0.000517204209628 -0.000196480583542 -0.000196480329791 -0.000196480824210 -0.000196480658194
# rec_dev_future:
 0.00000000000 0.00000000000 0.00000000000 0.00000000000 0.00000000000 0.00000000000 0.00000000000 0.00000000000 0.00000000000 0.00000000000
