# Number of parameters = 490  Objective function value = 3.64507  Maximum gradient component = 0.000308772
# ln_q_srv:
 0.00000
# natmort_f:
0.120000000000
# natmort_m:
0.133827277094
# Linf_f:
38.0340000000
# K_f:
0.137000000000
# t0_f:
0.297000000000
# Linf_m:
34.0300000000
# K_m:
0.161000000000
# t0_m:
0.515000000000
# age_incr:
 0.00000000000 0.00000000000 0.00000000000 0.00000000000 0.00000000000 0.00000000000 0.00000000000 0.00000000000 0.00000000000 0.00000000000 0.00000000000
# yr_incr:
 0.00000000000 0.00000000000 0.00000000000 0.00000000000 0.00000000000 0.00000000000 0.00000000000 0.00000000000 0.00000000000 0.00000000000 0.00000000000 0.00000000000 0.00000000000 0.00000000000 0.00000000000 0.00000000000 0.00000000000 0.00000000000 0.00000000000 0.00000000000 0.00000000000 0.00000000000 0.00000000000 0.00000000000 0.00000000000 0.00000000000 0.00000000000 0.00000000000 0.00000000000 0.00000000000 0.00000000000 0.00000000000 0.00000000000 0.00000000000 0.00000000000 0.00000000000 0.00000000000 0.00000000000 0.00000000000 0.00000000000 0.00000000000 0.00000000000 0.00000000000 0.00000000000 0.00000000000 0.00000000000 0.00000000000 0.00000000000 0.00000000000 0.00000000000 0.00000000000 0.00000000000 0.00000000000 0.00000000000 0.00000000000 0.00000000000 0.00000000000 0.00000000000 0.00000000000 0.00000000000 0.00000000000 0.00000000000 0.00000000000
# growth_alpha:
0.380000000000
# q_alpha:
 -0.243606713416
# q_beta[1]:
 0.0736530610539 0.0120519371449 -0.00870470371343
# mean_log_rec:
1.01458128616
# rec_dev:
 -0.171583900743 -0.499729664905 -0.878041238418 0.280091678865 -0.0616585570703 -0.339049733367 -0.407430873624 -0.964542706712 -0.351704429855 -0.944095854286 -0.978802729626 -0.706600661556 -0.700932467626 0.0646723130178 0.487280412842 0.507934533964 0.786186278483 0.891883420101 0.651145113579 0.283844259818 0.579670887633 0.739511698035 0.318696114273 0.547166793381 0.123868447406 -0.322725860815 0.340271895928 0.0522482577285 1.11907333672 -0.567128203735 0.929509240448 -0.131986893364 -0.396229187131 -0.0854594853561 0.229732427517 0.230434190884 -0.462533079195 -0.343349154125 0.455971122660 -0.0581467542694 -0.227791532183 -0.222890878072 0.677547463466 -0.163160018661 -0.352254824917 -0.152671974740 0.194646573036 -0.254351176556 0.0685014467759 0.0427342297646 0.509733182437 -0.314776863658 -0.120726705407 0.128287444784 0.0300886253717 0.187129066281 0.491251156816 -0.620609156088 -1.31678380513 0.0182493579294 0.634863913920 0.495124793781 0.0289909800121 -0.00859230124308
# mean_log_init:
-0.605824111075
# init_dev_m:
 1.09229637507 0.309468809498 0.0741077147347 0.0174451281117 -0.0428328182626 -0.0544647089566 -0.0586644898168 -0.0636205820762 -0.0671446322194 -0.0697397829184 -0.0729552310257 -0.0756570572475 -0.0773275591067 -0.0780325177226 -0.0782976139511 -0.0784640547245 -0.0785952158326 -0.0786683367138 -0.0787160362674
# init_dev_f:
 0.517591317234 0.131741333232 0.0144529502849 -0.0140229707982 -0.0462830357598 -0.0561164957545 -0.0606020345450 -0.0657771663601 -0.0694068060288 -0.0720733856842 -0.0753880158685 -0.0781684900065 -0.0798810744777 -0.0805998477393 -0.0808683492720 -0.0810362759994 -0.0811682535417 -0.0812415583430 -0.0812892049011
# log_avg_fmort:
 -2.46971297943
# fmort_dev:
 -2.58263681409 -2.40309935424 -1.84694814727 -1.82228671429 -1.15991849871 0.391103792717 1.59717948005 2.46106955859 4.03775093771 1.34509111166 1.12882301966 0.969377699450 1.59461593533 1.88466160321 1.57807423752 2.05601786009 2.14896882819 2.74747625284 1.55119919946 1.52291947357 0.337772919321 0.241635073121 0.174891472887 -0.541850516232 0.165516000989 -0.372467178103 -0.289817320857 -0.499879517015 -0.770795635219 -0.740563378586 -0.299275622559 0.0909195415539 0.00577910877675 -0.0156317539690 0.215101814855 -0.0813756705501 -0.907875936765 -0.785433850836 -0.299326618518 -0.586605025425 -0.407793821783 -0.549238654488 -0.470302479582 -0.0749955146086 -0.636795594624 -0.900294382106 -0.696217708320 -0.995949084239 -0.877749879331 -0.921492075970 -0.999582720038 -0.706455740019 -0.761363403642 -0.454102604857 -0.323724897390 -0.601763556890 -0.532124646065 -0.269391136531 -0.296167603745 -0.0859931568617 -0.101780195915 -0.165968026545 -0.151448492895 -0.259461902708
# sel_slope_fsh_f:
 1.18254244144
# sel50_fsh_f:
 8.55900820306
# sel_slope_fsh_devs_f:
 -1.37977017118e-05 -1.36099078736e-05 -2.54154576176e-05 -3.58944139744e-05 -0.000120044027515 -0.00108364553493 -0.00528225113741 -0.0119695341305 -0.0545513999217 -0.0507611997581 1.23413635333 0.108116629166 0.0975158689478 0.247128376334 -0.0363297406965 0.0946031088795 0.287175626180 -0.152149229414 1.11068252375 0.177686310322 0.265330515901 0.298230481081 -0.0481865483181 -0.405287797459 0.00182226762398 -0.0691478585938 -0.448865125989 -0.360344746993 -0.146300640739 0.00981754163807 -0.0554379600793 -0.116249549337 0.224217727650 -0.129447619491 0.105926135371 0.111754260695 0.117036925779 -0.118534731063 -0.117659102239 -0.500211149454 0.0479529951800 0.0767463016978 -0.315247645458 -0.339035326257 -0.172164318937 -0.0328595009080 -0.0504037881329 -0.0882351049965 -0.00195520428375 -0.0627070304534 -0.0952603345419 -0.313810184997 0.272479882389 -0.162248640172 -0.0288048675900 0.174754813427 -0.102723507223 -0.0632537790809 -0.129745632559 0.148254101882 0.0801076474463 -0.169775467546 -0.256192074016 -0.0790451771336
# sel50_fsh_devs_f:
 -0.000109189570663 -0.000113062070724 -0.000165280903248 -0.000148521093131 -0.000314416113799 -0.00204297636430 -0.00897702995965 -0.0212206730777 0.00519964189046 -0.0431323745141 -0.812383437444 0.219320108945 0.210695067842 0.190648833195 0.318772536344 0.0810797010731 0.258587260152 0.287092713771 0.195179169032 0.0544851921970 -0.245711910515 -0.0608287384896 0.0422461836284 -0.181775741418 -0.0971614894714 -0.0947086573558 0.0329311047863 -0.0198592303440 -0.111061675803 -0.196109551201 -0.0617917680050 -0.0259424539431 -0.109404723099 0.0701664399660 0.0192909732597 0.0837690482157 0.0136586848693 0.0284552885620 0.000317949799523 0.106890567802 -0.0578502830371 -0.0977158329953 -0.0481975824553 -0.0212371939432 -0.0894173211289 0.100464682989 0.0995527222156 0.00835515518151 0.0807982750266 0.0261281134877 0.00709693254214 -0.000335505964010 -0.281318014738 -0.0274909360552 -0.0614159954152 -0.0561914793772 -0.0237093309734 -0.0145082935391 -0.0110190981113 0.0456718169704 0.0548462358177 0.156458212482 0.113115120545 -0.0279039495669
# sel_slope_fsh_m:
 1.37462105674
# male_sel_offset:
0.00000000000
# sel_slope_fsh_devs_m:
 1.38313439049e-05 7.76376824243e-05 0.000369977840449 0.000791045007487 0.00260169636434 0.0150572401019 0.0501242795901 0.103397720530 0.191831048178 0.0543779599670 0.326551006057 0.336077017913 0.0908169487008 0.181735534699 0.221440017476 0.434202768494 0.530634703818 0.681220094024 0.507390371188 0.628959500835 0.0987785390801 0.318289984774 -0.135714486011 0.0918769496347 -0.272139977924 -0.193782850449 -0.826035536883 -0.687095515801 -0.282116416199 -0.122700279707 -0.0193735047476 0.0476728362178 0.180698833823 0.246649910570 0.222207718137 0.101038851024 0.121617943661 0.190358209255 -0.0554036163075 -0.619298013360 -0.0179269303944 -0.0180585138342 -0.382504189476 -0.341757108394 0.00870005636353 -0.268820112696 -0.178082491287 -0.344157935361 0.111434931509 0.134276201979 -0.169624678017 -0.223056785764 0.388127037524 -0.0442070672717 -0.0970979837699 -0.143733180922 0.0402081059264 -0.120538149597 0.0136086994517 -0.00460906556304 -0.0521941392125 -0.328791147577 -0.292994972419 -0.431400518278
# sel50_fsh_m:
 8.35506353337
# sel50_fsh_devs_m:
 -7.23050879294e-05 -3.12429448126e-05 0.000213270354951 0.000877279053721 0.00418508992117 0.0354028725635 0.138173510711 0.276644589554 0.470637383124 -0.0972266932475 -0.00576758678872 -0.00873856221205 0.0439987695673 -0.0844565177189 -0.0313019769376 0.0299144127271 -0.151418932969 -0.171650436286 -0.128686841342 -0.123978926260 0.313762396188 -0.141777809832 0.0667987699224 -0.0354713924642 -0.0159553093678 -0.0651173783067 0.248238595294 0.0634864896930 -0.172012505322 -0.184181488927 -0.0923173902017 -0.100400524836 -0.114532322491 -0.0456188033843 -0.0236078101946 0.0800195876637 -0.0639332423109 -0.0576082468635 -0.0485917930109 0.102695516326 -0.0734486333267 -0.0981162568101 -0.116352545696 -0.0335579485056 -0.00269415000749 0.187079253819 0.134311074705 0.205742289996 0.0645676188208 -0.0242904525949 0.0300099776716 -0.0386828079001 -0.209058393364 -0.0995004044278 -0.0647469254096 0.00937979598468 -0.0971407389569 -0.0520098664311 -0.0860480277134 0.0397980347098 0.0294661250336 0.154372300026 0.107593116444 0.122735127788
# sel_slope_srv:
 1.56669087696
# sel50_srv:
 5.09531693857
# sel_slope_srv_m:
 0.0126156479780
# sel50_srv_m:
 -0.00165617582137
# F40:
 0.120000000000
# F35:
 0.160000000000
# F30:
 0.210000000000
# R_logalpha:
-4.44194996562
# R_logbeta:
-6.63352244866
# sigmaR:
0.600000000000
# wt_fsh_fut_f:
 6.00000000000 8.00000000000 20.0000000000 31.0000000000 55.0000000000 133.000000000 204.000000000 244.000000000 288.000000000 327.000000000 368.000000000 382.000000000 404.000000000 412.000000000 449.000000000 459.000000000 486.000000000 469.000000000 510.000000000 530.000000000
# wt_fsh_fut_m:
 0.00000000000 4.00000000000 15.0000000000 34.0000000000 60.0000000000 134.000000000 191.000000000 241.000000000 257.000000000 293.000000000 312.000000000 328.000000000 341.000000000 358.000000000 360.000000000 368.000000000 376.000000000 410.000000000 383.000000000 413.000000000
# wt_pop_fut_f:
 6.00000000000 9.00000000000 18.0000000000 56.0000000000 65.0000000000 155.000000000 129.000000000 156.000000000 250.000000000 357.000000000 402.000000000 413.000000000 454.000000000 459.000000000 487.000000000 512.000000000 521.000000000 542.000000000 551.000000000 590.000000000
# wt_pop_fut_m:
 4.00000000000 9.00000000000 26.0000000000 58.0000000000 76.0000000000 94.0000000000 103.000000000 149.000000000 207.000000000 291.000000000 316.000000000 336.000000000 338.000000000 343.000000000 380.000000000 376.000000000 424.000000000 433.000000000 421.000000000 460.000000000
# log_msy_sel_f:
 -8.28312465066 -7.28166313075 -6.28104935917 -5.28278113558 -4.29099184841 -3.31679837961 -2.38773690282 -1.55892110605 -0.901352957207 -0.455583806345 -0.203435301558 -0.0834220579587 -0.0327500932381 -0.0126309699856 -0.00484382025602 -0.00185613274273 -0.000712072683146 -0.000712072371653 -0.000712072537102 -0.000712072651603
# log_msy_sel_m:
 -8.23872392552 -7.26989656276 -6.30181428169 -5.33565997718 -4.37448759518 -3.42607282607 -2.50942334822 -1.66633052881 -0.968188881242 -0.483932229372 -0.213187471943 -0.0869682313381 -0.0342271799448 -0.0132893633941 -0.00514137390958 -0.00199001743905 -0.000771843410786 -0.000771843471933 -0.000771843400174 -0.000771843289151
# rec_dev_future:
 0.00000000000 0.00000000000 0.00000000000 0.00000000000 0.00000000000 0.00000000000 0.00000000000 0.00000000000 0.00000000000 0.00000000000
