# Number of parameters = 472  Objective function value = -4085.80  Maximum gradient component = 0.000687117
# ln_q_srv:
 0.00000
# natmort_f:
0.120000000000
# natmort_m:
0.136134745901
# Linf_f:
38.0340000000
# K_f:
0.137000000000
# t0_f:
0.297000000000
# Linf_m:
34.0300000000
# K_m:
0.161000000000
# t0_m:
0.515000000000
# age_incr:
 0.00000000000 0.00000000000 0.00000000000 0.00000000000 0.00000000000 0.00000000000 0.00000000000 0.00000000000 0.00000000000 0.00000000000 0.00000000000
# yr_incr:
 0.00000000000 0.00000000000 0.00000000000 0.00000000000 0.00000000000 0.00000000000 0.00000000000 0.00000000000 0.00000000000 0.00000000000 0.00000000000 0.00000000000 0.00000000000 0.00000000000 0.00000000000 0.00000000000 0.00000000000 0.00000000000 0.00000000000 0.00000000000 0.00000000000 0.00000000000 0.00000000000 0.00000000000 0.00000000000 0.00000000000 0.00000000000 0.00000000000 0.00000000000 0.00000000000 0.00000000000 0.00000000000 0.00000000000 0.00000000000 0.00000000000 0.00000000000 0.00000000000 0.00000000000 0.00000000000 0.00000000000 0.00000000000 0.00000000000 0.00000000000 0.00000000000 0.00000000000 0.00000000000 0.00000000000 0.00000000000 0.00000000000 0.00000000000 0.00000000000 0.00000000000 0.00000000000 0.00000000000 0.00000000000 0.00000000000 0.00000000000 0.00000000000 0.00000000000 0.00000000000
# growth_alpha:
0.380000000000
# q_alpha:
 -0.123223988892
# q_beta[1]:
 0.0525709947890 0.0132277919676 -0.00718067645928
# mean_log_rec:
0.958389254710
# rec_dev:
 -0.223270835268 -0.431402871694 -0.576193016464 0.802450165454 0.564012338803 0.181396300142 -0.232459186141 -0.891464103786 -0.249167402626 -0.894654189610 -0.973407981871 -0.711337952117 -0.689513330811 0.0610300187440 0.497983312628 0.525500867002 0.799783111710 0.902496108008 0.658569749157 0.288194365717 0.581517280129 0.739507154773 0.316594670919 0.542347978962 0.117382241763 -0.331241141058 0.329376099750 0.0380178893410 1.10145580877 -0.586900717895 0.906583897243 -0.158526517043 -0.427329792620 -0.121587488045 0.187906980720 0.180994406646 -0.519344552649 -0.408590917494 0.380182555379 -0.143355499258 -0.321890586833 -0.327167029678 0.561498353836 -0.286422544237 -0.461209661740 -0.276748482335 0.0596181435629 -0.369929749773 -0.0340881232739 -0.0477109271297 0.499376829749 -0.207731375200 -0.0844509220927 0.166544792086 -0.0127773800761 0.0833902631101 0.179411399914 -0.753136544862 -0.405726645261 -0.0855330737038 -0.00885240426121
# mean_log_init:
-0.768328708200
# init_dev_m:
 0.528535841444 0.128588185748 -0.00388572720854 -0.0119673705552 -0.0491077528237 -0.0543755828970 -0.0580287454736 -0.0614514913705 -0.0645872117764 -0.0674163647357 -0.0704428451151 -0.0737846265163 -0.0758531472045 -0.0767093900086 -0.0770205511175 -0.0772135432495 -0.0773648858967 -0.0774490142011 -0.0775038457752
# init_dev_f:
 1.11632858171 0.300084313139 0.0337827415398 0.0217265317611 -0.0499222859677 -0.0565830536059 -0.0602336488280 -0.0637179202930 -0.0669322535026 -0.0698468391668 -0.0729763057423 -0.0764324516363 -0.0785628665783 -0.0794391741778 -0.0797551246266 -0.0799502636531 -0.0801027088514 -0.0801871555154 -0.0802419366722
# log_avg_fmort:
 -2.31436779535
# fmort_dev:
 -2.57897318794 -2.39671295563 -1.83729370285 -1.80885705424 -1.14151544625 0.425365365833 1.69608138549 2.85703043659 4.46846572164 1.26930864086 1.26512567010 0.887351539248 1.51308606455 1.79463879820 1.49062704793 1.93241575479 2.02943977979 1.84364704504 1.20156817197 1.48596972569 0.342919949590 0.225818188693 0.204760363338 -0.564335476991 0.106097897825 -0.438056880664 -0.316617567142 -0.559790741142 -0.841568841073 -0.812425896773 -0.367378080921 0.0258278212554 -0.0545408137599 -0.0646714086349 0.171230448661 -0.112108383889 -0.939158761164 -0.815503545095 -0.334258382158 -0.604815335628 -0.441111363555 -0.577444793001 -0.494123751448 -0.0929560855200 -0.645924465605 -0.901354312583 -0.694533583733 -0.990494724306 -0.865300973970 -0.903429086021 -0.976908687844 -0.673900961817 -0.718521592059 -0.397373956510 -0.251224346658 -0.517857690354 -0.428930739793 -0.139589836578 -0.139078757816 0.0742416428309 0.127624448931
# sel_slope_fsh_f:
 1.17191172177
# sel50_fsh_f:
 8.74480939733
# sel_slope_fsh_devs_f:
 2.12882030404e-05 0.000105707010658 0.000473058227920 0.000992230333776 0.00322718840701 0.0196649940403 0.0685951174458 0.149455850356 0.257603007330 0.0104902761863 0.000646244782697 0.196135826723 0.0445929684708 0.0203828097123 -0.183531585013 0.286833351645 0.411097874002 1.01907118092 1.08561683318 0.169827338090 0.234250940863 0.291080752920 -0.0573974734596 -0.459988857199 -0.00769920473893 -0.0750941318934 -0.479803645158 -0.373815164875 -0.151433481544 0.000155866646634 -0.0599627663249 -0.117585638850 0.223326718593 -0.134868112089 0.0998442155918 0.0944332589667 0.102513163280 -0.143738374933 -0.125922845365 -0.518950993281 0.0366828695382 0.0491721572172 -0.326959105625 -0.355522089513 -0.183415593040 -0.0470482115640 -0.0591150901199 -0.0937914824814 -0.0139835018711 -0.0680886554884 -0.0956553093918 -0.314093311473 0.285718178321 -0.151260410359 -0.0161737880596 0.185075831758 -0.109776022235 -0.105406990910 -0.274032301402 0.00817153638676 -0.251141653876
# sel50_fsh_devs_f:
 -0.000108238423103 -6.78260001195e-05 0.000151746466891 0.000795265683550 0.00391701131265 0.0336443273718 0.136009291380 0.292851397072 0.474841631197 -0.100328343303 -0.0948272050539 0.0335468693712 0.0941826214693 0.0808115504183 0.201268681783 0.0414059328603 0.220693786397 -0.283639396956 0.163642584694 0.0654062808828 -0.244340960459 -0.0715206470745 0.0415606938537 -0.163949938547 -0.110164865619 -0.108386921370 0.0379421318420 -0.0290438073708 -0.126213085441 -0.211788136924 -0.0781897200459 -0.0430389806377 -0.127232458375 0.0554639297356 0.00312775104343 0.0706905925016 0.000739127319990 0.0194810721787 -0.0126920941933 0.103156031567 -0.0736288606640 -0.111168339072 -0.0622078382725 -0.0342074072233 -0.105272822760 0.0854065747825 0.0825763484718 -0.00962424294855 0.0641280866935 0.00747502377917 -0.0122493333907 -0.0163853887638 -0.299604824939 -0.0420628384735 -0.0712751255422 -0.0640604793248 -0.0145108082596 0.0118116344330 0.0525935328323 0.0910814882707 0.151388262274
# sel_slope_fsh_m:
 1.41273810074
# male_sel_offset:
0.00000000000
# sel_slope_fsh_devs_m:
 -1.56502948236e-05 -1.71408894376e-05 -3.12152820934e-05 -4.27902589166e-05 -0.000141979631439 -0.00130613136666 -0.00742413324667 -0.0296991614310 0.245656887178 -0.00244728829447 1.08189163567 0.160629192139 0.211941971320 0.314239554475 0.314911243869 0.189373183537 0.595684846422 0.435680517166 0.434980874845 0.605342808021 0.122334146700 0.273542866464 -0.178014763418 0.0514355752024 -0.303993101746 -0.220153441976 -0.856810618268 -0.712496785296 -0.298635376251 -0.128826656683 -0.0311314465426 0.0368514306956 0.167809478620 0.231856908356 0.210385079769 0.0842395975707 0.0900905902218 0.162564105528 -0.0846568108196 -0.653619163737 -0.0285658099569 -0.0272075904036 -0.395222047468 -0.354132500688 0.00658753215442 -0.279784776251 -0.185537502057 -0.353663996173 0.111893961040 0.146800889015 -0.155155715746 -0.198156933148 0.389244288514 -0.0342209494487 -0.0863272137097 -0.128716395632 0.00180986056441 -0.209957904456 -0.183978144016 -0.121136059465 -0.426549631782
# sel50_fsh_m:
 8.00134099749
# sel50_fsh_devs_m:
 -9.99158525730e-05 -0.000110517946876 -0.000177445388411 -0.000175248264776 -0.000380879455955 -0.00257380223550 -0.0139245132152 -0.0548624198926 -0.515757088175 -0.00277096230214 -0.723699951425 0.137157555808 0.0793676148673 -0.0525351696341 0.0136222476109 0.0950035364595 -0.135578175688 -0.0807677232214 -0.0950179306262 -0.0807111886510 0.291727536987 -0.0884250949869 0.127607849086 0.0180068078334 0.0328352347571 -0.0194378569619 0.304479098755 0.110395419405 -0.130930181128 -0.145710272898 -0.0516170052792 -0.0593605639021 -0.0720570835997 -0.00171487453883 0.0207958928135 0.125392435298 -0.0167860946980 -0.0108936006832 -0.00269423752280 0.153476511346 -0.0332978688971 -0.0587194849480 -0.0810429514265 0.00197567393227 0.0346482556384 0.225801641784 0.172029700248 0.242403204154 0.100982843756 0.0125290657891 0.0624606739775 -0.00922424803390 -0.168976461798 -0.0599433569924 -0.0205370900261 0.0558623135272 -0.0289391291572 0.0393586691282 0.0303335112846 0.138287182679 0.192908979672
# sel_slope_srv:
 1.54278384061
# sel50_srv:
 5.12770339110
# sel_slope_srv_m:
 0.0319568268862
# sel50_srv_m:
 -0.00662882322736
# F40:
 0.120000000000
# F35:
 0.160000000000
# F30:
 0.210000000000
# R_logalpha:
-4.31897927745
# R_logbeta:
-6.44422786786
# sigmaR:
0.600000000000
# wt_fsh_fut_f:
 6.00000000000 8.00000000000 20.0000000000 31.0000000000 55.0000000000 133.000000000 204.000000000 244.000000000 288.000000000 327.000000000 368.000000000 382.000000000 404.000000000 412.000000000 449.000000000 459.000000000 486.000000000 469.000000000 510.000000000 530.000000000
# wt_fsh_fut_m:
 0.00000000000 4.00000000000 15.0000000000 34.0000000000 60.0000000000 134.000000000 191.000000000 241.000000000 257.000000000 293.000000000 312.000000000 328.000000000 341.000000000 358.000000000 360.000000000 368.000000000 376.000000000 410.000000000 383.000000000 413.000000000
# wt_pop_fut_f:
 6.00000000000 8.00000000000 11.0000000000 18.0000000000 34.0000000000 74.0000000000 145.000000000 203.000000000 260.000000000 305.000000000 370.000000000 403.000000000 430.000000000 441.000000000 457.000000000 464.000000000 496.000000000 536.000000000 582.000000000 590.000000000
# wt_pop_fut_m:
 4.00000000000 8.00000000000 11.0000000000 44.0000000000 34.0000000000 75.0000000000 150.000000000 195.000000000 246.000000000 296.000000000 280.000000000 308.000000000 298.000000000 333.000000000 349.000000000 367.000000000 386.000000000 397.000000000 393.000000000 405.000000000
# log_msy_sel_f:
 -8.60731309413 -7.61304675537 -6.61947350496 -5.62764661023 -4.64023523009 -3.66396741001 -2.71536552067 -1.83200840993 -1.08402264501 -0.551519263306 -0.247590360128 -0.103145835061 -0.0415008503075 -0.0164937564367 -0.00654243710348 -0.00260036236072 -0.00103675282475 -0.00103675433433 -0.00103675257411 -0.00103675362577
# log_msy_sel_m:
 -8.93110644107 -7.81509244500 -6.69973460146 -5.58633392788 -4.47882657466 -3.38895448320 -2.34932915407 -1.43332722842 -0.744291610787 -0.331600740118 -0.133833027995 -0.0516309160264 -0.0196408365850 -0.00747580621554 -0.00286286665042 -0.00110433842667 -0.000428858330291 -0.000428856148071 -0.000428856042122 -0.000428855982597
# rec_dev_future:
 0.00000000000 0.00000000000 0.00000000000 0.00000000000 0.00000000000 0.00000000000 0.00000000000 0.00000000000 0.00000000000 0.00000000000
