# Number of parameters = 466  Objective function value = -5472.39  Maximum gradient component = 0.00276010
# ln_q_srv:
 0.00000
# natmort_f:
0.120000000000
# natmort_m:
0.136356062800
# Linf_f:
38.0340000000
# K_f:
0.137000000000
# t0_f:
0.297000000000
# Linf_m:
34.0300000000
# K_m:
0.161000000000
# t0_m:
0.515000000000
# age_incr:
 0.00000000000 0.00000000000 0.00000000000 0.00000000000 0.00000000000 0.00000000000 0.00000000000 0.00000000000 0.00000000000 0.00000000000 0.00000000000
# yr_incr:
 0.00000000000 0.00000000000 0.00000000000 0.00000000000 0.00000000000 0.00000000000 0.00000000000 0.00000000000 0.00000000000 0.00000000000 0.00000000000 0.00000000000 0.00000000000 0.00000000000 0.00000000000 0.00000000000 0.00000000000 0.00000000000 0.00000000000 0.00000000000 0.00000000000 0.00000000000 0.00000000000 0.00000000000 0.00000000000 0.00000000000 0.00000000000 0.00000000000 0.00000000000 0.00000000000 0.00000000000 0.00000000000 0.00000000000 0.00000000000 0.00000000000 0.00000000000 0.00000000000 0.00000000000 0.00000000000 0.00000000000 0.00000000000 0.00000000000 0.00000000000 0.00000000000 0.00000000000 0.00000000000 0.00000000000 0.00000000000 0.00000000000 0.00000000000 0.00000000000 0.00000000000 0.00000000000 0.00000000000 0.00000000000 0.00000000000 0.00000000000 0.00000000000 0.00000000000
# growth_alpha:
0.380000000000
# q_alpha:
 -0.0677403799246
# q_beta[1]:
 0.0429840249359 0.0114891589246 -0.00865823569549
# mean_log_rec:
0.930818915679
# rec_dev:
 -0.212880174594 -0.424118206657 -0.576221176539 0.738204956691 0.325561829922 -0.101098859143 -0.263179975504 -0.855008966390 -0.214708928831 -0.868743384372 -0.950139503358 -0.691601531801 -0.674970037844 0.0711292550333 0.504771857463 0.529727731690 0.802187038274 0.903444714012 0.658253241701 0.287262972832 0.580400818555 0.738662852951 0.315417774882 0.540226592851 0.114336023865 -0.335557483648 0.324182286077 0.0313658378942 1.09361256104 -0.595037281329 0.897347084967 -0.169312663445 -0.440140711117 -0.136620826508 0.170268973368 0.159921743513 -0.543727376516 -0.437422561291 0.345743233692 -0.183131806060 -0.366013018685 -0.375486854438 0.517279689598 -0.330724158826 -0.513522933381 -0.321178046503 -0.0126034074244 -0.438955632730 -0.0718071767396 -0.0919698879677 0.519087985493 -0.218198478451 -0.0735929674533 0.185353508791 0.149378680713 0.311159707412 0.0543447265023 -0.292855421695 -0.0809482243021 -0.00715603948881
# mean_log_init:
-0.694770818866
# init_dev_m:
 0.496394463229 0.114658292516 -0.00125782477504 -0.0108251025868 -0.0417768236979 -0.0501880134490 -0.0537607037189 -0.0575827826062 -0.0606921701885 -0.0632253224977 -0.0661500178191 -0.0689623142594 -0.0707134357383 -0.0714537788925 -0.0717238539968 -0.0718912436018 -0.0720226512455 -0.0720956783922 -0.0721433028366
# init_dev_f:
 1.04344627339 0.267275461431 0.0351258109265 0.0184580883719 -0.0407442721954 -0.0523766918046 -0.0559279616143 -0.0598435237122 -0.0630476548921 -0.0656597639807 -0.0686887661903 -0.0715985824997 -0.0734026539178 -0.0741605671425 -0.0744348586549 -0.0746040951034 -0.0747365364150 -0.0748098157551 -0.0748574003990
# log_avg_fmort:
 -2.29163926634
# fmort_dev:
 -2.67979061878 -2.49802808242 -1.93938984426 -1.91192106016 -1.24593391801 0.314152726759 1.55270001385 2.56077069549 3.88514541093 1.27565293804 1.13466278435 0.913035207603 1.54178228840 1.81869592341 1.74104646356 1.90664162170 2.01922663812 1.82796264346 1.18954326848 1.47191640821 0.338588940922 0.224499693020 0.206395491802 -0.560950077855 0.112296146538 -0.429278331027 -0.303031060805 -0.546045828800 -0.829221361510 -0.799868874567 -0.353432435975 0.0414097844052 -0.0365184951838 -0.0427780470383 0.195702768745 -0.0815324470202 -0.908218218654 -0.784767406582 -0.304782480201 -0.567019424670 -0.411106840666 -0.545653399973 -0.459959288990 -0.0566843459683 -0.604586739044 -0.855890396261 -0.647783553208 -0.941690372701 -0.814467505688 -0.848790237190 -0.918907247009 -0.612091977420 -0.654214363656 -0.327129495974 -0.172363389800 -0.431002739835 -0.329766123350 -0.0242594457501 -0.00614823673642 0.213175834995
# sel_slope_fsh_f:
 1.18444000540
# sel50_fsh_f:
 8.76071759246
# sel_slope_fsh_devs_f:
 1.87042061963e-05 8.88492526503e-05 0.000389814616223 0.000808785983062 0.00263914655084 0.0162885290007 0.0566436268002 0.125051558467 0.211176033899 0.0217155858925 0.351556165382 0.152215211636 0.0732681974625 0.0639094783333 -0.244046543325 0.304747321355 0.381281164744 1.01312015781 1.08323127085 0.161702554786 0.224351746779 0.282251076183 -0.0674600572149 -0.469726762486 -0.0171296542450 -0.0847318215559 -0.491886314972 -0.385956682446 -0.162288809735 -0.0108417541452 -0.0707232681368 -0.127903339122 0.214800171555 -0.144759302671 0.0896676694242 0.0803611821110 0.0880559420534 -0.160913774976 -0.139518507625 -0.538000477967 0.0242311466346 0.0369325178359 -0.340974867993 -0.368707793962 -0.195939790624 -0.0607915668267 -0.0708518133127 -0.102799550169 -0.0198422974692 -0.0752838882158 -0.106825009491 -0.325505291276 0.291474470203 -0.149524733926 -0.0103637046821 0.185724552646 -0.116805944080 -0.125432993299 -0.312107960988 -0.0400534639474
# sel50_fsh_devs_f:
 -9.45577538225e-05 -5.79350357732e-05 0.000132115023977 0.000670851189028 0.00327900876748 0.0286305032901 0.119872468241 0.261587538714 0.435453747856 -0.0954595814196 -0.0879809182460 0.0619940701413 0.125834997323 0.123044890468 0.296199529889 0.0336968443798 0.219208626499 -0.286418412152 0.161897734837 0.0592258308368 -0.247006443211 -0.0738714040503 0.0395382320407 -0.166334571845 -0.112072643387 -0.109870431595 0.0381406821711 -0.0289035588051 -0.126907502944 -0.212800566266 -0.0792622978626 -0.0443151264819 -0.128740817371 0.0546747197467 0.00242848233636 0.0711378019902 0.00158756066945 0.0212863610661 -0.0117360166072 0.107872186662 -0.0744572005643 -0.112331729228 -0.0630822702707 -0.0359088043886 -0.107117425210 0.0846118160123 0.0809508273872 -0.0120758556394 0.0612940719017 0.00563400521517 -0.0131764853560 -0.0168993646720 -0.303974363445 -0.0453063813319 -0.0719339687193 -0.0614118158052 -0.00414242917993 0.0302469197840 0.0848424682563 0.118675371500
# sel_slope_fsh_m:
 1.40740656522
# male_sel_offset:
0.00000000000
# sel_slope_fsh_devs_m:
 -1.19126955642e-05 -1.22867650960e-05 -2.32333697827e-05 -3.38733230736e-05 -0.000105124602567 -0.000949146477072 -0.00499303532591 -0.0146581903898 -0.360946751027 -0.0210624253880 1.11744396717 0.434171448356 0.200033611800 0.332909219117 0.311067910930 0.157854566124 0.596627045425 0.431819921453 0.437931783028 0.608905265597 0.121516107442 0.276454646424 -0.175494585866 0.0542545071483 -0.301831194452 -0.218205898224 -0.854632710952 -0.712527484807 -0.298823958294 -0.128684097654 -0.0291515793184 0.0403591709879 0.169730077542 0.232834095854 0.211922846746 0.0828876883689 0.0829662695133 0.158187858782 -0.0892638887952 -0.661285145505 -0.0310051064683 -0.0284414829262 -0.396075173369 -0.352380311483 0.00608516998614 -0.280279843390 -0.185049258483 -0.352237631326 0.119285424619 0.151319777573 -0.154668192237 -0.201965870489 0.395751372643 -0.0160301297659 -0.0640727308961 -0.108671503115 -0.0250608688483 -0.247898133941 -0.255822756906 -0.159966610869
# sel50_fsh_m:
 8.02165854075
# sel50_fsh_devs_m:
 -8.38686139382e-05 -8.96294156156e-05 -0.000137319206603 -0.000132175205298 -0.000286689760562 -0.00191912050249 -0.00987953291751 -0.0307034712282 -0.229634342574 -0.0174821406440 -0.741418670567 0.0279325233523 0.0642768221402 -0.0664689960238 0.0232628397748 0.0972887540146 -0.137577678687 -0.0818583423854 -0.0980055737906 -0.0834738693713 0.290316472151 -0.0912225335992 0.125139205871 0.0154098404769 0.0306680884264 -0.0213140458273 0.303692557538 0.110327262734 -0.131913347213 -0.147281240456 -0.0536649522975 -0.0614609861379 -0.0736677334067 -0.00305869432343 0.0195096905013 0.124967749324 -0.0162049045668 -0.0110926977084 -0.00252499510315 0.157732130544 -0.0348645559487 -0.0607671918008 -0.0834920884941 -0.00171575274924 0.0321819252597 0.224076437592 0.169419348662 0.239706483641 0.0972697384090 0.0100802613018 0.0606416472258 -0.0103230946778 -0.173306837791 -0.0646734450050 -0.0227738058568 0.0563019464932 -0.0139951733174 0.0646142838468 0.0678074054944 0.165846194550
# sel_slope_srv:
 1.53145182534
# sel50_srv:
 5.15367859575
# sel_slope_srv_m:
 0.0311252183421
# sel50_srv_m:
 -0.00725306259683
# F40:
 0.120000000000
# F35:
 0.160000000000
# F30:
 0.210000000000
# R_logalpha:
-4.29520528903
# R_logbeta:
-6.37613099877
# sigmaR:
0.600000000000
# wt_fsh_fut_f:
 6.00000000000 8.00000000000 20.0000000000 31.0000000000 55.0000000000 133.000000000 204.000000000 244.000000000 288.000000000 327.000000000 368.000000000 382.000000000 404.000000000 412.000000000 449.000000000 459.000000000 486.000000000 469.000000000 510.000000000 530.000000000
# wt_fsh_fut_m:
 0.00000000000 4.00000000000 15.0000000000 34.0000000000 60.0000000000 134.000000000 191.000000000 241.000000000 257.000000000 293.000000000 312.000000000 328.000000000 341.000000000 358.000000000 360.000000000 368.000000000 376.000000000 410.000000000 383.000000000 413.000000000
# wt_pop_fut_f:
 8.00000000000 12.0000000000 21.0000000000 35.0000000000 92.0000000000 125.000000000 182.000000000 261.000000000 305.000000000 364.000000000 369.000000000 413.000000000 425.000000000 442.000000000 454.000000000 507.000000000 507.000000000 518.000000000 608.000000000 590.000000000
# wt_pop_fut_m:
 4.00000000000 14.0000000000 13.0000000000 21.0000000000 40.0000000000 72.0000000000 122.000000000 179.000000000 227.000000000 259.000000000 272.000000000 306.000000000 302.000000000 342.000000000 348.000000000 354.000000000 387.000000000 376.000000000 384.000000000 417.000000000
# log_msy_sel_f:
 -8.62600477029 -7.60990663570 -6.59451394146 -5.58095822265 -4.57221081137 -3.57601368729 -2.61181180911 -1.72348655283 -0.987586968248 -0.480311601643 -0.203545388347 -0.0799970143114 -0.0306539414277 -0.0117324380867 -0.00452618026395 -0.00176488505382 -0.000695731923315 -0.000695735968258 -0.000695733348696 -0.000695733506896
# log_msy_sel_m:
 -8.90771333024 -7.77891995654 -6.65085976296 -5.52500407927 -4.40573695918 -3.30578312048 -2.25938480138 -1.34222261098 -0.661515706891 -0.268231782938 -0.0944735451951 -0.0311128383081 -0.0100135182727 -0.00320485026713 -0.00102588193316 -0.000329017192216 -0.000105774028436 -0.000105780081842 -0.000105779246185 -0.000105778463581
# rec_dev_future:
 0.00000000000 0.00000000000 0.00000000000 0.00000000000 0.00000000000 0.00000000000 0.00000000000 0.00000000000 0.00000000000 0.00000000000
