# Number of parameters = 742 Objective function value = nan  Maximum gradient component = 27350.4624179695
# ln_q_srv:
 -0.0717680000000000
# natmort_f:
0.120000000000
# natmort_m:
0.119732875908
# Linf_f:
40.4644535000
# K_f:
0.126336700000
# t0_f:
0.594268800000
# Linf_m:
36.0729742000
# K_m:
0.138976400000
# t0_m:
0.357008100000
# age_incr:
 0.00000000000 0.00000000000 0.00000000000 0.00000000000 0.00000000000 0.00000000000 0.00000000000 0.00000000000 0.00000000000 0.00000000000 0.00000000000
# yr_incr:
 0.00000000000 0.00000000000 0.00000000000 0.00000000000 0.00000000000 0.00000000000 0.00000000000 0.00000000000 0.00000000000 0.00000000000 0.00000000000 0.00000000000 0.00000000000 0.00000000000 0.00000000000 0.00000000000 0.00000000000 0.00000000000 0.00000000000 0.00000000000 0.00000000000 0.00000000000 0.00000000000 0.00000000000 0.00000000000 0.00000000000 0.00000000000 0.00000000000 0.00000000000 0.00000000000 0.00000000000 0.00000000000 0.00000000000 0.00000000000 0.00000000000 0.00000000000 0.00000000000 0.00000000000 0.00000000000 0.00000000000 0.00000000000 0.00000000000 0.00000000000 0.00000000000 0.00000000000 0.00000000000 0.00000000000 0.00000000000 0.00000000000 0.00000000000 0.00000000000 0.00000000000 0.00000000000 0.00000000000 0.00000000000 0.00000000000 0.00000000000 0.00000000000 0.00000000000 0.00000000000 0.00000000000 0.00000000000 0.00000000000 0.00000000000 0.00000000000 0.00000000000 0.00000000000
# growth_alpha:
0.380000000000
# q_alpha:
 -0.0680386714818
# q_beta[1]:
 0.00142936875580 0.00321282247061 -0.000992134152549 0.00142936875566
# mean_log_rec:
0.809418626247
# rec_dev:
 0.0964569469190 0.0876967679126 0.0631218880232 0.176302880328 0.0985302426347 0.0345137459516 0.0134469640597 -0.0464452352104 0.00140382182383 -0.0722974711066 -0.0896370481172 -0.0690174104477 -0.0768281997927 -0.00722657845444 0.0565060370445 0.0542613527964 0.126292385705 0.188038946493 0.171282295784 0.138676762647 0.235402938678 0.309491603050 0.223257046539 0.288749454628 0.204526303926 0.130924349049 0.233542776886 0.160140313695 0.466091755264 0.0453829383573 0.354148742105 0.0790193444271 0.0501229364029 0.0832283779572 0.143508591874 0.133291968408 0.00721906578665 0.00482509463969 0.151552799418 0.0242110999454 0.00285831207626 0.0111823909494 0.212876934448 0.0343569577210 0.0213056729691 0.0737670276983 0.158130638125 0.0898008529679 0.148844033450 0.140928221799 0.235139309924 0.0599561573216 0.0628818387926 0.0681854418188 0.0395934765995 0.0500132059568 0.0884915779981 -0.0571985335555 -0.0870869663789 -0.0566750643269 -0.0673743909830 -0.0629822245420 -0.0722570819547 -0.0593324373250 -0.0467813160616 -0.0295014542311 -0.00905676406935 1.81214547066e-05
# mean_log_init:
-0.805031014029
# init_dev_m:
 0.0155841662722 0.00423201431225 -0.00434818561250 -0.0136024559357 -0.0236398997871 -0.0339870446459 -0.0442062930309 -0.0539993393712 -0.0631796075771 -0.0716968174151 -0.0795417952116 -0.0869165950068 -0.0938872073115 -0.100447120413 -0.106413557098 -0.111416734386 -0.115284328733 -0.118028146828 -0.119446919957
# init_dev_f:
 0.0178206395301 0.00696479292294 -0.00173373138933 -0.0118942654889 -0.0236850467387 -0.0365321748041 -0.0498477083366 -0.0631321495555 -0.0760089517577 -0.0883498978792 -0.100024348480 -0.111322275529 -0.122298836320 -0.132885907050 -0.142707990731 -0.151063186654 -0.157599273437 -0.162290335867 -0.164740538251
# log_avg_fmort:
 -2.02732901699
# fmort_dev:
 -0.640805382722 -0.640755874522 -0.528385068590 -0.558032894828 -0.413585787999 -0.0307002348633 0.244535072603 0.356707437372 0.342703334645 -0.0636421834473 0.00868964419236 -0.195382207030 -0.0284459502738 0.107046529046 -0.0648696637937 0.130294086547 0.0812962208590 0.142691665575 -0.202097166000 -0.0929264596204 -0.293067618180 -0.217509960696 -0.289939400901 -0.319113119356 -0.121370469403 -0.224067301228 -0.281242758960 -0.278117275505 -0.299901729644 -0.277340769058 -0.173297388348 -0.0684716209021 -0.0695295916214 -0.102502972059 -0.0387355182267 -0.130419445175 -0.284879144184 -0.201741072505 -0.135935576672 -0.215782621269 -0.123582574227 -0.132217854647 -0.122967747143 -0.0167149368020 -0.163518262647 -0.249690153958 -0.204855986312 -0.287754317982 -0.264630771475 -0.270840925692 -0.307266521817 -0.268788776659 -0.257766240205 -0.202484090260 -0.136000469433 -0.206055813773 -0.168584915463 -0.0972751067757 -0.0720812418405 -0.0146603449788 -0.0138376211373 -0.0593638038572 -0.0409578943565 -0.0221126447438 -0.0173471838382 -0.0259497562426 -0.00536619539302 -0.101665120821
# sel_slope_fsh_f:
 0.800506778031
# sel50_fsh_f:
 5.00106783717
# sel_slope_fsh_devs_f:
 -0.000730379232300 -0.000623754798270 -0.000382532071229 -0.000253708661920 -0.000162404861671 -4.48717682389e-06 0.000440400970144 0.000806207629229 0.000824749977769 -0.000547518411175 0.000325882952748 -0.000121719041266 0.000366507880274 0.000910220712628 0.000441989880581 0.00124052347965 0.00153056675959 0.00211698698003 0.00103062225607 0.00145815935818 0.000850019044959 0.000846220459286 0.000547071078994 0.000456107836171 0.00116993342889 0.000608214316459 0.000278718438404 5.06234954001e-05 0.000134669157860 0.000352335537031 0.000812834017641 0.00105724816397 0.000868482251548 0.000314082240579 0.000374398423617 4.48556228241e-05 -0.000285345914276 3.38176837333e-05 0.000275698714667 -5.03563353424e-05 0.000280486570867 0.000304153494416 0.000375883326649 0.000711986213329 0.000437027531860 1.81589300539e-05 0.000122122842639 -9.88708758811e-05 5.68912902565e-07 0.000192671024680 0.000202327488800 0.000258449500760 0.000379937187141 0.000216892411498 0.000302700299755 -2.17997884517e-05 0.000153974753986 0.000394504901769 0.000410391547612 0.000396780350779 0.000223018450527 3.60584232393e-05 0.000220297979787 0.000479715837532 0.000519646506037 0.000615691517748 0.000759356705923 -0.000286631736718
# sel50_fsh_devs_f:
 0.00920764128894 0.00957639567075 0.00910650101459 0.0119742567656 0.0125442617229 0.00131841401384 -0.0133534155230 -0.0222720853818 -0.0233076286095 0.000659401133573 -0.00354701907769 0.0226937964557 0.0114882744949 0.00217594671668 0.0134249389913 0.00363938258067 0.00744381512564 0.00646254401458 0.0302929130591 0.0270552933059 0.0347110975453 0.0381806233140 0.0412887036745 0.0329115174961 0.0304913340187 0.0364337374330 0.0371937645590 0.0353928032238 0.0344377645061 0.0316401039600 0.0284607685794 0.0247692583886 0.0256810537645 0.0263538163342 0.0215293952998 0.0243139892560 0.0303216330943 0.0249873231929 0.0206856813536 0.0235914484852 0.0187435429233 0.0188603019434 0.0176609903114 0.0127325361008 0.0206969130402 0.0277630493193 0.0266751451976 0.0298144531001 0.0308267593484 0.0320471566401 0.0351695431145 0.0326669214720 0.0290584937605 0.0282352920090 0.0238981101118 0.0248459016996 0.0219870404605 0.0186488786005 0.0174545147427 0.0159808103758 0.0140667571266 0.0149830830045 0.0131207478431 0.0118531191436 0.0141895344257 0.0175073783883 0.0165948297435 0.00945438139212
# sel_slope_fsh_m:
 0.800538501208
# male_sel_offset:
0.00000000000
# sel_slope_fsh_devs_m:
 -0.000612128238651 -0.000495677203876 -0.000256270937798 -0.000101217469738 -3.46130806630e-05 3.86656572928e-05 0.000386738454877 0.000666160998849 0.000654290276232 -0.000505864724134 0.000327289015729 7.59488908564e-06 0.000383049292203 0.000842769922219 0.000472945486467 0.00112883941406 0.00139429825706 0.00185114785473 0.000904681621591 0.00120884031118 0.000748595855176 0.00111662941653 0.000494300602703 0.000404990752974 0.000963978134338 0.000609005454781 0.000198540430409 0.000132302058420 0.000372235914584 0.000477803172195 0.000906809514074 0.00109475658895 0.000822092343649 0.000383959348815 0.000378334027752 5.40491562928e-05 -6.30967214930e-05 0.000198529334200 0.000327466056227 1.76655475865e-05 0.000299771623290 0.000326023127593 0.000406615048957 0.000670673666797 0.000370033582449 4.83621911149e-05 0.000164444885704 -0.000140550701856 5.50673561550e-05 0.000247049870715 0.000218826237342 0.000308950950010 0.000405826593283 0.000369585496715 0.000386077509896 3.99541281313e-05 0.000305895835084 0.000472170995913 0.000473295140012 0.000433559267811 0.000303842740982 0.000113385727345 0.000263815822718 0.000391127718911 0.000520891935541 0.000662293390416 0.000741171842077 -0.000181198427439
# sel50_fsh_m:
 5.00093523139
# sel50_fsh_devs_m:
 0.00864568391273 0.00900410099660 0.00877963500299 0.0119981062356 0.0127842099009 0.00162909245244 -0.0125065310232 -0.0207814564148 -0.0214887007685 0.00184910848777 -0.00223481061375 0.0235765159870 0.0126770962776 0.00359119238825 0.0143941984285 0.00463131148549 0.00781618940643 0.00599072772344 0.0283017329561 0.0234270413904 0.0295216904591 0.0274118150159 0.0348706996981 0.0368150162313 0.0241561510397 0.0296682348330 0.0326063558328 0.0291304146748 0.0275406324852 0.0267402144376 0.0237308609735 0.0200090801922 0.0210578366515 0.0217356488526 0.0166593618876 0.0201460603837 0.0252717882552 0.0203148242368 0.0164895419304 0.0196089009897 0.0148074549811 0.0150446582670 0.0129803978829 0.00903601474853 0.0192117279843 0.0248613831869 0.0236624369138 0.0281740233727 0.0270739953339 0.0275298777993 0.0305718753597 0.0279501721215 0.0262613289374 0.0239544721043 0.0205430772879 0.0229631431783 0.0194855706888 0.0160619339751 0.0147818707177 0.0132798757274 0.0121495852284 0.0140556950128 0.0126342471932 0.0127477494906 0.0140643644269 0.0176953383984 0.0166586694826 0.00829653707792
# sel_slope_srv:
 0.800697279353
# sel50_srv:
 3.00060533630
# sel_slope_srv_m:
 0.000269201158822
# sel50_srv_m:
 0.000910166031538
# F40:
 0.120000000000
# F35:
 0.160000000000
# F30:
 0.210000000000
# R_logalpha:
2.18815311176
# R_logbeta:
-5.33770424414
# sigmaR:
0.600000000000
# wt_fsh_fut_f:
 6.00000000000 8.00000000000 20.0000000000 31.0000000000 55.0000000000 91.9032258065 161.096774194 201.838709677 246.225806452 276.419354839 320.741935484 344.064516129 377.903225806 403.548387097 424.064516129 447.161290323 468.612903226 484.516129032 488.322580645 545.774193548
# wt_fsh_fut_m:
 3.35483870968 12.3870967742 17.5161290323 32.3225806452 54.9677419355 92.9032258065 147.032258065 179.741935484 211.774193548 242.354838710 268.451612903 286.774193548 311.741935484 325.935483871 339.580645161 354.064516129 361.258064516 380.548387097 384.935483871 411.806451613
# wt_pop_fut_f:
 5.93548387097 6.22580645161 18.1935483871 29.8709677419 53.5483870968 85.5483870968 129.935483871 172.225806452 224.806451613 278.612903226 312.129032258 361.806451613 403.967741935 447.483870968 467.806451613 509.967741935 560.225806452 559.709677419 578.645161290 660.032258065
# wt_pop_fut_m:
 2.06451612903 8.45161290323 16.4838709677 29.5483870968 51.3225806452 82.3870967742 120.322580645 157.806451613 193.032258065 228.935483871 257.129032258 287.548387097 319.483870968 343.645161290 364.483870968 370.000000000 379.806451613 387.387096774 414.709677419 435.451612903
# log_msy_sel_f:
 -3.28282576995 -2.52727060659 -1.82019460456 -1.20090029843 -0.714544833706 -0.384243880608 -0.190946454852 -0.0902826606962 -0.0415550164065 -0.0188753443127 -0.00852060269577 -0.00383539888503 -0.00172421327309 -0.000774674057717 -0.000347963328169 -0.000156277659247 -7.01838824345e-05 -7.01838824345e-05 -7.01838824345e-05 -7.01838824345e-05
# log_msy_sel_m:
 -3.28296737857 -2.52737505005 -1.82026155398 -1.20093264640 -0.714551294385 -0.384237192026 -0.190936967100 -0.0902750466963 -0.0415500581202 -0.0188724380457 -0.00851899878168 -0.00383454655059 -0.00172377179672 -0.000774449585338 -0.000347850786914 -0.000156221858026 -7.01564626145e-05 -7.01564626145e-05 -7.01564626145e-05 -7.01564626145e-05
# rec_dev_future:
 0.00000000000 0.00000000000 0.00000000000 0.00000000000 0.00000000000 0.00000000000 0.00000000000 0.00000000000 0.00000000000 0.00000000000 0.00000000000 0.00000000000 0.00000000000 0.00000000000 0.00000000000 0.00000000000 0.00000000000 0.00000000000 0.00000000000 0.00000000000 0.00000000000 0.00000000000 0.00000000000 0.00000000000 0.00000000000 0.00000000000 0.00000000000 0.00000000000 0.00000000000 0.00000000000 0.00000000000 0.00000000000 0.00000000000 0.00000000000 0.00000000000 0.00000000000 0.00000000000 0.00000000000 0.00000000000 0.00000000000 0.00000000000 0.00000000000 0.00000000000 0.00000000000 0.00000000000 0.00000000000 0.00000000000 0.00000000000 0.00000000000 0.00000000000 0.00000000000 0.00000000000 0.00000000000 0.00000000000 0.00000000000 0.00000000000 0.00000000000 0.00000000000 0.00000000000 0.00000000000 0.00000000000 0.00000000000 0.00000000000 0.00000000000 0.00000000000 0.00000000000 0.00000000000 0.00000000000 0.00000000000 0.00000000000 0.00000000000 0.00000000000 0.00000000000 0.00000000000 0.00000000000 0.00000000000 0.00000000000 0.00000000000 0.00000000000
