# Number of parameters = 496  Objective function value = 1367.22  Maximum gradient component = 0.000628488
# ln_q_srv:
 0.00000
# natmort_f:
0.120000000000
# natmort_m:
0.135223860816
# Linf_f:
38.0340000000
# K_f:
0.137000000000
# t0_f:
0.297000000000
# Linf_m:
34.0300000000
# K_m:
0.161000000000
# t0_m:
0.515000000000
# age_incr:
 0.00000000000 0.00000000000 0.00000000000 0.00000000000 0.00000000000 0.00000000000 0.00000000000 0.00000000000 0.00000000000 0.00000000000 0.00000000000
# yr_incr:
 0.00000000000 0.00000000000 0.00000000000 0.00000000000 0.00000000000 0.00000000000 0.00000000000 0.00000000000 0.00000000000 0.00000000000 0.00000000000 0.00000000000 0.00000000000 0.00000000000 0.00000000000 0.00000000000 0.00000000000 0.00000000000 0.00000000000 0.00000000000 0.00000000000 0.00000000000 0.00000000000 0.00000000000 0.00000000000 0.00000000000 0.00000000000 0.00000000000 0.00000000000 0.00000000000 0.00000000000 0.00000000000 0.00000000000 0.00000000000 0.00000000000 0.00000000000 0.00000000000 0.00000000000 0.00000000000 0.00000000000 0.00000000000 0.00000000000 0.00000000000 0.00000000000 0.00000000000 0.00000000000 0.00000000000 0.00000000000 0.00000000000 0.00000000000 0.00000000000 0.00000000000 0.00000000000 0.00000000000 0.00000000000 0.00000000000 0.00000000000 0.00000000000 0.00000000000 0.00000000000 0.00000000000 0.00000000000 0.00000000000 0.00000000000
# growth_alpha:
0.380000000000
# q_alpha:
 -0.248724317266
# q_beta[1]:
 0.0612289813928 0.0118721368504 -0.0104193254354
# mean_log_rec:
1.00459173565
# rec_dev:
 -0.277170821399 -0.513028475741 -0.829139914694 0.294365029113 -0.0642111611160 -0.341428001696 -0.408682829887 -0.944443809125 -0.294321081022 -0.926348845132 -0.995062303267 -0.711012920970 -0.688793520379 0.0681836554434 0.499470755333 0.535701949630 0.813828493649 0.919462953546 0.678678627753 0.310660795093 0.605155792301 0.763841003158 0.342047019254 0.570147102960 0.145848110263 -0.301069968973 0.362545676039 0.0751358504294 1.14241893163 -0.543930205564 0.953214218709 -0.108462202905 -0.373213061152 -0.0622470723868 0.253392983433 0.254456189661 -0.438333859125 -0.318412572863 0.481628339792 -0.0328600992505 -0.202701378536 -0.197761639078 0.703078576058 -0.138023363602 -0.327315766812 -0.128299331426 0.207205725757 -0.226993112667 0.0780070394358 0.0425838727571 0.487683864182 -0.324702090632 -0.188873347945 0.0301864591597 -0.0446877679289 0.111832146277 0.469621300757 -0.606443079320 -1.23406961361 -0.287811536898 0.153610540687 0.558579718384 0.273442960556 -0.0966592603154 -0.00950175616151
# mean_log_init:
-0.601061520685
# init_dev_m:
 0.466078750982 0.104849592941 0.00734034445621 -0.0117320203252 -0.0377138418592 -0.0467761677171 -0.0502944800916 -0.0547669716303 -0.0578511447721 -0.0600994606052 -0.0629367828097 -0.0652234756066 -0.0666491712636 -0.0672670334553 -0.0674966846873 -0.0676399109997 -0.0677525932364 -0.0678153371161 -0.0678563115301
# init_dev_f:
 0.976284314802 0.244076985217 0.0491992142515 0.0123482708497 -0.0368893867737 -0.0488179131299 -0.0522684680518 -0.0568730929921 -0.0600626253046 -0.0623798563080 -0.0653148436308 -0.0676751797259 -0.0691407421189 -0.0697721527994 -0.0700051296295 -0.0701498322668 -0.0702633622918 -0.0703262857321 -0.0703672180064
# log_avg_fmort:
 -2.48080020618
# fmort_dev:
 -2.58890833126 -2.40840966497 -1.85134867501 -1.82570412856 -1.16212294288 0.389394197980 1.59250302341 2.45424963530 4.07769678175 1.41717835376 1.20967239490 1.09852026397 1.58642775927 1.88756083927 1.53108075676 2.08994457996 2.16767402143 1.97035280678 1.34899501538 1.66324616455 0.501185230883 0.315395018088 0.305090835529 -0.476289635660 0.204832890978 -0.345896736148 -0.230623528422 -0.477405529350 -0.757977860389 -0.730740921878 -0.289575099994 0.0991131442113 0.0134764213679 -0.00815125982856 0.221276022823 -0.0750734169759 -0.901720156133 -0.780049126285 -0.294890720044 -0.582263171264 -0.404131538020 -0.546607709484 -0.467563931856 -0.0735080636320 -0.634213395365 -0.897682479491 -0.693347813592 -0.994045934661 -0.875361164558 -0.919118747380 -0.997591881792 -0.704529945085 -0.759708982543 -0.453060142820 -0.323159942485 -0.601256221162 -0.531774891470 -0.270808158806 -0.294906538170 -0.0813449971828 -0.0961239950488 -0.172821483797 -0.139250446494 -0.213682166320 -0.212114759082
# sel_slope_fsh_f:
 1.23484373746
# sel50_fsh_f:
 8.56013840888
# sel_slope_fsh_devs_f:
 1.79292720066e-05 7.89630205835e-05 0.000341693647437 0.000696709204520 0.00221477707844 0.0127492147576 0.0422601600936 0.0969496309260 0.204100298332 0.0331094380453 0.356730334597 0.0945947753692 0.124634125426 0.226464192837 0.251085584823 0.213410008470 0.320441664013 0.893349703468 1.07732081702 0.616327686207 0.189259961729 0.286619827415 -0.0748172897778 -0.480224333206 -0.0490579571869 -0.115479765947 -0.518266717667 -0.408335721759 -0.184877899622 -0.0214066111907 -0.0894317363123 -0.149041403510 0.194867837046 -0.161751784749 0.0787077139948 0.0823121404881 0.0833603713525 -0.151483501150 -0.150360964929 -0.537789235809 0.0201240481695 0.0588555582150 -0.348198961278 -0.367913950731 -0.205300402091 -0.0655778708124 -0.0836104700944 -0.125310419873 -0.0359036924046 -0.0949414311350 -0.130057989473 -0.353458326142 0.241400586536 -0.200224078610 -0.0674574750725 0.135894434643 -0.142769620502 -0.0956876097690 -0.144932781582 0.129940294971 0.0886978841500 -0.159546175310 -0.201108295113 -0.0973913025033 -0.145202697175
# sel50_fsh_devs_f:
 -8.09868579186e-05 -4.49466696804e-05 0.000140199498803 0.000641648678620 0.00307830388969 0.0265917512307 0.111944639197 0.243852783451 0.444946675277 -0.0947410794315 -0.0273630110003 0.148425538184 0.0322276064861 -0.0877056191871 -0.0380595326955 0.0966802759976 0.281968744016 -0.234160716356 0.187962185344 -0.137312446236 -0.217552276128 -0.0606229549728 0.0537889848573 -0.155978478577 -0.0904560802738 -0.0902628942930 0.0527993266597 -0.0146743724577 -0.109807220038 -0.196926157047 -0.0624087221584 -0.0276287737110 -0.111151500316 0.0685483061513 0.0172426759277 0.0823490576968 0.0136216718094 0.0280792945983 -0.000241587785203 0.106901180819 -0.0593157276069 -0.100627822487 -0.0494299538986 -0.0243018694133 -0.0899932338159 0.100001828871 0.0994192995141 0.00846504449277 0.0804011826430 0.0259082248139 0.00729669459151 -0.000393581895539 -0.282982955732 -0.0289926304975 -0.0635001086432 -0.0588303975856 -0.0297192328061 -0.0247066945279 -0.0286782454372 0.0328416817641 0.0347356452675 0.130154026924 0.0798918370814 -0.0364797845834 0.0342252473382
# sel_slope_fsh_m:
 1.36013669471
# male_sel_offset:
0.00000000000
# sel_slope_fsh_devs_m:
 -9.50799546739e-06 -9.08271117517e-06 -1.69925511919e-05 -2.50393305699e-05 -7.54687146882e-05 -0.000677566735673 -0.00360416279052 -0.00924213513441 -0.0316739958914 -0.0273491150315 1.15364553311 0.420861855123 0.0639972905291 0.199682603522 -0.0330335240433 0.253958468150 0.631461828078 0.572131505834 0.500616089523 0.0680852960236 0.0503071880325 0.306610879189 -0.173827121070 0.0832972471699 -0.275198899302 -0.192337030836 -0.832471126931 -0.682379360322 -0.274376959442 -0.113425835114 -0.0112665407561 0.0554596008422 0.188983413322 0.254766782468 0.229544861459 0.109524987728 0.131025113592 0.198275988363 -0.0470343769652 -0.606351099732 -0.00965152407193 -0.00916648745959 -0.371365597602 -0.331583592204 0.0185580115124 -0.255925362186 -0.166559630044 -0.330842842266 0.122340730463 0.141702244866 -0.159094132077 -0.213263105215 0.398468855053 -0.0332773564696 -0.0863019543128 -0.131922309604 0.0645779772186 -0.0922481614320 0.0469143589054 0.0161217907194 0.0338832718208 -0.188896899583 -0.197230710922 -0.372351405722 -0.0507378648921
# sel50_fsh_m:
 8.25372136112
# sel50_fsh_devs_m:
 -7.01509720287e-05 -7.25666270682e-05 -0.000105870841544 -9.74875724218e-05 -0.000211769478675 -0.00142138182232 -0.00705653431527 -0.0207708572736 -0.0285670092492 -0.0270428732310 -0.778443713501 -0.00644664833714 0.259652102525 0.241564292040 0.354587165514 0.0416155013809 -0.166192666760 -0.160715287529 -0.130573262668 0.276713384608 0.233662428990 -0.121071581613 0.103333883391 -0.0139068129277 0.00385172543893 -0.0486900648505 0.276335490098 0.0800719886287 -0.158659009106 -0.172084064677 -0.0797613371004 -0.0873928138055 -0.101741819365 -0.0329478403234 -0.0107935513364 0.0925162354187 -0.0517630368278 -0.0454599569980 -0.0362544529471 0.113769824770 -0.0610171588275 -0.0860435019396 -0.104331728858 -0.0212450599487 0.00928595566198 0.198066079593 0.145897028848 0.216452683479 0.0762347286050 -0.0122741116933 0.0412301045775 -0.0277584834355 -0.198507660465 -0.0901257027729 -0.0564363858314 0.0166901206203 -0.0941057592921 -0.0545432214503 -0.0909184113785 0.0370771045221 0.0142566612760 0.121754928842 0.0897779379345 0.112444318462 0.0287799791272
# sel_slope_srv:
 1.54633358700
# sel50_srv:
 5.09370619456
# sel_slope_srv_m:
 0.0209490579190
# sel50_srv_m:
 -0.00362435929877
# F40:
 0.120000000000
# F35:
 0.160000000000
# F30:
 0.210000000000
# R_logalpha:
-4.37789559574
# R_logbeta:
-6.57429320206
# sigmaR:
0.600000000000
# wt_fsh_fut_f:
 6.00000000000 8.00000000000 20.0000000000 31.0000000000 55.0000000000 133.000000000 204.000000000 244.000000000 288.000000000 327.000000000 368.000000000 382.000000000 404.000000000 412.000000000 449.000000000 459.000000000 486.000000000 469.000000000 510.000000000 530.000000000
# wt_fsh_fut_m:
 0.00000000000 4.00000000000 15.0000000000 34.0000000000 60.0000000000 134.000000000 191.000000000 241.000000000 257.000000000 293.000000000 312.000000000 328.000000000 341.000000000 358.000000000 360.000000000 368.000000000 376.000000000 410.000000000 383.000000000 413.000000000
# wt_pop_fut_f:
 6.00000000000 9.00000000000 24.0000000000 44.0000000000 85.0000000000 102.000000000 143.000000000 221.000000000 226.000000000 345.000000000 404.000000000 417.000000000 449.000000000 460.000000000 503.000000000 518.000000000 529.000000000 543.000000000 557.000000000 590.000000000
# wt_pop_fut_m:
 4.00000000000 9.00000000000 32.0000000000 47.0000000000 86.0000000000 88.0000000000 154.000000000 174.000000000 216.000000000 286.000000000 323.000000000 346.000000000 357.000000000 349.000000000 388.000000000 371.000000000 419.000000000 430.000000000 457.000000000 480.000000000
# log_msy_sel_f:
 -8.29083271800 -7.22528842856 -6.16067751351 -5.09879759899 -4.04486031248 -3.01352822614 -2.04254657072 -1.20902152628 -0.606740463788 -0.260902177938 -0.100915704926 -0.0369689125927 -0.0132421469253 -0.00470635772212 -0.00166933079131 -0.000592199531878 -0.000210280828529 -0.000210270002186 -0.000210280803690 -0.000210281450924
# log_msy_sel_m:
 -8.79180885169 -7.67657783495 -6.56202650323 -5.44945155466 -4.34271983368 -3.25339081465 -2.21462262520 -1.30637561630 -0.646086903852 -0.274221948314 -0.106191588862 -0.0395313790542 -0.0145617031570 -0.00537430515624 -0.00199605844945 -0.000746762747640 -0.000281324482606 -0.000281319358151 -0.000281320962345 -0.000281314740588
# rec_dev_future:
 0.00000000000 0.00000000000 0.00000000000 0.00000000000 0.00000000000 0.00000000000 0.00000000000 0.00000000000 0.00000000000 0.00000000000
