# Number of parameters = 442  Objective function value = -10975.4  Maximum gradient component = 0.000461706
# ln_q_srv:
 0.00000
# natmort_f:
0.120000000000
# natmort_m:
0.136643513545
# Linf_f:
38.0340000000
# K_f:
0.137000000000
# t0_f:
0.297000000000
# Linf_m:
34.0300000000
# K_m:
0.161000000000
# t0_m:
0.515000000000
# age_incr:
 0.00000000000 0.00000000000 0.00000000000 0.00000000000 0.00000000000 0.00000000000 0.00000000000 0.00000000000 0.00000000000 0.00000000000 0.00000000000
# yr_incr:
 0.00000000000 0.00000000000 0.00000000000 0.00000000000 0.00000000000 0.00000000000 0.00000000000 0.00000000000 0.00000000000 0.00000000000 0.00000000000 0.00000000000 0.00000000000 0.00000000000 0.00000000000 0.00000000000 0.00000000000 0.00000000000 0.00000000000 0.00000000000 0.00000000000 0.00000000000 0.00000000000 0.00000000000 0.00000000000 0.00000000000 0.00000000000 0.00000000000 0.00000000000 0.00000000000 0.00000000000 0.00000000000 0.00000000000 0.00000000000 0.00000000000 0.00000000000 0.00000000000 0.00000000000 0.00000000000 0.00000000000 0.00000000000 0.00000000000 0.00000000000 0.00000000000 0.00000000000 0.00000000000 0.00000000000 0.00000000000 0.00000000000 0.00000000000 0.00000000000 0.00000000000 0.00000000000 0.00000000000 0.00000000000
# growth_alpha:
0.380000000000
# q_alpha:
 0.00268939660357
# q_beta[1]:
 0.0578157790974 0.00926764475117 -0.00689721314338
# mean_log_rec:
0.883665341987
# rec_dev:
 -0.167601374308 -0.377319974604 -0.529882767850 0.780498324686 0.361263228940 -0.0635264022471 -0.221619638828 -0.812494509822 -0.170885384195 -0.824389950272 -0.908101499974 -0.653068372543 -0.643114000628 0.0990704236077 0.528134200573 0.549319052611 0.819085969130 0.918005801485 0.670829120784 0.298862409861 0.592065952422 0.750765725451 0.327440228512 0.551041986529 0.123601860616 -0.328323264337 0.329267190693 0.0330808397273 1.09343996262 -0.597561193200 0.893690301680 -0.176131858844 -0.449939456041 -0.150166836930 0.151875644853 0.135509257284 -0.575199226627 -0.476533791913 0.308318695791 -0.245839054257 -0.417953819851 -0.457125945694 0.490825746843 -0.415646323517 -0.617867305385 -0.371727264770 -0.0330008345061 -0.486443676035 -0.152788068562 -0.0843733153532 0.591136414072 -0.275733655664 0.188607015619 0.161422321774 -0.0552167869386 -0.00758195850728
# mean_log_init:
-0.690480340942
# init_dev_m:
 0.493975614915 0.113188911308 0.000422416064078 -0.00986423994728 -0.0413402570423 -0.0498839342670 -0.0534955729829 -0.0574204456036 -0.0605568251358 -0.0630681070040 -0.0659783680170 -0.0687587500088 -0.0704870245271 -0.0712180356307 -0.0714854578644 -0.0716514285107 -0.0717817430016 -0.0718541633437 -0.0719014057086
# init_dev_f:
 1.03758242993 0.263755635860 0.0381085286417 0.0198390243547 -0.0403705469812 -0.0520987447903 -0.0556959304535 -0.0597245746272 -0.0629608648917 -0.0655523359038 -0.0685685419976 -0.0714471244634 -0.0732285469188 -0.0739772022768 -0.0742489036126 -0.0744167276497 -0.0745480689673 -0.0746207439230 -0.0746679435126
# log_avg_fmort:
 -2.24348330582
# fmort_dev:
 -2.73464273024 -2.55254727455 -1.99364524619 -1.96597373059 -1.29985494170 0.260025639384 1.49693926324 2.49792394980 3.82304879960 1.22361056283 1.08082124761 0.865013478142 1.49116948279 1.76677339880 1.68297851336 1.85956402559 1.97397093152 1.78521445702 1.15443003643 1.43128292935 0.310729161005 0.199111876422 0.183531425639 -0.584060257634 0.0942931600415 -0.442862678573 -0.316726753969 -0.555051552024 -0.836415181702 -0.806653846550 -0.358262937711 0.0390726802255 -0.0347155255619 -0.0360254367799 0.206417982429 -0.0633135035375 -0.888829096415 -0.765108974849 -0.286240019593 -0.539609468600 -0.389927101510 -0.521266064362 -0.431922906999 -0.0242085781131 -0.563927793307 -0.810479178232 -0.599067673244 -0.889943558703 -0.758102145221 -0.784528658821 -0.850016516598 -0.541368624271 -0.575602077138 -0.236108218144 -0.0683242929144 -0.320590401908
# sel_slope_fsh_f:
 1.20399805737
# sel50_fsh_f:
 8.72014953792
# sel_slope_fsh_devs_f:
 1.82797545056e-05 8.73016184837e-05 0.000385301062275 0.000800941968800 0.00262238094684 0.0162398592079 0.0563101358913 0.122992634740 0.206980473404 0.0226442331406 0.349964170547 0.138311844534 0.0665323649507 0.0610401388821 -0.254053737325 0.285967568924 0.370273874792 0.996430152026 1.07599400592 0.151638851886 0.209492833886 0.269487715696 -0.0820249474653 -0.478474777744 -0.0282452397404 -0.0965912220184 -0.503217658211 -0.398808834691 -0.175962026725 -0.0235715543242 -0.0849120891798 -0.141669616345 0.203566022313 -0.157412580647 0.0770785114327 0.0632496983019 0.0693753583584 -0.182586840281 -0.157975427142 -0.562296838419 0.00821161758279 0.0269977180046 -0.358251947482 -0.386499992532 -0.213584891180 -0.0780324519789 -0.0894884919506 -0.111854853420 -0.0211364988672 -0.0836157689073 -0.128372683574 -0.330421015708 0.267810284669 -0.153401298829 -0.0272430411986 0.189202192576
# sel50_fsh_devs_f:
 -9.41537285026e-05 -5.71180688684e-05 0.000136851383692 0.000684701718692 0.00333536819906 0.0290882230825 0.121243762234 0.263103142912 0.437925502515 -0.0926153475197 -0.0839352977503 0.0679509481747 0.130781028477 0.127515196367 0.298940205878 0.0379497429753 0.223217480907 -0.282076567644 0.166837094875 0.0563120501627 -0.243724220247 -0.0703840445387 0.0431529231524 -0.166427364509 -0.109220937494 -0.106429137319 0.0407889193129 -0.0247126120923 -0.122206498298 -0.208608164843 -0.0746857364061 -0.0401358865805 -0.124614400103 0.0594170912608 0.00755166599958 0.0776418007720 0.00870933261381 0.0293316760916 -0.00454036071376 0.118384713141 -0.0696870033533 -0.109183323569 -0.0593952246583 -0.0322882905587 -0.103232064290 0.0895821823698 0.0855929175900 -0.0100912683253 0.0626219703127 0.0108347106857 -0.00650219730715 -0.0140252343676 -0.294661228488 -0.0361757115070 -0.0582456276823 -0.0506758042308
# sel_slope_fsh_m:
 1.44073639150
# male_sel_offset:
0.00000000000
# sel_slope_fsh_devs_m:
 -1.09455966113e-05 -1.11492871548e-05 -2.13603450359e-05 -3.16906822979e-05 -9.88078242239e-05 -0.000890086789410 -0.00464370258433 -0.0129537329346 -0.368887318223 -0.0217186230808 1.10353438077 0.432549414595 0.184445478006 0.320295794651 0.295848817797 0.150491535696 0.577841249288 0.424275429868 0.418226405054 0.589598323841 0.118901757372 0.256258465227 -0.197292749721 0.0376360129971 -0.318442137689 -0.233702149656 -0.872524181589 -0.730236475507 -0.315325997936 -0.139779806881 -0.0424770996904 0.0279650011181 0.155326930219 0.218118744182 0.199527570290 0.0677633868090 0.0584043094217 0.137543339765 -0.111029480640 -0.689437153632 -0.0417974904589 -0.0350521340331 -0.404726909061 -0.357271558228 0.00394778208545 -0.291278016006 -0.190683484400 -0.360055685757 0.122365560654 0.136749703650 -0.180118297948 -0.209278745728 0.371398672324 -0.0428895057583 -0.0973063708124 -0.139041071833
# sel50_fsh_m:
 7.96817042468
# sel50_fsh_devs_m:
 -8.25127106445e-05 -8.75452085438e-05 -0.000132967914313 -0.000127588833825 -0.000277690583744 -0.00186724201236 -0.00961765956315 -0.0289856339082 -0.220895438136 -0.0179926088957 -0.735827243603 0.0312170968194 0.0685212571116 -0.0623799782528 0.0276571450126 0.102575555336 -0.131558717186 -0.0790805537286 -0.0923606771122 -0.0772386316801 0.295134034921 -0.0856674490098 0.130854420786 0.0201749117549 0.0350400745701 -0.0166155846429 0.307805356492 0.115422745476 -0.126678499231 -0.143035454414 -0.0485990450388 -0.0567368324255 -0.0679076973628 0.00334097116690 0.0259979096906 0.132100372264 -0.00760785844091 -0.00302929314967 0.00468540105310 0.167892894676 -0.0312537101464 -0.0584351135934 -0.0851989813954 -0.00438881518966 0.0338354395863 0.227156631376 0.171684724533 0.241931184740 0.0997748018593 0.0184629242115 0.0698555148483 -0.00459168089122 -0.161348208249 -0.0481804928554 -0.00143666504669 0.0781027897355
# sel_slope_srv:
 1.52685743996
# sel50_srv:
 5.20172234130
# sel_slope_srv_m:
 0.0489687604344
# sel50_srv_m:
 -0.0118806074550
# F40:
 0.120000000000
# F35:
 0.160000000000
# F30:
 0.210000000000
# R_logalpha:
-4.30184891349
# R_logbeta:
-6.29559538373
# sigmaR:
0.600000000000
# wt_fsh_fut_f:
 6.00000000000 8.00000000000 20.0000000000 31.0000000000 55.0000000000 133.000000000 204.000000000 244.000000000 288.000000000 327.000000000 368.000000000 382.000000000 404.000000000 412.000000000 449.000000000 459.000000000 486.000000000 469.000000000 510.000000000 530.000000000
# wt_fsh_fut_m:
 0.00000000000 4.00000000000 15.0000000000 34.0000000000 60.0000000000 134.000000000 191.000000000 241.000000000 257.000000000 293.000000000 312.000000000 328.000000000 341.000000000 358.000000000 360.000000000 368.000000000 376.000000000 410.000000000 383.000000000 413.000000000
# wt_pop_fut_f:
 6.00000000000 9.00000000000 18.0000000000 45.0000000000 69.0000000000 127.000000000 163.000000000 239.000000000 306.000000000 322.000000000 363.000000000 385.000000000 442.000000000 446.000000000 483.000000000 630.000000000 496.000000000 546.000000000 654.000000000 590.000000000
# wt_pop_fut_m:
 4.00000000000 7.00000000000 11.0000000000 20.0000000000 39.0000000000 74.0000000000 112.000000000 133.000000000 194.000000000 273.000000000 267.000000000 305.000000000 332.000000000 343.000000000 367.000000000 365.000000000 375.000000000 359.000000000 392.000000000 439.000000000
# log_msy_sel_f:
 -8.90841887239 -7.68915948693 -6.47085203727 -5.25548105315 -4.04926234790 -2.87150277654 -1.77822078466 -0.895872915781 -0.359326732132 -0.124913365965 -0.0413100149230 -0.0135709916802 -0.00449142507434 -0.00150210565083 -0.000507369340016 -0.000172829939306 -5.92832677429e-05 -5.92834674319e-05 -5.92835983004e-05 -5.92840941355e-05
# log_msy_sel_m:
 -9.24729863128 -7.93386434774 -6.62117996368 -5.31132085891 -4.01202835563 -2.75092495459 -1.61196496739 -0.756083626621 -0.280884212173 -0.0882307532720 -0.0255571641211 -0.00719746119055 -0.00201158035976 -0.000561556736601 -0.000156873462945 -4.38739648946e-05 -1.22857140973e-05 -1.22854706342e-05 -1.22855810933e-05 -1.22854394575e-05
# rec_dev_future:
 0.00000000000 0.00000000000 0.00000000000 0.00000000000 0.00000000000 0.00000000000 0.00000000000 0.00000000000 0.00000000000 0.00000000000
