# Number of parameters = 478  Objective function value = -2738.45  Maximum gradient component = 0.00212613
# ln_q_srv:
 0.00000
# natmort_f:
0.120000000000
# natmort_m:
0.135924373310
# Linf_f:
38.0340000000
# K_f:
0.137000000000
# t0_f:
0.297000000000
# Linf_m:
34.0300000000
# K_m:
0.161000000000
# t0_m:
0.515000000000
# age_incr:
 0.00000000000 0.00000000000 0.00000000000 0.00000000000 0.00000000000 0.00000000000 0.00000000000 0.00000000000 0.00000000000 0.00000000000 0.00000000000
# yr_incr:
 0.00000000000 0.00000000000 0.00000000000 0.00000000000 0.00000000000 0.00000000000 0.00000000000 0.00000000000 0.00000000000 0.00000000000 0.00000000000 0.00000000000 0.00000000000 0.00000000000 0.00000000000 0.00000000000 0.00000000000 0.00000000000 0.00000000000 0.00000000000 0.00000000000 0.00000000000 0.00000000000 0.00000000000 0.00000000000 0.00000000000 0.00000000000 0.00000000000 0.00000000000 0.00000000000 0.00000000000 0.00000000000 0.00000000000 0.00000000000 0.00000000000 0.00000000000 0.00000000000 0.00000000000 0.00000000000 0.00000000000 0.00000000000 0.00000000000 0.00000000000 0.00000000000 0.00000000000 0.00000000000 0.00000000000 0.00000000000 0.00000000000 0.00000000000 0.00000000000 0.00000000000 0.00000000000 0.00000000000 0.00000000000 0.00000000000 0.00000000000 0.00000000000 0.00000000000 0.00000000000 0.00000000000
# growth_alpha:
0.380000000000
# q_alpha:
 -0.146488594658
# q_beta[1]:
 0.0502125061795 0.0139533702054 -0.00721854545840
# mean_log_rec:
0.943240254096
# rec_dev:
 -0.224775294730 -0.436922553410 -0.589361162799 0.725311514410 0.314818921968 -0.111087232350 -0.273546347168 -0.864623576526 -0.224192756055 -0.877840318418 -0.956839335570 -0.693946296720 -0.669617512546 0.0816764056166 0.520264079398 0.549338661572 0.824744191665 0.928394215539 0.685192549905 0.314968207247 0.607990243771 0.765590031957 0.342772818876 0.569055796539 0.144332755959 -0.303947289444 0.357416561661 0.0667631596213 1.13096039304 -0.557386838315 0.936854911488 -0.127881368219 -0.396053499288 -0.0890981248772 0.221782028267 0.216466968891 -0.482342019499 -0.369746368573 0.420997507296 -0.100850061585 -0.277738353747 -0.281393839585 0.608746952561 -0.241979332162 -0.426245215031 -0.235207511312 0.106086617276 -0.332230396637 0.000609885803696 -0.0373643273620 0.473741944988 -0.285001013292 -0.0910846856301 0.137220668428 -0.0166469482436 4.53731974552e-05 0.146757485447 -0.631834956264 -0.827871596656 -0.0624241405171 -0.0901777057037 -0.0116427429915
# mean_log_init:
-0.697061467404
# init_dev_m:
 0.497622963824 0.115419638734 -0.00210354022431 -0.0113060125645 -0.0419819455142 -0.0503503695551 -0.0539103773158 -0.0576973505757 -0.0607981795097 -0.0633415103424 -0.0662737071370 -0.0691004255392 -0.0708623456457 -0.0716071381290 -0.0718784934915 -0.0720466443087 -0.0721785954700 -0.0722519757428 -0.0722997752901
# init_dev_f:
 1.04647972177 0.269136776476 0.0336576672700 0.0177770380287 -0.0408866512028 -0.0524926329004 -0.0560255207388 -0.0598993704223 -0.0630908490094 -0.0657110033457 -0.0687448064111 -0.0716668740853 -0.0734806124601 -0.0742426186611 -0.0745181211954 -0.0746880697998 -0.0748210162909 -0.0748946359918 -0.0749424167481
# log_avg_fmort:
 -2.34821169756
# fmort_dev:
 -2.61957515875 -2.43814578088 -1.87980085710 -1.85259150512 -1.18682775964 0.373184205547 1.61223562049 2.62259835027 3.94770661994 1.33473430861 1.19255694374 0.970116426718 1.59970164634 1.87701940975 1.80425402956 1.96105046571 2.07093077227 1.87643461057 1.23034887460 1.51635300470 0.369391270951 0.252404758484 0.230988227619 -0.537682638735 0.131269056279 -0.414712958588 -0.291193111709 -0.537427555264 -0.820910459135 -0.792039389456 -0.347866231652 0.0444612043112 -0.0372502018747 -0.0489772298526 0.185776324829 -0.0997049344536 -0.926764025985 -0.803289816336 -0.321402114113 -0.594190276948 -0.428788490924 -0.565956102076 -0.483323599744 -0.0832274101447 -0.638299809128 -0.895122440191 -0.688961733969 -0.985685387519 -0.861731257255 -0.901210339200 -0.975584063002 -0.674374937288 -0.719795001409 -0.401356433285 -0.257612695017 -0.526238324498 -0.442624917968 -0.161496009829 -0.166012807797 0.0522689485781 0.0786878971073 0.0732806793741
# sel_slope_fsh_f:
 1.17499221934
# sel50_fsh_f:
 8.77999512867
# sel_slope_fsh_devs_f:
 1.89920547511e-05 8.98318008611e-05 0.000392811419162 0.000814260836885 0.00265441619643 0.0163717406275 0.0569859014167 0.126187289809 0.213321580058 0.0211079102961 0.355088123143 0.158492809799 0.0767483254056 0.0659749517467 -0.237851224626 0.317878845015 0.388155391676 1.02211236735 1.08688366363 0.166600100045 0.232094338668 0.288394437167 -0.0600698522353 -0.465321016971 -0.0118795063029 -0.0788875776859 -0.485333643032 -0.377808564078 -0.153774728180 -0.00179519322504 -0.0618398911950 -0.119921838386 0.221041459654 -0.136969735731 0.0984085200051 0.0944314124727 0.102581759041 -0.142626750544 -0.126375564386 -0.518509388812 0.0362548212185 0.0489959403043 -0.328083057130 -0.356982732347 -0.184393422158 -0.0473981809831 -0.0600967002072 -0.0960398023982 -0.0162439954269 -0.0705638231821 -0.0993907779771 -0.319077954914 0.279674916634 -0.159179755824 -0.0264878121716 0.173526253698 -0.114037872747 -0.0946881471127 -0.235221795150 0.0524000994392 -0.151771330695 -0.365060791392
# sel50_fsh_devs_f:
 -9.45975506053e-05 -5.80376016739e-05 0.000130714923168 0.000665559881444 0.00325658575247 0.0284470393947 0.119287691357 0.260801308693 0.434234624558 -0.0964719228774 -0.0895706020398 0.0597853884864 0.123935940156 0.121446755573 0.295939332963 0.0318287851011 0.217442103945 -0.288127651307 0.159524842512 0.0641106557449 -0.248173749368 -0.0752562168568 0.0379241013350 -0.165897223408 -0.113217913366 -0.111717859651 0.0357628918706 -0.0323529248980 -0.130163392317 -0.215678265992 -0.0821991522226 -0.0468904119936 -0.131273101420 0.0511459429623 -0.00131651341259 0.0657764640789 -0.00421215297197 0.0141390332734 -0.0174790115460 0.0973819777531 -0.0778975569171 -0.115343011620 -0.0660456071821 -0.0378695274900 -0.109146254330 0.0810703491455 0.0785040489435 -0.0133340188465 0.0602746622000 0.00354728133599 -0.0163192378136 -0.0211961579845 -0.304449685260 -0.0476345809848 -0.0779873665003 -0.0718863248849 -0.0289649719620 -0.00976115268107 0.0192770062442 0.0634672306760 0.103613018402 0.215265094075
# sel_slope_fsh_m:
 1.38501209843
# male_sel_offset:
0.00000000000
# sel_slope_fsh_devs_m:
 -1.25000594666e-05 -1.29518159291e-05 -2.44086131858e-05 -3.53268898197e-05 -0.000109085835403 -0.000984679485327 -0.00518600128696 -0.0155512362633 -0.357227134368 -0.0213189836982 1.12719493128 0.437764776279 0.209582743505 0.341509809574 0.320898849884 0.161264903152 0.609859440749 0.438112582392 0.451650635023 0.621624370005 0.123007988253 0.290599078082 -0.160186296360 0.0659451065769 -0.290161537804 -0.207410284770 -0.842190388139 -0.699153456262 -0.286156169230 -0.120159599328 -0.0198926846915 0.0483485547965 0.179772417283 0.243750197186 0.221111481690 0.0958494206454 0.105178113343 0.176258109555 -0.0698631343198 -0.635880204201 -0.0197897886240 -0.0192169419144 -0.383787522264 -0.342920126075 0.0132281289644 -0.267813789169 -0.175775350108 -0.342076264958 0.119334524215 0.146861618690 -0.150539111670 -0.189197147002 0.394805622300 -0.0295706711016 -0.0841286548331 -0.128148628571 0.0353968417612 -0.148634311056 -0.0768321410752 -0.0495003360179 -0.274458400844 -0.565004417454
# sel50_fsh_m:
 8.05790233113
# sel50_fsh_devs_m:
 -8.47568876736e-05 -9.08159915731e-05 -0.000139642889010 -0.000134592232548 -0.000291510439590 -0.00194581754063 -0.00998235358970 -0.0313717434773 -0.231171570294 -0.0178142455733 -0.745296744421 0.0252212351312 0.0614241099434 -0.0692479764246 0.0204299858985 0.0935679656590 -0.141507730297 -0.0837907836712 -0.101564809238 -0.0876277490752 0.286258564990 -0.0948207179214 0.121316684497 0.0121865436043 0.0276097380679 -0.0247078571487 0.300145954882 0.105676566405 -0.136215964403 -0.150556255796 -0.0573407983698 -0.0649755435535 -0.0781551369006 -0.00817034410497 0.0142492066783 0.118787107848 -0.0239291977365 -0.0181424262184 -0.00952079873504 0.146238916930 -0.0386108248977 -0.0637814631087 -0.0847259410091 -0.00176490214723 0.0300470327789 0.220477709598 0.167049376325 0.237416467040 0.0961456330657 0.00716974649336 0.0574181831097 -0.0151499461564 -0.175537548587 -0.0668922379548 -0.0290695846811 0.0462805818505 -0.0502031748459 0.00681750142315 -0.0113090514229 0.106204251858 0.134111070117 0.283392335006
# sel_slope_srv:
 1.56243786758
# sel50_srv:
 5.10280534726
# sel_slope_srv_m:
 0.0258969643187
# sel50_srv_m:
 -0.00578685382954
# F40:
 0.120000000000
# F35:
 0.160000000000
# F30:
 0.210000000000
# R_logalpha:
-4.33148137552
# R_logbeta:
-6.46636750595
# sigmaR:
0.600000000000
# wt_fsh_fut_f:
 6.00000000000 8.00000000000 20.0000000000 31.0000000000 55.0000000000 133.000000000 204.000000000 244.000000000 288.000000000 327.000000000 368.000000000 382.000000000 404.000000000 412.000000000 449.000000000 459.000000000 486.000000000 469.000000000 510.000000000 530.000000000
# wt_fsh_fut_m:
 0.00000000000 4.00000000000 15.0000000000 34.0000000000 60.0000000000 134.000000000 191.000000000 241.000000000 257.000000000 293.000000000 312.000000000 328.000000000 341.000000000 358.000000000 360.000000000 368.000000000 376.000000000 410.000000000 383.000000000 413.000000000
# wt_pop_fut_f:
 6.00000000000 8.00000000000 11.0000000000 16.0000000000 39.0000000000 53.0000000000 122.000000000 210.000000000 273.000000000 360.000000000 387.000000000 414.000000000 433.000000000 448.000000000 462.000000000 475.000000000 513.000000000 541.000000000 564.000000000 590.000000000
# wt_pop_fut_m:
 4.00000000000 8.00000000000 11.0000000000 44.0000000000 34.0000000000 75.0000000000 150.000000000 195.000000000 246.000000000 296.000000000 300.000000000 324.000000000 306.000000000 336.000000000 355.000000000 370.000000000 393.000000000 427.000000000 424.000000000 420.000000000
# log_msy_sel_f:
 -9.07783913989 -8.05696135919 -7.03646337134 -6.01697090772 -5.00020118292 -3.99094754523 -3.00257183246 -2.07022812375 -1.26856944992 -0.687143586068 -0.339414281400 -0.157859779947 -0.0706088069600 -0.0309051998112 -0.0134064486265 -0.00580538143795 -0.00251764668586 -0.00251762878103 -0.00251764604150 -0.00251764837975
# log_msy_sel_m:
 -8.92476985804 -7.87246680731 -6.82066697154 -5.77021211565 -4.72347661585 -3.68732999641 -2.68158924018 -1.75844851027 -1.01659652908 -0.531457329855 -0.263056764663 -0.125517391778 -0.0581818029961 -0.0264872559203 -0.0119592235743 -0.00538708348304 -0.00242768759943 -0.00242767367826 -0.00242769756027 -0.00242768120371
# rec_dev_future:
 0.00000000000 0.00000000000 0.00000000000 0.00000000000 0.00000000000 0.00000000000 0.00000000000 0.00000000000 0.00000000000 0.00000000000
