# Number of parameters = 518 Objective function value = 1345.46098105992  Maximum gradient component = 0.00123924481136809
# ln_q_srv:
 -0.0717680000000000
# natmort_f:
0.120000000000
# natmort_m:
0.139351114892
# Linf_f:
38.0340000000
# K_f:
0.137000000000
# t0_f:
0.297000000000
# Linf_m:
34.0300000000
# K_m:
0.161000000000
# t0_m:
0.515000000000
# age_incr:
 0.00000000000 0.00000000000 0.00000000000 0.00000000000 0.00000000000 0.00000000000 0.00000000000 0.00000000000 0.00000000000 0.00000000000 0.00000000000
# yr_incr:
 0.00000000000 0.00000000000 0.00000000000 0.00000000000 0.00000000000 0.00000000000 0.00000000000 0.00000000000 0.00000000000 0.00000000000 0.00000000000 0.00000000000 0.00000000000 0.00000000000 0.00000000000 0.00000000000 0.00000000000 0.00000000000 0.00000000000 0.00000000000 0.00000000000 0.00000000000 0.00000000000 0.00000000000 0.00000000000 0.00000000000 0.00000000000 0.00000000000 0.00000000000 0.00000000000 0.00000000000 0.00000000000 0.00000000000 0.00000000000 0.00000000000 0.00000000000 0.00000000000 0.00000000000 0.00000000000 0.00000000000 0.00000000000 0.00000000000 0.00000000000 0.00000000000 0.00000000000 0.00000000000 0.00000000000 0.00000000000 0.00000000000 0.00000000000 0.00000000000 0.00000000000 0.00000000000 0.00000000000 0.00000000000 0.00000000000 0.00000000000 0.00000000000 0.00000000000 0.00000000000 0.00000000000 0.00000000000 0.00000000000 0.00000000000 0.00000000000 0.00000000000 0.00000000000 0.00000000000
# growth_alpha:
0.380000000000
# q_alpha:
 -0.246064628792
# q_beta[1]:
 0.0649492865293 0.0110334519668 -0.00968302233224
# mean_log_rec:
0.997308342980
# rec_dev:
 -0.276763239669 -0.483108169407 -0.631376666064 0.686585834540 0.282607284977 -0.145212612144 -0.308982192806 -0.898278649561 -0.253041097502 -0.902703243292 -0.981624531471 -0.708308741917 -0.661372574249 0.101747570550 0.548056975454 0.583911976588 0.864280520523 0.971596688945 0.728945330488 0.361822626353 0.648834755470 0.812657690975 0.379719957276 0.593987018454 0.180901540089 -0.272398846887 0.396464760292 0.101878019745 1.18390990503 -0.592451115921 0.951832810734 -0.149756214271 -0.403520969631 -0.0467795767181 0.281468915932 0.326691886832 -0.446949488637 -0.311974788791 0.486048584714 -0.0652901040109 -0.222218096425 -0.223167456496 0.683251384618 -0.189572696435 -0.360587430422 -0.149814063534 0.195930256368 -0.221674651010 0.0640836741472 0.0285322897377 0.453824901382 -0.369883514588 -0.299644673827 -0.198607200308 -0.262646051794 -0.0982194513882 0.231653523869 -0.767574341064 -1.56434658015 -0.794157818658 -0.825629501807 -0.169073033963 0.151899888685 1.12002893654 -0.0570329681817 1.03166332489 -0.109577936097 -0.0114501671071 -4.83511022384e-05
# mean_log_init:
-0.686645127948
# init_dev_m:
 0.492433251537 0.114797472704 0.00341461495258 -0.00970778727602 -0.0421782378982 -0.0503316114243 -0.0538745951461 -0.0575798549614 -0.0606493971332 -0.0631877855816 -0.0661401893056 -0.0689534432072 -0.0706758196324 -0.0714016351990 -0.0716687816614 -0.0718350716610 -0.0719657717179 -0.0720384266352 -0.0720857623723
# init_dev_f:
 1.03612805947 0.267842849425 0.0446995834515 0.0207816448857 -0.0415420325940 -0.0528473089368 -0.0564129854133 -0.0602403636087 -0.0634263177400 -0.0660619832052 -0.0691407515529 -0.0720702588524 -0.0738544402479 -0.0746006643265 -0.0748727769329 -0.0750412359778 -0.0751731330116 -0.0752460844142 -0.0752933765558
# log_avg_fmort:
 -2.44838945005
# fmort_dev:
 -2.53301959738 -2.34957985657 -1.78936609455 -1.76044269330 -1.09317848742 0.467989323112 1.70817078641 2.72050658882 4.06146250231 1.40407646693 1.29685059639 1.05557685713 1.68768864776 1.96739346507 1.86166935975 2.04970737655 2.16130031515 1.95913402273 1.28939765272 1.55947526307 0.393143514371 0.281043866526 0.247401016055 -0.522762257337 0.137349127226 -0.412186829317 -0.316220320449 -0.549106220168 -0.822481106355 -0.795109041091 -0.352840197113 0.0357425167834 -0.0508484930448 -0.0704083315039 0.157055699354 -0.139887342140 -0.858977669922 -0.651429282721 -0.517165681312 -0.622725198406 -0.359992411978 -0.486957931935 -0.541999503348 -0.0414640801953 -0.446670312879 -0.780678515370 -0.644138703719 -0.931060535627 -0.770364726965 -0.914568946374 -0.988712680316 -0.812223683310 -0.784277258439 -0.498940482386 -0.260446858726 -0.649863822624 -0.530213719409 -0.265220317424 -0.251009484092 -0.101835600605 -0.0739279325152 -0.215271216869 -0.122039211629 -0.158504234243 -0.166254996617 -0.137264812568 -0.0397510157423 -0.298805772628 -0.0219416511948
# sel_slope_fsh_f:
 1.20848580863
# sel50_fsh_f:
 8.61671398829
# sel_slope_fsh_devs_f:
 2.15407677926e-05 9.67460188184e-05 0.000417796390869 0.000847994303378 0.00268517495534 0.0158526516652 0.0548381706659 0.123455341059 0.210400174350 0.0267299718590 0.331398975201 0.145305618855 0.0611979294783 0.0417936567558 -0.258101834071 0.318569068918 0.368395709926 1.03003571625 1.07945054001 0.144457380300 0.207359476332 0.260043983541 -0.0872490410634 -0.495131796042 -0.0348556076780 -0.104656840589 -0.501239100789 -0.397557695834 -0.178248607973 -0.0140656548582 -0.0819096936288 -0.138647588362 0.203413215323 -0.159374848012 0.0684435164510 0.0662798941265 0.107901244652 -0.655711875207 -0.114697930286 -0.469323542698 0.105205955501 0.0225165056323 0.199548648315 -0.214978750110 -0.0458756005520 -0.107444425407 0.0407222308351 -0.154427534219 -0.0347822212787 -0.0540625569941 -0.117008880990 -0.293016834024 0.0673006033937 -0.276250265273 0.0161410821203 0.230108050423 -0.0739685605638 -0.0214320342335 -0.213253330553 0.0377577005074 0.0597217082750 -0.144464916713 -0.0322856982430 -0.273772635179 -0.0801160875544 -0.129498704834 0.223734648820 0.0840172603880 0.00124509187179
# sel50_fsh_devs_f:
 -9.55808577618e-05 -5.40979569710e-05 0.000164732457318 0.000759203317365 0.00360326755204 0.0307099150277 0.126664172038 0.273915816136 0.452241918301 -0.0906399990036 -0.0739329712688 0.0724823851578 0.138541233694 0.135993425353 0.302997691916 0.0484459626801 0.236466754231 -0.272166798371 0.178295161091 0.0822320461451 -0.228693651255 -0.0545532214269 0.0576983173518 -0.144295195513 -0.0953254953310 -0.0935236333550 0.0447010691735 -0.0188587264204 -0.112774765985 -0.201080583290 -0.0652517034383 -0.0289203526452 -0.112379960040 0.0699414104995 0.0194467639257 0.0836053296312 0.0158895315064 0.122066851380 -0.0500994093933 0.0697352330639 -0.0195894020327 -0.0869926120442 -0.0725139711061 0.0194738292320 -0.0183981139066 0.0763992635801 0.0291836298014 0.0180736364563 0.0839087250471 -0.0141854089541 -0.00399185166536 -0.0291885695182 -0.163628494058 0.0182106529587 -0.135195908754 -0.111008210948 -0.0877803948404 -0.0784552394747 -0.0227901396739 -0.00459961107895 0.0195267475278 0.0868491164749 0.00604927427379 0.00888741055185 -0.0364379897734 -0.0662546106303 -0.180165556161 -0.160240331971 0.000901977006968
# sel_slope_fsh_m:
 1.37518941598
# male_sel_offset:
0.00000000000
# sel_slope_fsh_devs_m:
 -1.28969083315e-05 -1.34575249415e-05 -2.53581736240e-05 -3.65734648788e-05 -0.000113158448670 -0.00103747869861 -0.00554100816157 -0.0175050555282 -0.331755091037 -0.0196930392623 1.13248695511 0.420891669680 0.219464908882 0.350655458045 0.337739065585 0.143023045480 0.622191621776 0.379465123934 0.456947101437 0.629808481048 0.129123115619 0.302989721214 -0.145441482237 0.0789508978103 -0.275014939941 -0.189760889841 -0.819163342377 -0.671262787757 -0.263850562038 -0.0929659964044 -0.00241084236789 0.0592351743351 0.201110715911 0.274750024928 0.248997478215 0.139430503224 -0.0817606094426 -0.491203251290 -0.0483087307890 -0.644791814129 -0.350732529101 -0.222303373540 -0.0721213312268 0.378229682742 -0.321810886527 -0.401629464919 -0.144685283796 -0.203755521991 0.0232306750289 0.158177157858 -0.145962980459 -0.223875447029 0.0779081781852 -0.00777609955959 -0.0760692742134 -0.202907744059 0.0729853257060 -0.126583196941 0.0916489677709 -0.0238861974413 0.0908257577636 -0.00967299258038 -0.0915788299554 -0.0383723238520 -0.0565911130177 -0.0481941778668 -0.0387240278752 -0.112490696264 0.00112607056948
# sel50_fsh_m:
 8.04698756165
# sel50_fsh_devs_m:
 -8.11823479747e-05 -8.77533615125e-05 -0.000136687310624 -0.000134513621049 -0.000299527404417 -0.00204413070525 -0.0105623802850 -0.0337592203505 -0.241360531608 -0.0167082400135 -0.742911158259 0.0303366211142 0.0608340641437 -0.0680715418775 0.0182075048828 0.0973456231851 -0.140651695278 -0.0586861670535 -0.0989293467222 -0.0859762460535 0.282614985318 -0.0937753028696 0.119846796370 0.0117771257334 0.0257788220400 -0.0279618529980 0.286015273339 0.0927860144506 -0.143506475913 -0.157841177971 -0.0619738944439 -0.0697346692986 -0.0850997352640 -0.0156827624008 0.00652729544123 0.107625390816 0.0853859700155 -0.0675251525484 -0.0200618540641 0.199828579725 0.158616981020 0.0329327080716 -0.0145750772182 -0.0458075622334 0.157079303509 0.296496524377 0.140701548589 0.140705810219 0.132681429717 0.00759391144130 0.0717778567168 0.00235035973181 -0.0540945698790 -0.0676615091238 -0.0528185795912 0.0543616586459 -0.0802559088052 -0.0382478244040 -0.0969674127064 -0.0228643365814 0.00361183524620 0.0870158107252 0.0601991141441 0.00967431232017 0.0374533472572 -0.0181061125708 -0.0448654394657 -0.0398200890089 0.00148517697528
# sel_slope_srv:
 1.61377954246
# sel50_srv:
 4.91300429353
# sel_slope_srv_m:
 0.00000000000
# sel50_srv_m:
 0.00000000000
# F40:
 0.120000000000
# F35:
 0.160000000000
# F30:
 0.210000000000
# R_logalpha:
-4.41987371318
# R_logbeta:
-6.55338768145
# sigmaR:
0.600000000000
# wt_fsh_fut_f:
 6.00000000000 8.00000000000 19.0000000000 35.0000000000 192.000000000 220.000000000 278.000000000 286.000000000 317.000000000 378.000000000 395.000000000 425.000000000 449.000000000 484.000000000 525.000000000 501.000000000 531.000000000 561.000000000 607.000000000 606.000000000
# wt_fsh_fut_m:
 0.00000000000 8.00000000000 20.0000000000 35.0000000000 186.000000000 218.000000000 252.000000000 236.000000000 292.000000000 310.000000000 327.000000000 357.000000000 374.000000000 396.000000000 371.000000000 408.000000000 370.000000000 428.000000000 503.000000000 473.000000000
# wt_pop_fut_f:
 6.00000000000 6.00000000000 21.0000000000 43.0000000000 103.000000000 188.000000000 248.000000000 321.000000000 365.000000000 453.000000000 438.000000000 478.000000000 540.000000000 564.000000000 592.000000000 637.000000000 602.000000000 635.000000000 650.000000000 667.000000000
# wt_pop_fut_m:
 4.00000000000 8.00000000000 24.0000000000 59.0000000000 110.000000000 180.000000000 232.000000000 250.000000000 267.000000000 332.000000000 331.000000000 374.000000000 420.000000000 428.000000000 435.000000000 455.000000000 462.000000000 449.000000000 431.000000000 448.000000000
# log_msy_sel_f:
 -8.97530996849 -7.63040626334 -6.28663175952 -4.94725770705 -3.62496521252 -2.36572539024 -1.29702763633 -0.583837565939 -0.220654898322 -0.0725336658242 -0.0220715522750 -0.00652788156830 -0.00191680674222 -0.000562666636660 -0.000165434477637 -4.87284949172e-05 -1.43713769489e-05 -1.43807100291e-05 -1.43754339891e-05 -1.43726249344e-05
# log_msy_sel_m:
 -8.94946777406 -7.64034002413 -6.33224375290 -5.02787192122 -3.73683855740 -2.49186299285 -1.38756924976 -0.596002876407 -0.198904410940 -0.0576273264681 -0.0158989158881 -0.00433648504737 -0.00118264474375 -0.000323496124145 -8.88267339004e-05 -2.44874199269e-05 -6.78074808959e-06 -6.78503654558e-06 -6.76289520463e-06 -6.77433610679e-06
# rec_dev_future:
 0.00000000000 0.00000000000 0.00000000000 0.00000000000 0.00000000000 0.00000000000 0.00000000000 0.00000000000 0.00000000000 0.00000000000
