ParName   Value   Gradient
natmort_m     0.139351 -1.23065e-05
q_alpha(1)    -0.246065  8.68005e-06
q_beta[1](1)    0.0649493 -3.12259e-06
q_beta[1](2)    0.0110335  2.67842e-05
q_beta[1](3)  -0.00968302  2.48317e-05
mean_log_rec     0.997308  4.75456e-05
rec_dev(1954)    -0.276763  1.85006e-05
rec_dev(1955)    -0.483108   1.4715e-05
rec_dev(1956)    -0.631377  1.14879e-05
rec_dev(1957)     0.686586  5.19921e-05
rec_dev(1958)     0.282607   3.0831e-05
rec_dev(1959)    -0.145213  4.55365e-05
rec_dev(1960)    -0.308982  3.57687e-05
rec_dev(1961)    -0.898279  1.50888e-05
rec_dev(1962)    -0.253041  6.49675e-05
rec_dev(1963)    -0.902703  2.94035e-05
rec_dev(1964)    -0.981625  2.99411e-05
rec_dev(1965)    -0.708309  3.73477e-05
rec_dev(1966)    -0.661373  3.75184e-05
rec_dev(1967)     0.101748  4.99154e-05
rec_dev(1968)     0.548057  4.95587e-05
rec_dev(1969)     0.583912  2.43109e-05
rec_dev(1970)     0.864281   4.4422e-05
rec_dev(1971)     0.971597  4.32814e-05
rec_dev(1972)     0.728945  2.74754e-05
rec_dev(1973)     0.361823  1.57677e-05
rec_dev(1974)     0.648835  2.90912e-05
rec_dev(1975)     0.812658  2.30356e-05
rec_dev(1976)      0.37972  1.46399e-05
rec_dev(1977)     0.593987  1.94768e-05
rec_dev(1978)     0.180902  1.48468e-05
rec_dev(1979)    -0.272399  5.63196e-06
rec_dev(1980)     0.396465   2.1132e-05
rec_dev(1981)     0.101878  1.25207e-05
rec_dev(1982)      1.18391  6.02008e-05
rec_dev(1983)    -0.592451  1.00955e-05
rec_dev(1984)     0.951833  3.34829e-05
rec_dev(1985)    -0.149756   2.0144e-05
rec_dev(1986)    -0.403521  1.74425e-05
rec_dev(1987)   -0.0467796   2.0034e-05
rec_dev(1988)     0.281469   5.8875e-06
rec_dev(1989)     0.326692  1.21559e-05
rec_dev(1990)    -0.446949  9.07543e-06
rec_dev(1991)    -0.311975  5.65111e-06
rec_dev(1992)     0.486049  2.46452e-05
rec_dev(1993)   -0.0652901  3.39577e-06
rec_dev(1994)    -0.222218  3.36392e-06
rec_dev(1995)    -0.223167  6.51012e-06
rec_dev(1996)     0.683251 -4.29041e-07
rec_dev(1997)    -0.189573  2.66269e-06
rec_dev(1998)    -0.360587  1.41517e-06
rec_dev(1999)    -0.149814 -2.22253e-06
rec_dev(2000)      0.19593  2.36462e-07
rec_dev(2001)    -0.221675 -6.63854e-06
rec_dev(2002)    0.0640837 -3.43244e-06
rec_dev(2003)    0.0285323 -4.48596e-06
rec_dev(2004)     0.453825 -8.66213e-06
rec_dev(2005)    -0.369884  8.29333e-06
rec_dev(2006)    -0.299645  7.04812e-06
rec_dev(2007)    -0.198607   2.9529e-06
rec_dev(2008)    -0.262646  2.11578e-05
rec_dev(2009)   -0.0982195  2.24013e-05
rec_dev(2010)     0.231654  1.60763e-05
rec_dev(2011)    -0.767574 -7.80377e-06
rec_dev(2012)     -1.56435  1.30233e-06
rec_dev(2013)    -0.794158 -2.18716e-05
rec_dev(2014)     -0.82563 -5.61629e-06
rec_dev(2015)    -0.169073  1.87945e-05
rec_dev(2016)       0.1519  1.61525e-05
rec_dev(2017)      1.12003  1.08434e-05
rec_dev(2018)    -0.057033 -7.34425e-08
rec_dev(2019)      1.03166 -8.27872e-07
rec_dev(2020)    -0.109578 -1.38874e-07
rec_dev(2021)   -0.0114502  2.74316e-06
rec_dev(2022) -4.83511e-05  4.10821e-07
mean_log_init    -0.686645 -5.98846e-06
init_dev_m(2)     0.492433 -3.91123e-06
init_dev_m(3)     0.114797 -3.71974e-06
init_dev_m(4)   0.00341461 -5.43012e-06
init_dev_m(5)  -0.00970779 -6.70177e-06
init_dev_m(6)   -0.0421782  3.13558e-07
init_dev_m(7)   -0.0503316 -6.78539e-06
init_dev_m(8)   -0.0538746 -4.92793e-06
init_dev_m(9)   -0.0575799 -2.21125e-06
init_dev_m(10)   -0.0606494  -2.5642e-06
init_dev_m(11)   -0.0631878 -4.77249e-06
init_dev_m(12)   -0.0661402 -4.87589e-06
init_dev_m(13)   -0.0689534 -4.68885e-06
init_dev_m(14)   -0.0706758 -5.19049e-06
init_dev_m(15)   -0.0714016  -5.0623e-06
init_dev_m(16)   -0.0716688 -4.55699e-06
init_dev_m(17)   -0.0718351 -4.32127e-06
init_dev_m(18)   -0.0719658 -5.40905e-06
init_dev_m(19)   -0.0720384 -5.19695e-06
init_dev_m(20)   -0.0720858 -4.86897e-06
init_dev_f(2)      1.03613   9.1075e-06
init_dev_f(3)     0.267843 -2.73174e-06
init_dev_f(4)    0.0446996 -4.06404e-06
init_dev_f(5)    0.0207816 -6.97106e-06
init_dev_f(6)    -0.041542  6.98256e-08
init_dev_f(7)   -0.0528473 -6.39987e-06
init_dev_f(8)    -0.056413 -4.43508e-06
init_dev_f(9)   -0.0602404 -1.22924e-06
init_dev_f(10)   -0.0634263 -3.05887e-06
init_dev_f(11)    -0.066062 -3.64855e-06
init_dev_f(12)   -0.0691408 -6.87182e-06
init_dev_f(13)   -0.0720703 -4.89587e-06
init_dev_f(14)   -0.0738544  -5.6975e-06
init_dev_f(15)   -0.0746007 -5.88803e-06
init_dev_f(16)   -0.0748728 -5.58989e-06
init_dev_f(17)   -0.0750412 -5.91311e-06
init_dev_f(18)   -0.0751731 -5.51336e-06
init_dev_f(19)   -0.0752461 -5.89055e-06
init_dev_f(20)   -0.0752934 -5.83006e-06
log_avg_fmort(1)     -2.44839  7.44864e-07
fmort_dev(1,1954)     -2.53302 -4.06752e-06
fmort_dev(1,1955)     -2.34958  9.48256e-08
fmort_dev(1,1956)     -1.78937  1.35918e-07
fmort_dev(1,1957)     -1.76044 -9.95131e-06
fmort_dev(1,1958)     -1.09318 -1.18628e-05
fmort_dev(1,1959)     0.467989 -9.17291e-06
fmort_dev(1,1960)      1.70817 -1.72178e-06
fmort_dev(1,1961)      2.72051  6.35646e-06
fmort_dev(1,1962)      4.06146 -6.93893e-05
fmort_dev(1,1963)      1.40408 -3.75393e-05
fmort_dev(1,1964)      1.29685  4.59465e-06
fmort_dev(1,1965)      1.05558  5.50277e-05
fmort_dev(1,1966)      1.68769  2.96646e-05
fmort_dev(1,1967)      1.96739 -3.10834e-06
fmort_dev(1,1968)      1.86167  -4.3878e-05
fmort_dev(1,1969)      2.04971 -5.74186e-05
fmort_dev(1,1970)       2.1613 -9.83358e-06
fmort_dev(1,1971)      1.95913 -7.48563e-05
fmort_dev(1,1972)       1.2894  8.79205e-05
fmort_dev(1,1973)      1.55948 -3.22451e-05
fmort_dev(1,1974)     0.393144  0.000200359
fmort_dev(1,1975)     0.281044 -4.48282e-05
fmort_dev(1,1976)     0.247401  -2.4826e-05
fmort_dev(1,1977)    -0.522762  3.84302e-05
fmort_dev(1,1978)     0.137349 -1.48449e-06
fmort_dev(1,1979)    -0.412187  1.21783e-05
fmort_dev(1,1980)     -0.31622  3.00832e-05
fmort_dev(1,1981)    -0.549106  1.17996e-05
fmort_dev(1,1982)    -0.822481  3.69444e-06
fmort_dev(1,1983)    -0.795109 -3.59611e-06
fmort_dev(1,1984)     -0.35284  4.15854e-06
fmort_dev(1,1985)    0.0357425 -7.18247e-06
fmort_dev(1,1986)   -0.0508485 -1.09286e-05
fmort_dev(1,1987)   -0.0704083  -6.9762e-06
fmort_dev(1,1988)     0.157056 -1.63559e-05
fmort_dev(1,1989)    -0.139887  4.71427e-06
fmort_dev(1,1990)    -0.858978  4.12966e-06
fmort_dev(1,1991)    -0.651429   5.6318e-06
fmort_dev(1,1992)    -0.517166  1.65315e-06
fmort_dev(1,1993)    -0.622725  7.80446e-06
fmort_dev(1,1994)    -0.359992  3.75242e-06
fmort_dev(1,1995)    -0.486958  3.90313e-06
fmort_dev(1,1996)       -0.542   4.9827e-06
fmort_dev(1,1997)   -0.0414641 -1.20876e-06
fmort_dev(1,1998)     -0.44667 -6.47253e-06
fmort_dev(1,1999)    -0.780679   1.0244e-05
fmort_dev(1,2000)    -0.644139 -8.56454e-08
fmort_dev(1,2001)    -0.931061 -2.64783e-06
fmort_dev(1,2002)    -0.770365  2.34564e-06
fmort_dev(1,2003)    -0.914569  2.77809e-06
fmort_dev(1,2004)    -0.988713  5.52382e-07
fmort_dev(1,2005)    -0.812224 -4.93092e-06
fmort_dev(1,2006)    -0.784277  8.57543e-06
fmort_dev(1,2007)     -0.49894   3.0301e-07
fmort_dev(1,2008)    -0.260447 -1.05953e-05
fmort_dev(1,2009)    -0.649864  -4.4661e-06
fmort_dev(1,2010)    -0.530214 -5.95886e-07
fmort_dev(1,2011)     -0.26522  5.83587e-06
fmort_dev(1,2012)    -0.251009  7.89898e-07
fmort_dev(1,2013)    -0.101836  6.25526e-06
fmort_dev(1,2014)   -0.0739279  1.13869e-06
fmort_dev(1,2015)    -0.215271 -4.09285e-06
fmort_dev(1,2016)    -0.122039 -4.78451e-06
fmort_dev(1,2017)    -0.158504  7.55412e-06
fmort_dev(1,2018)    -0.166255  4.04208e-06
fmort_dev(1,2019)    -0.137265  3.42707e-05
fmort_dev(1,2020)    -0.039751 -9.50801e-05
fmort_dev(1,2021)    -0.298806 -0.000124028
fmort_dev(1,2022)   -0.0219417  0.000145358
sel_slope_fsh_f(1)      1.20849   0.00010603
sel50_fsh_f(1)      8.61671  2.25219e-05
sel_slope_fsh_devs_f(1,1954)  2.15408e-05 -1.44076e-07
sel_slope_fsh_devs_f(1,1955)   9.6746e-05    5.859e-08
sel_slope_fsh_devs_f(1,1956)  0.000417796  1.22031e-06
sel_slope_fsh_devs_f(1,1957)  0.000847994  2.16792e-06
sel_slope_fsh_devs_f(1,1958)   0.00268517 -3.24012e-07
sel_slope_fsh_devs_f(1,1959)    0.0158527  1.59374e-06
sel_slope_fsh_devs_f(1,1960)    0.0548382  4.08085e-06
sel_slope_fsh_devs_f(1,1961)     0.123455  1.19406e-06
sel_slope_fsh_devs_f(1,1962)       0.2104  2.03202e-06
sel_slope_fsh_devs_f(1,1963)      0.02673  2.82928e-06
sel_slope_fsh_devs_f(1,1964)     0.331399 -3.00753e-06
sel_slope_fsh_devs_f(1,1965)     0.145306 -2.46833e-06
sel_slope_fsh_devs_f(1,1966)    0.0611979 -9.90735e-06
sel_slope_fsh_devs_f(1,1967)    0.0417937  1.82598e-06
sel_slope_fsh_devs_f(1,1968)    -0.258102  6.28672e-07
sel_slope_fsh_devs_f(1,1969)     0.318569 -5.92897e-06
sel_slope_fsh_devs_f(1,1970)     0.368396 -9.28868e-07
sel_slope_fsh_devs_f(1,1971)      1.03004  1.10616e-06
sel_slope_fsh_devs_f(1,1972)      1.07945 -6.36093e-06
sel_slope_fsh_devs_f(1,1973)     0.144457   4.2403e-05
sel_slope_fsh_devs_f(1,1974)     0.207359 -2.15846e-06
sel_slope_fsh_devs_f(1,1975)     0.260044  2.21401e-06
sel_slope_fsh_devs_f(1,1976)    -0.087249  1.30924e-06
sel_slope_fsh_devs_f(1,1977)    -0.495132   2.1347e-06
sel_slope_fsh_devs_f(1,1978)   -0.0348556  2.05971e-06
sel_slope_fsh_devs_f(1,1979)    -0.104657 -1.06105e-07
sel_slope_fsh_devs_f(1,1980)    -0.501239  4.58594e-06
sel_slope_fsh_devs_f(1,1981)    -0.397558  3.13489e-07
sel_slope_fsh_devs_f(1,1982)    -0.178249  -3.1603e-06
sel_slope_fsh_devs_f(1,1983)   -0.0140657 -3.35478e-06
sel_slope_fsh_devs_f(1,1984)   -0.0819097  1.33231e-06
sel_slope_fsh_devs_f(1,1985)    -0.138648 -1.47271e-06
sel_slope_fsh_devs_f(1,1986)     0.203413  1.56929e-06
sel_slope_fsh_devs_f(1,1987)    -0.159375 -3.75795e-06
sel_slope_fsh_devs_f(1,1988)    0.0684435 -6.41413e-07
sel_slope_fsh_devs_f(1,1989)    0.0662799  5.26629e-06
sel_slope_fsh_devs_f(1,1990)     0.107901 -1.52264e-06
sel_slope_fsh_devs_f(1,1991)    -0.655712 -5.67701e-07
sel_slope_fsh_devs_f(1,1992)    -0.114698 -1.32554e-06
sel_slope_fsh_devs_f(1,1993)    -0.469324  3.56465e-07
sel_slope_fsh_devs_f(1,1994)     0.105206  2.22592e-06
sel_slope_fsh_devs_f(1,1995)    0.0225165  1.31829e-07
sel_slope_fsh_devs_f(1,1996)     0.199549   1.5653e-06
sel_slope_fsh_devs_f(1,1997)    -0.214979 -3.91722e-06
sel_slope_fsh_devs_f(1,1998)   -0.0458756  3.37448e-06
sel_slope_fsh_devs_f(1,1999)    -0.107444 -9.85714e-07
sel_slope_fsh_devs_f(1,2000)    0.0407222 -5.96886e-06
sel_slope_fsh_devs_f(1,2001)    -0.154428 -1.16395e-06
sel_slope_fsh_devs_f(1,2002)   -0.0347822 -6.92129e-06
sel_slope_fsh_devs_f(1,2003)   -0.0540626  3.55453e-06
sel_slope_fsh_devs_f(1,2004)    -0.117009  1.07833e-06
sel_slope_fsh_devs_f(1,2005)    -0.293017 -3.00344e-06
sel_slope_fsh_devs_f(1,2006)    0.0673006 -1.72908e-07
sel_slope_fsh_devs_f(1,2007)     -0.27625 -6.13911e-06
sel_slope_fsh_devs_f(1,2008)    0.0161411 -2.73312e-06
sel_slope_fsh_devs_f(1,2009)     0.230108  2.52791e-06
sel_slope_fsh_devs_f(1,2010)   -0.0739686 -1.62307e-06
sel_slope_fsh_devs_f(1,2011)    -0.021432  -3.5432e-06
sel_slope_fsh_devs_f(1,2012)    -0.213253 -6.52999e-07
sel_slope_fsh_devs_f(1,2013)    0.0377577 -4.89613e-06
sel_slope_fsh_devs_f(1,2014)    0.0597217  8.16831e-07
sel_slope_fsh_devs_f(1,2015)    -0.144465  3.94811e-07
sel_slope_fsh_devs_f(1,2016)   -0.0322857 -1.44773e-06
sel_slope_fsh_devs_f(1,2017)    -0.273773   1.3008e-06
sel_slope_fsh_devs_f(1,2018)   -0.0801161  1.45982e-06
sel_slope_fsh_devs_f(1,2019)    -0.129499  1.74438e-06
sel_slope_fsh_devs_f(1,2020)     0.223735   0.00034067
sel_slope_fsh_devs_f(1,2021)    0.0840173  0.000312459
sel_slope_fsh_devs_f(1,2022)   0.00124509  0.000354596
sel50_fsh_devs_f(1,1954) -9.55809e-05 -1.17113e-08
sel50_fsh_devs_f(1,1955)  -5.4098e-05   3.0109e-07
sel50_fsh_devs_f(1,1956)  0.000164732 -2.29601e-07
sel50_fsh_devs_f(1,1957)  0.000759203   1.1938e-06
sel50_fsh_devs_f(1,1958)   0.00360327  5.29406e-07
sel50_fsh_devs_f(1,1959)    0.0307099  3.03981e-06
sel50_fsh_devs_f(1,1960)     0.126664  8.07675e-06
sel50_fsh_devs_f(1,1961)     0.273916  3.38508e-06
sel50_fsh_devs_f(1,1962)     0.452242  3.38626e-05
sel50_fsh_devs_f(1,1963)     -0.09064  7.11199e-05
sel50_fsh_devs_f(1,1964)    -0.073933 -3.04517e-05
sel50_fsh_devs_f(1,1965)    0.0724824 -0.000239587
sel50_fsh_devs_f(1,1966)     0.138541  7.02095e-05
sel50_fsh_devs_f(1,1967)     0.135993 -1.10717e-05
sel50_fsh_devs_f(1,1968)     0.302998  0.000125863
sel50_fsh_devs_f(1,1969)     0.048446  5.89384e-05
sel50_fsh_devs_f(1,1970)     0.236467  3.61007e-05
sel50_fsh_devs_f(1,1971)    -0.272167 -0.000125275
sel50_fsh_devs_f(1,1972)     0.178295 -4.00195e-05
sel50_fsh_devs_f(1,1973)     0.082232  0.000248384
sel50_fsh_devs_f(1,1974)    -0.228694 -0.000309542
sel50_fsh_devs_f(1,1975)   -0.0545532  6.45405e-05
sel50_fsh_devs_f(1,1976)    0.0576983  4.50589e-05
sel50_fsh_devs_f(1,1977)    -0.144295 -1.68696e-05
sel50_fsh_devs_f(1,1978)   -0.0953255   6.5079e-06
sel50_fsh_devs_f(1,1979)   -0.0935236 -4.83898e-06
sel50_fsh_devs_f(1,1980)    0.0447011 -9.68977e-06
sel50_fsh_devs_f(1,1981)   -0.0188587 -6.58278e-06
sel50_fsh_devs_f(1,1982)    -0.112775 -2.19641e-06
sel50_fsh_devs_f(1,1983)    -0.201081 -1.73538e-06
sel50_fsh_devs_f(1,1984)   -0.0652517 -3.26766e-06
sel50_fsh_devs_f(1,1985)   -0.0289204 -7.57759e-07
sel50_fsh_devs_f(1,1986)     -0.11238  5.13501e-06
sel50_fsh_devs_f(1,1987)    0.0699414 -2.42396e-06
sel50_fsh_devs_f(1,1988)    0.0194468  1.28559e-05
sel50_fsh_devs_f(1,1989)    0.0836053  -9.3995e-07
sel50_fsh_devs_f(1,1990)    0.0158895 -1.56308e-05
sel50_fsh_devs_f(1,1991)     0.122067 -6.54432e-06
sel50_fsh_devs_f(1,1992)   -0.0500994 -5.20814e-06
sel50_fsh_devs_f(1,1993)    0.0697352 -2.65154e-06
sel50_fsh_devs_f(1,1994)   -0.0195894  1.81471e-07
sel50_fsh_devs_f(1,1995)   -0.0869926 -1.19149e-06
sel50_fsh_devs_f(1,1996)    -0.072514 -2.35546e-07
sel50_fsh_devs_f(1,1997)    0.0194738 -4.60712e-06
sel50_fsh_devs_f(1,1998)   -0.0183981 -8.51958e-06
sel50_fsh_devs_f(1,1999)    0.0763993 -9.11552e-06
sel50_fsh_devs_f(1,2000)    0.0291836 -4.98613e-06
sel50_fsh_devs_f(1,2001)    0.0180736 -1.06569e-05
sel50_fsh_devs_f(1,2002)    0.0839087  -1.1497e-05
sel50_fsh_devs_f(1,2003)   -0.0141854 -3.54734e-06
sel50_fsh_devs_f(1,2004)  -0.00399185 -2.73911e-06
sel50_fsh_devs_f(1,2005)   -0.0291886 -8.13221e-06
sel50_fsh_devs_f(1,2006)    -0.163628  7.15825e-07
sel50_fsh_devs_f(1,2007)    0.0182107 -7.64697e-06
sel50_fsh_devs_f(1,2008)    -0.135196  5.17106e-06
sel50_fsh_devs_f(1,2009)    -0.111008  8.21141e-06
sel50_fsh_devs_f(1,2010)   -0.0877804 -2.28282e-06
sel50_fsh_devs_f(1,2011)   -0.0784552 -5.58817e-06
sel50_fsh_devs_f(1,2012)   -0.0227901  4.43853e-06
sel50_fsh_devs_f(1,2013)  -0.00459961 -5.44568e-06
sel50_fsh_devs_f(1,2014)    0.0195267 -1.69725e-06
sel50_fsh_devs_f(1,2015)    0.0868491  4.78236e-06
sel50_fsh_devs_f(1,2016)   0.00604927 -2.07048e-06
sel50_fsh_devs_f(1,2017)   0.00888741  1.88829e-05
sel50_fsh_devs_f(1,2018)    -0.036438  1.88685e-05
sel50_fsh_devs_f(1,2019)   -0.0662546  9.57942e-06
sel50_fsh_devs_f(1,2020)    -0.180166  0.000844915
sel50_fsh_devs_f(1,2021)     -0.16024    0.0012346
sel50_fsh_devs_f(1,2022)  0.000901977  0.000985865
sel_slope_fsh_m(1)      1.37519  0.000101841
sel_slope_fsh_devs_m(1,1954) -1.28969e-05 -2.86221e-07
sel_slope_fsh_devs_m(1,1955) -1.34575e-05  1.12897e-06
sel_slope_fsh_devs_m(1,1956) -2.53582e-05  2.37324e-07
sel_slope_fsh_devs_m(1,1957) -3.65735e-05  1.77921e-06
sel_slope_fsh_devs_m(1,1958) -0.000113158  7.41973e-06
sel_slope_fsh_devs_m(1,1959)  -0.00103748   1.3304e-06
sel_slope_fsh_devs_m(1,1960)  -0.00554101 -1.64983e-06
sel_slope_fsh_devs_m(1,1961)   -0.0175051 -1.29918e-06
sel_slope_fsh_devs_m(1,1962)    -0.331755  1.60418e-05
sel_slope_fsh_devs_m(1,1963)    -0.019693  1.63496e-06
sel_slope_fsh_devs_m(1,1964)      1.13249  2.90955e-07
sel_slope_fsh_devs_m(1,1965)     0.420892  5.25526e-06
sel_slope_fsh_devs_m(1,1966)     0.219465 -1.19029e-05
sel_slope_fsh_devs_m(1,1967)     0.350655  7.60884e-06
sel_slope_fsh_devs_m(1,1968)     0.337739  2.15806e-06
sel_slope_fsh_devs_m(1,1969)     0.143023 -1.10355e-06
sel_slope_fsh_devs_m(1,1970)     0.622192  4.26138e-06
sel_slope_fsh_devs_m(1,1971)     0.379465 -9.69644e-06
sel_slope_fsh_devs_m(1,1972)     0.456947 -5.47607e-06
sel_slope_fsh_devs_m(1,1973)     0.629808  1.51434e-05
sel_slope_fsh_devs_m(1,1974)     0.129123 -1.69016e-05
sel_slope_fsh_devs_m(1,1975)      0.30299 -1.22339e-08
sel_slope_fsh_devs_m(1,1976)    -0.145441  8.33599e-07
sel_slope_fsh_devs_m(1,1977)    0.0789509 -5.81925e-07
sel_slope_fsh_devs_m(1,1978)    -0.275015    2.237e-06
sel_slope_fsh_devs_m(1,1979)    -0.189761  4.63922e-07
sel_slope_fsh_devs_m(1,1980)    -0.819163  3.01942e-06
sel_slope_fsh_devs_m(1,1981)    -0.671263  2.10209e-06
sel_slope_fsh_devs_m(1,1982)    -0.263851  3.68726e-06
sel_slope_fsh_devs_m(1,1983)    -0.092966 -1.36549e-06
sel_slope_fsh_devs_m(1,1984)  -0.00241084 -6.15854e-07
sel_slope_fsh_devs_m(1,1985)    0.0592352 -9.69553e-07
sel_slope_fsh_devs_m(1,1986)     0.201111  6.22908e-07
sel_slope_fsh_devs_m(1,1987)      0.27475 -1.25052e-06
sel_slope_fsh_devs_m(1,1988)     0.248997  9.89889e-06
sel_slope_fsh_devs_m(1,1989)     0.139431  2.34697e-06
sel_slope_fsh_devs_m(1,1990)   -0.0817606 -2.57726e-06
sel_slope_fsh_devs_m(1,1991)    -0.491203  6.23272e-07
sel_slope_fsh_devs_m(1,1992)   -0.0483087 -2.20112e-06
sel_slope_fsh_devs_m(1,1993)    -0.644792  2.98886e-07
sel_slope_fsh_devs_m(1,1994)    -0.350733  5.37953e-07
sel_slope_fsh_devs_m(1,1995)    -0.222303  1.17266e-06
sel_slope_fsh_devs_m(1,1996)   -0.0721213 -1.25854e-06
sel_slope_fsh_devs_m(1,1997)      0.37823 -7.96731e-07
sel_slope_fsh_devs_m(1,1998)    -0.321811  -5.7995e-07
sel_slope_fsh_devs_m(1,1999)    -0.401629 -2.18638e-06
sel_slope_fsh_devs_m(1,2000)    -0.144685  5.83687e-07
sel_slope_fsh_devs_m(1,2001)    -0.203756 -4.10495e-06
sel_slope_fsh_devs_m(1,2002)    0.0232307  -4.5946e-06
sel_slope_fsh_devs_m(1,2003)     0.158177 -9.55006e-07
sel_slope_fsh_devs_m(1,2004)    -0.145963 -8.48564e-07
sel_slope_fsh_devs_m(1,2005)    -0.223875 -3.81908e-06
sel_slope_fsh_devs_m(1,2006)    0.0779082  3.39685e-06
sel_slope_fsh_devs_m(1,2007)   -0.0077761 -1.62286e-07
sel_slope_fsh_devs_m(1,2008)   -0.0760693  1.58709e-06
sel_slope_fsh_devs_m(1,2009)    -0.202908  2.05743e-06
sel_slope_fsh_devs_m(1,2010)    0.0729853 -5.50311e-07
sel_slope_fsh_devs_m(1,2011)    -0.126583   -5.423e-07
sel_slope_fsh_devs_m(1,2012)     0.091649  5.68693e-06
sel_slope_fsh_devs_m(1,2013)   -0.0238862  1.30646e-06
sel_slope_fsh_devs_m(1,2014)    0.0908258  -1.8671e-06
sel_slope_fsh_devs_m(1,2015)  -0.00967299  9.11365e-07
sel_slope_fsh_devs_m(1,2016)   -0.0915788 -1.23893e-06
sel_slope_fsh_devs_m(1,2017)   -0.0383723  1.33584e-06
sel_slope_fsh_devs_m(1,2018)   -0.0565911 -2.65186e-06
sel_slope_fsh_devs_m(1,2019)   -0.0481942   2.8183e-06
sel_slope_fsh_devs_m(1,2020)    -0.038724  0.000389997
sel_slope_fsh_devs_m(1,2021)    -0.112491  0.000309291
sel_slope_fsh_devs_m(1,2022)   0.00112607  0.000422618
sel50_fsh_m(1)      8.04699  2.35607e-05
sel50_fsh_devs_m(1,1954) -8.11823e-05 -1.79478e-08
sel50_fsh_devs_m(1,1955) -8.77534e-05  4.76369e-07
sel50_fsh_devs_m(1,1956) -0.000136687 -1.49625e-06
sel50_fsh_devs_m(1,1957) -0.000134514   9.8558e-07
sel50_fsh_devs_m(1,1958) -0.000299527 -1.06918e-06
sel50_fsh_devs_m(1,1959)  -0.00204413  2.80288e-08
sel50_fsh_devs_m(1,1960)   -0.0105624 -2.19494e-06
sel50_fsh_devs_m(1,1961)   -0.0337592 -8.03009e-06
sel50_fsh_devs_m(1,1962)    -0.241361  0.000151967
sel50_fsh_devs_m(1,1963)   -0.0167082  3.66898e-06
sel50_fsh_devs_m(1,1964)    -0.742911  -2.9842e-06
sel50_fsh_devs_m(1,1965)    0.0303366  7.12421e-05
sel50_fsh_devs_m(1,1966)    0.0608341 -0.000249878
sel50_fsh_devs_m(1,1967)   -0.0680715  1.39886e-05
sel50_fsh_devs_m(1,1968)    0.0182075  2.97934e-05
sel50_fsh_devs_m(1,1969)    0.0973456  5.29474e-05
sel50_fsh_devs_m(1,1970)    -0.140652  4.33688e-05
sel50_fsh_devs_m(1,1971)   -0.0586862 -0.000180271
sel50_fsh_devs_m(1,1972)   -0.0989293 -0.000115687
sel50_fsh_devs_m(1,1973)   -0.0859762  0.000366754
sel50_fsh_devs_m(1,1974)     0.282615 -0.000145417
sel50_fsh_devs_m(1,1975)   -0.0937753  3.14539e-05
sel50_fsh_devs_m(1,1976)     0.119847  3.26021e-05
sel50_fsh_devs_m(1,1977)    0.0117771 -4.66709e-05
sel50_fsh_devs_m(1,1978)    0.0257788  5.86803e-07
sel50_fsh_devs_m(1,1979)   -0.0279619 -4.98892e-08
sel50_fsh_devs_m(1,1980)     0.286015 -1.54307e-06
sel50_fsh_devs_m(1,1981)     0.092786 -7.39948e-07
sel50_fsh_devs_m(1,1982)    -0.143506  2.28975e-06
sel50_fsh_devs_m(1,1983)    -0.157841 -2.63434e-06
sel50_fsh_devs_m(1,1984)   -0.0619739  -2.5768e-06
sel50_fsh_devs_m(1,1985)   -0.0697347  2.34494e-06
sel50_fsh_devs_m(1,1986)   -0.0850997  3.71296e-06
sel50_fsh_devs_m(1,1987)   -0.0156828  4.17522e-06
sel50_fsh_devs_m(1,1988)    0.0065273 -8.80395e-06
sel50_fsh_devs_m(1,1989)     0.107625  3.63019e-06
sel50_fsh_devs_m(1,1990)     0.085386 -1.53941e-06
sel50_fsh_devs_m(1,1991)   -0.0675252 -2.56963e-06
sel50_fsh_devs_m(1,1992)   -0.0200619 -4.57943e-06
sel50_fsh_devs_m(1,1993)     0.199829   1.4906e-06
sel50_fsh_devs_m(1,1994)     0.158617  -9.2225e-06
sel50_fsh_devs_m(1,1995)    0.0329327  6.13231e-08
sel50_fsh_devs_m(1,1996)   -0.0145751 -3.29768e-06
sel50_fsh_devs_m(1,1997)   -0.0458076  4.28909e-06
sel50_fsh_devs_m(1,1998)     0.157079 -8.10765e-06
sel50_fsh_devs_m(1,1999)     0.296497 -1.45771e-05
sel50_fsh_devs_m(1,2000)     0.140702 -1.24205e-05
sel50_fsh_devs_m(1,2001)     0.140706 -1.38426e-05
sel50_fsh_devs_m(1,2002)     0.132681 -3.59708e-06
sel50_fsh_devs_m(1,2003)   0.00759391 -2.20399e-05
sel50_fsh_devs_m(1,2004)    0.0717779 -1.98364e-06
sel50_fsh_devs_m(1,2005)   0.00235036 -1.33041e-05
sel50_fsh_devs_m(1,2006)   -0.0540946  2.56439e-06
sel50_fsh_devs_m(1,2007)   -0.0676615  6.38909e-08
sel50_fsh_devs_m(1,2008)   -0.0528186  3.77515e-06
sel50_fsh_devs_m(1,2009)    0.0543617  1.01891e-06
sel50_fsh_devs_m(1,2010)   -0.0802559 -3.70837e-06
sel50_fsh_devs_m(1,2011)   -0.0382478 -1.15187e-06
sel50_fsh_devs_m(1,2012)   -0.0969674 -3.24485e-06
sel50_fsh_devs_m(1,2013)   -0.0228643  4.58313e-06
sel50_fsh_devs_m(1,2014)   0.00361184  9.01419e-06
sel50_fsh_devs_m(1,2015)    0.0870158 -6.81107e-06
sel50_fsh_devs_m(1,2016)    0.0601991  2.24174e-06
sel50_fsh_devs_m(1,2017)   0.00967431  1.33194e-06
sel50_fsh_devs_m(1,2018)    0.0374533 -1.14395e-06
sel50_fsh_devs_m(1,2019)   -0.0181061  2.34754e-05
sel50_fsh_devs_m(1,2020)   -0.0448654   0.00117863
sel50_fsh_devs_m(1,2021)   -0.0398201  0.000785194
sel50_fsh_devs_m(1,2022)   0.00148518   0.00109406
sel_slope_srv(1)      1.61378 -1.14227e-06
sel50_srv(1)        4.913 -2.01199e-06
R_logalpha     -4.41987 -9.94079e-07
R_logbeta     -6.55339  4.06263e-06
log_msy_sel_f(1)     -8.97531  2.76419e-06
log_msy_sel_f(2)     -7.63041  3.51245e-06
log_msy_sel_f(3)     -6.28663  5.35478e-06
log_msy_sel_f(4)     -4.94726  7.47597e-06
log_msy_sel_f(5)     -3.62497  2.88856e-07
log_msy_sel_f(6)     -2.36573  3.98074e-06
log_msy_sel_f(7)     -1.29703 -2.26446e-06
log_msy_sel_f(8)    -0.583838 -4.13686e-06
log_msy_sel_f(9)    -0.220655  2.36677e-06
log_msy_sel_f(10)   -0.0725337 -1.09696e-06
log_msy_sel_f(11)   -0.0220716  5.41089e-06
log_msy_sel_f(12)  -0.00652788  1.80824e-06
log_msy_sel_f(13)  -0.00191681 -9.34195e-07
log_msy_sel_f(14) -0.000562667  2.97754e-06
log_msy_sel_f(15) -0.000165434  -3.0711e-06
log_msy_sel_f(16) -4.87285e-05  -1.8527e-06
log_msy_sel_f(17) -1.43714e-05  1.31451e-06
log_msy_sel_f(18) -1.43807e-05 -2.41872e-06
log_msy_sel_f(19) -1.43754e-05 -3.08304e-07
log_msy_sel_f(20) -1.43726e-05  8.15317e-07
log_msy_sel_m(1)     -8.94947  8.53197e-06
log_msy_sel_m(2)     -7.64034   5.7194e-06
log_msy_sel_m(3)     -6.33224  1.82608e-06
log_msy_sel_m(4)     -5.02787  1.02004e-06
log_msy_sel_m(5)     -3.73684  6.03392e-07
log_msy_sel_m(6)     -2.49186  2.19913e-06
log_msy_sel_m(7)     -1.38757  1.78813e-08
log_msy_sel_m(8)    -0.596003  1.20825e-06
log_msy_sel_m(9)    -0.198904 -5.74166e-07
log_msy_sel_m(10)   -0.0576273 -1.10902e-06
log_msy_sel_m(11)   -0.0158989 -2.40527e-06
log_msy_sel_m(12)  -0.00433649  1.33332e-07
log_msy_sel_m(13)  -0.00118264  1.50361e-07
log_msy_sel_m(14) -0.000323496  1.81434e-06
log_msy_sel_m(15) -8.88267e-05  1.39998e-06
log_msy_sel_m(16) -2.44874e-05  1.09927e-06
log_msy_sel_m(17) -6.78075e-06 -7.14629e-07
log_msy_sel_m(18) -6.78504e-06 -2.43001e-06
log_msy_sel_m(19)  -6.7629e-06  6.42653e-06
log_msy_sel_m(20) -6.77434e-06  1.85016e-06
rec_dev_future(2023)            0            0
rec_dev_future(2024)            0            0
rec_dev_future(2025)            0            0
rec_dev_future(2026)            0            0
rec_dev_future(2027)            0            0
rec_dev_future(2028)            0            0
rec_dev_future(2029)            0            0
rec_dev_future(2030)            0            0
rec_dev_future(2031)            0            0
rec_dev_future(2032)            0            0
