# Number of parameters = 514 Objective function value = 1424.86919831802  Maximum gradient component = 0.000179053880052136
# ln_q_srv:
 -0.0717680000000000
# natmort_f:
0.120000000000
# natmort_m:
0.134824493703
# Linf_f:
38.0340000000
# K_f:
0.137000000000
# t0_f:
0.297000000000
# Linf_m:
34.0300000000
# K_m:
0.161000000000
# t0_m:
0.515000000000
# age_incr:
 0.00000000000 0.00000000000 0.00000000000 0.00000000000 0.00000000000 0.00000000000 0.00000000000 0.00000000000 0.00000000000 0.00000000000 0.00000000000
# yr_incr:
 0.00000000000 0.00000000000 0.00000000000 0.00000000000 0.00000000000 0.00000000000 0.00000000000 0.00000000000 0.00000000000 0.00000000000 0.00000000000 0.00000000000 0.00000000000 0.00000000000 0.00000000000 0.00000000000 0.00000000000 0.00000000000 0.00000000000 0.00000000000 0.00000000000 0.00000000000 0.00000000000 0.00000000000 0.00000000000 0.00000000000 0.00000000000 0.00000000000 0.00000000000 0.00000000000 0.00000000000 0.00000000000 0.00000000000 0.00000000000 0.00000000000 0.00000000000 0.00000000000 0.00000000000 0.00000000000 0.00000000000 0.00000000000 0.00000000000 0.00000000000 0.00000000000 0.00000000000 0.00000000000 0.00000000000 0.00000000000 0.00000000000 0.00000000000 0.00000000000 0.00000000000 0.00000000000 0.00000000000 0.00000000000 0.00000000000 0.00000000000 0.00000000000 0.00000000000 0.00000000000 0.00000000000 0.00000000000 0.00000000000 0.00000000000 0.00000000000 0.00000000000 0.00000000000
# growth_alpha:
0.380000000000
# q_alpha:
 -0.0564891677324
# q_beta[1]:
 0.0551028851233 0.00912446407618 -0.00365634102494
# mean_log_rec:
0.987900011061
# rec_dev:
 -0.268923517556 -0.541509839411 -0.904089808857 0.266673149280 -0.0586561790347 -0.326119695208 -0.387596192537 -0.921194436386 -0.269726427207 -0.906940863774 -0.984608219777 -0.711059282272 -0.665390447995 0.0931423287498 0.536239293335 0.564952292229 0.839580698540 0.938390166922 0.692099695901 0.326678960303 0.623095139238 0.772983824246 0.349342101945 0.573456641923 0.145444992746 -0.292684160483 0.383838113273 0.103301316677 1.17544280965 -0.510833325054 0.991617308573 -0.0690142983550 -0.327722253786 -0.0130442753818 0.306049979253 0.309929351282 -0.380588565957 -0.258361132353 0.540206776721 0.0167097245535 -0.155665692809 -0.153937371126 0.740592436380 -0.102977241016 -0.293869241609 -0.0978567217458 0.238219699886 -0.200020042749 0.0980306299318 0.0534941141103 0.473246276030 -0.304879393553 -0.202346305796 -0.0395117896312 -0.122268524031 0.0788450307865 0.414274739911 -0.596790173690 -1.40942494100 -0.490779318053 -0.393821621559 0.0875840498447 0.408333995533 0.490809211196 -0.227927570241 -0.0393540425851 -0.00289625809314 -0.000215898502114
# mean_log_init:
-0.588291829791
# init_dev_m:
 0.461493357993 0.104314927561 0.00638939978723 -0.00860854178946 -0.0376276180902 -0.0463667506997 -0.0501007223790 -0.0545010446863 -0.0575581884759 -0.0597647625711 -0.0625906352968 -0.0647941593397 -0.0661716165374 -0.0667719305603 -0.0669961674517 -0.0671362536367 -0.0672466147258 -0.0673080535767 -0.0673481453938
# init_dev_f:
 0.965830117698 0.242369209873 0.0467253493730 0.0178186513271 -0.0371093069352 -0.0483802879048 -0.0520488114827 -0.0565639278802 -0.0597241352585 -0.0619970646995 -0.0649181373270 -0.0671906659099 -0.0686055457958 -0.0692186664241 -0.0694460704403 -0.0695875484018 -0.0696986866854 -0.0697603147788 -0.0698003777283
# log_avg_fmort:
 -2.50944079173
# fmort_dev:
 -2.57555431544 -2.39515465140 -1.83828358362 -1.81292105536 -1.14977354918 0.400301970742 1.59789861620 2.44284106477 4.10400478471 1.42022630204 1.17921293802 1.01063977149 1.68762913514 1.96267927000 1.70259593391 2.11201489739 2.21116333521 2.00772088256 1.34406277144 1.61758089409 0.451332563299 0.334460446465 0.300347385063 -0.481039430290 0.199865073958 -0.344197069817 -0.257711973405 -0.478625992187 -0.744957646708 -0.712482709834 -0.269192122294 0.124235799740 0.0396616210468 0.0148598725954 0.247431637800 -0.0494675022324 -0.837237770799 -0.652138681637 -0.433519788879 -0.566001727638 -0.392500663776 -0.476532889129 -0.506079160280 -0.0114918352070 -0.484544430503 -0.776083512501 -0.577751268317 -0.880549436587 -0.781088889630 -0.896942946531 -0.992265433554 -0.813947720332 -0.858283695512 -0.534034183230 -0.245038630445 -0.645736122830 -0.524954916858 -0.266616645153 -0.282169137606 -0.0978839767572 -0.109400527950 -0.245357839284 -0.163594375677 -0.240985537892 -0.241722603611 -0.221494483506 -0.160980778927 -0.486475599149
# sel_slope_fsh_f:
 1.25202831341
# sel50_fsh_f:
 8.51260905365
# sel_slope_fsh_devs_f:
 1.78105561588e-05 7.82949659701e-05 0.000336963091710 0.000681603408608 0.00214846890490 0.0120449701796 0.0395450749312 0.0917531552947 0.199460263060 -0.0336435109981 1.20671166300 0.420426955321 0.161502763969 0.219966710838 -0.0227971967100 0.270159620483 0.355885075987 0.987141747883 1.06307775372 0.119908603709 0.177307202345 0.233814976620 -0.118502320328 -0.488366730475 -0.0521199804770 -0.118855388753 -0.507328895007 -0.404503201787 -0.186060390382 -0.0118586750685 -0.0875299179388 -0.149131648156 0.191847200946 -0.158412160650 0.0724263255895 0.0723814530633 0.0691693051884 -0.169746391270 -0.158818175441 -0.552202421398 0.00993369433741 0.0419408281362 -0.364233426701 -0.387222057382 -0.220698205266 -0.0817448698579 -0.100785352076 -0.140735157662 -0.0484382157761 -0.105960728384 -0.139674216559 -0.362094062547 0.235128064913 -0.208502469287 -0.0762029174351 0.130010302797 -0.146645337335 -0.0924947094659 -0.129332017368 0.130017847739 0.0893385642111 -0.147542148249 -0.126405312817 -0.0819910842047 -0.168952043810 -0.216696190567 -0.0426481580264 0.00471333894217
# sel50_fsh_devs_f:
 -7.91647190095e-05 -4.24183028827e-05 0.000148156236015 0.000655648367589 0.00309222273103 0.0264754958214 0.111283399498 0.242352358157 0.449507592872 -0.109225688002 -0.806704101245 -0.0381481522842 0.211791726979 0.201692236606 0.336382058781 0.0796923282551 0.265984001191 -0.258011040322 0.191276628156 0.0999727002994 -0.221064096734 -0.0466997501703 0.0645568781874 -0.159785738859 -0.0918496874202 -0.0914280524818 0.0386653964846 -0.0207905313606 -0.111414583423 -0.198650232272 -0.0618381940037 -0.0251306229280 -0.105875605567 0.0714814149700 0.0240567108649 0.0895265016493 0.0216943278380 0.0385029606930 0.00606518566755 0.117288769201 -0.0520563782170 -0.0919578897995 -0.0395813344175 -0.0149993913491 -0.0831449222785 0.107710835667 0.107011800704 0.0147938840540 0.0858451472823 0.0306208012600 0.0108301342056 0.000981757919638 -0.280951449829 -0.0288985473914 -0.0629819018539 -0.0589126611154 -0.0337608709442 -0.0308386719513 -0.0394395099706 0.0301665918161 0.0283860729522 0.116635856447 0.0532266081462 -0.0521840997790 0.0209197552984 0.00669516509343 -0.0966048850788 0.00708097476123
# sel_slope_fsh_m:
 1.34413679735
# male_sel_offset:
0.00000000000
# sel_slope_fsh_devs_m:
 -9.25335293633e-06 -8.68970086021e-06 -1.59066633350e-05 -2.56483254946e-05 -8.15364021385e-05 -0.000521766649018 -0.00221234768316 1.63113655365e-05 0.0586743372995 0.00936998183337 0.204442209461 0.0379704067324 0.0924673080864 0.201001203748 0.215394817751 0.209633038419 0.638554098353 0.441443182507 0.475946784130 0.642847911084 0.119906019683 0.317916179756 -0.134602959196 0.0979764549458 -0.255135479238 -0.172825636299 -0.807436550169 -0.660701161844 -0.254419699809 -0.0928161706041 0.00440897032846 0.0697305646587 0.200260533186 0.265126436592 0.235893333548 0.113890245148 0.130630066318 0.197262988483 -0.0353947459822 -0.602355962671 -0.00715509149312 -0.00903903803623 -0.371237992901 -0.327121666242 0.0182094165373 -0.253939492656 -0.169113059045 -0.331174031965 0.125236135310 0.143106748102 -0.153368061829 -0.203417532296 0.405276593591 -0.0244824686836 -0.0771077766846 -0.125929865666 0.0964751272103 -0.0657600475600 0.0672719850892 0.0267287226761 0.0863542373292 -0.0928370940110 -0.117789673292 -0.316425758527 -0.0421621794755 -0.107776984493 -0.139054358964 0.00403274206251
# sel50_fsh_m:
 8.21308268378
# sel50_fsh_devs_m:
 -6.88543207215e-05 -7.07256602865e-05 -0.000102059649688 -9.36591906715e-05 -0.000205557689329 -0.00133582605949 -0.00632664422762 -0.0154126902946 0.00572418454589 -0.0160060189186 0.0627580732757 0.222359430119 0.0654184116934 -0.0620306264806 -0.000968875641439 0.0575409324635 -0.160058419172 -0.0961988122517 -0.118870937256 -0.107346944931 0.264437864926 -0.114909876246 0.100306710609 -0.0123306110662 0.00241323740418 -0.0492128473983 0.265864576233 0.0750294544674 -0.160062916562 -0.171916429201 -0.0775770525696 -0.0834424492369 -0.0959875792285 -0.0272009987896 -0.00408351687263 0.0998623842206 -0.0432728078444 -0.0366661486914 -0.0301898059258 0.125283730412 -0.0531707304366 -0.0776328652628 -0.0936052880262 -0.0137339676231 0.0168735845653 0.206732171552 0.154543570076 0.224870521576 0.0823104985271 -0.00699994484819 0.0459479337073 -0.0246374231840 -0.194894312242 -0.0890844420435 -0.0568520295423 0.0179618159567 -0.0991547357998 -0.0621951650291 -0.0978857473417 0.0324615014791 -5.51727799252e-05 0.0957056461223 0.0671869977235 0.0896525383760 0.0181759760246 0.00334839014676 -0.0476340192865 0.00671525278868
# sel_slope_srv:
 1.53575379499
# sel50_srv:
 5.05498111454
# sel_slope_srv_m:
 0.00900106182323
# sel50_srv_m:
 -0.00190188514984
# F40:
 0.120000000000
# F35:
 0.160000000000
# F30:
 0.210000000000
# R_logalpha:
-4.15597008724
# R_logbeta:
-6.45306289299
# sigmaR:
0.600000000000
# wt_fsh_fut_f:
 6.00000000000 8.00000000000 19.0000000000 35.0000000000 192.000000000 220.000000000 278.000000000 286.000000000 317.000000000 378.000000000 395.000000000 425.000000000 449.000000000 484.000000000 525.000000000 501.000000000 531.000000000 561.000000000 607.000000000 606.000000000
# wt_fsh_fut_m:
 0.00000000000 8.00000000000 20.0000000000 35.0000000000 186.000000000 218.000000000 252.000000000 236.000000000 292.000000000 310.000000000 327.000000000 357.000000000 374.000000000 396.000000000 371.000000000 408.000000000 370.000000000 428.000000000 503.000000000 473.000000000
# wt_pop_fut_f:
 6.00000000000 8.00000000000 20.0000000000 37.0000000000 72.0000000000 107.000000000 149.000000000 221.000000000 278.000000000 358.000000000 408.000000000 464.000000000 494.000000000 487.000000000 526.000000000 610.000000000 623.000000000 624.000000000 630.000000000 735.000000000
# wt_pop_fut_m:
 2.00000000000 8.00000000000 23.0000000000 42.0000000000 70.0000000000 94.0000000000 146.000000000 189.000000000 239.000000000 304.000000000 335.000000000 376.000000000 388.000000000 392.000000000 484.000000000 435.000000000 472.000000000 495.000000000 489.000000000 513.000000000
# log_msy_sel_f:
 -8.41044487632 -7.25576184830 -6.10227856811 -4.95250437875 -3.81417624592 -2.71022909878 -1.70021829367 -0.893951985190 -0.385584236684 -0.143156950280 -0.0494918642009 -0.0167572262407 -0.00567503714346 -0.00193615007769 -0.000666656751300 -0.000231622873450 -8.11407004840e-05 -8.11387438326e-05 -8.11419610623e-05 -8.11378094692e-05
# log_msy_sel_m:
 -8.84588753926 -7.60431117846 -6.36373249334 -5.12648126637 -3.90025689914 -2.70955030152 -1.62326270672 -0.779547035427 -0.293367823541 -0.0937966145556 -0.0280612722477 -0.00824200504612 -0.00241572019583 -0.000709902906976 -0.000209400515456 -6.20065821453e-05 -1.84236320023e-05 -1.84267403400e-05 -1.84263479868e-05 -1.84272796117e-05
# rec_dev_future:
 0.00000000000 0.00000000000 0.00000000000 0.00000000000 0.00000000000 0.00000000000 0.00000000000 0.00000000000 0.00000000000 0.00000000000
