# Number of parameters = 514 Objective function value = 1476.00832608277  Maximum gradient component = 9.30991735082193e-05
# ln_q_srv:
 -0.0717680000000000
# natmort_f:
0.120000000000
# natmort_m:
0.134797878998
# Linf_f:
38.0340000000
# K_f:
0.137000000000
# t0_f:
0.297000000000
# Linf_m:
34.0300000000
# K_m:
0.161000000000
# t0_m:
0.515000000000
# age_incr:
 0.00000000000 0.00000000000 0.00000000000 0.00000000000 0.00000000000 0.00000000000 0.00000000000 0.00000000000 0.00000000000 0.00000000000 0.00000000000
# yr_incr:
 0.00000000000 0.00000000000 0.00000000000 0.00000000000 0.00000000000 0.00000000000 0.00000000000 0.00000000000 0.00000000000 0.00000000000 0.00000000000 0.00000000000 0.00000000000 0.00000000000 0.00000000000 0.00000000000 0.00000000000 0.00000000000 0.00000000000 0.00000000000 0.00000000000 0.00000000000 0.00000000000 0.00000000000 0.00000000000 0.00000000000 0.00000000000 0.00000000000 0.00000000000 0.00000000000 0.00000000000 0.00000000000 0.00000000000 0.00000000000 0.00000000000 0.00000000000 0.00000000000 0.00000000000 0.00000000000 0.00000000000 0.00000000000 0.00000000000 0.00000000000 0.00000000000 0.00000000000 0.00000000000 0.00000000000 0.00000000000 0.00000000000 0.00000000000 0.00000000000 0.00000000000 0.00000000000 0.00000000000 0.00000000000 0.00000000000 0.00000000000 0.00000000000 0.00000000000 0.00000000000 0.00000000000 0.00000000000 0.00000000000 0.00000000000 0.00000000000 0.00000000000 0.00000000000
# growth_alpha:
0.380000000000
# q_alpha:
 -0.124935486510
# q_beta[1]:
 0.0634603446990 0.0115570900702 -0.00521714872994
# mean_log_rec:
0.951630355255
# rec_dev:
 -0.509793043573 -0.684307725853 -0.745244463530 0.722831877462 0.538390316876 0.191561087565 -0.222778188621 -0.878173457668 -0.231303296849 -0.871136868440 -0.944658093212 -0.668884659747 -0.623534852013 0.139041028662 0.582044919303 0.605495759693 0.877013554767 0.970552773528 0.718988498077 0.349658781214 0.643911506250 0.787673824764 0.360347654169 0.578053928931 0.137614048875 -0.309966130425 0.361722369708 0.0762787028703 1.14701462927 -0.544037007543 0.957880172146 -0.105007040135 -0.362995109602 -0.0493046763513 0.266319691920 0.267625479925 -0.427176870376 -0.307659840368 0.492182057690 -0.0317797773162 -0.203195603430 -0.195053048667 0.704198484819 -0.133899938820 -0.320618735849 -0.118942642131 0.216118531324 -0.222467503073 0.0759000148010 0.0301640841909 0.452044156618 -0.329343738663 -0.234139138137 -0.0835965354685 -0.179213394196 0.00397571390504 0.322729261551 -0.701375358160 -1.51976334081 -0.612104972401 -0.517901368127 -0.0326575441284 0.283015593359 0.378156761981 -0.264981401399 -0.0477102571626 -0.00353064861395 -0.000268688568294
# mean_log_init:
-0.706038661514
# init_dev_m:
 0.382290143706 0.0567910794410 0.0470928059837 -0.00531507345273 -0.0381365706085 -0.0408628483539 -0.0435188033597 -0.0460293898247 -0.0483364491887 -0.0504263038684 -0.0529429627458 -0.0551690287719 -0.0564931420895 -0.0570718164436 -0.0572871814076 -0.0574216825985 -0.0575275146271 -0.0575863516732 -0.0576247157333
# init_dev_f:
 0.804520976205 0.143952763471 0.127054393561 0.0237181208188 -0.0399130539970 -0.0424730956585 -0.0450972767822 -0.0476444634927 -0.0500065822561 -0.0521574185203 -0.0547577889792 -0.0570545027655 -0.0584151007268 -0.0590064000053 -0.0592249236471 -0.0593608386860 -0.0594674745176 -0.0595265280879 -0.0595648895237
# log_avg_fmort:
 -2.39846189311
# fmort_dev:
 -2.57918729877 -2.39777131286 -1.83950043121 -1.81241633122 -1.14678183127 0.412621704235 1.64831066999 2.66897329260 4.07632835550 4.16420584123 1.35597488916 0.961647948082 1.58657286840 1.86722094937 1.53405093437 2.00457310216 2.09030702119 1.88903224491 1.22755161019 1.50606896934 0.332115683214 0.210807772133 0.173318686666 -0.601590842307 0.0740549070932 -0.465957164803 -0.389815492224 -0.601681378257 -0.855716580824 -0.814706881390 -0.362647874474 0.0407189941156 -0.0411860380253 -0.0651142245650 0.177468168014 -0.118651961290 -0.900037913788 -0.706013478061 -0.484061352724 -0.618139928495 -0.434459127337 -0.511811625565 -0.538422070020 -0.0375004038108 -0.506267492214 -0.793696900180 -0.591806295327 -0.891086418073 -0.790208640068 -0.907701074758 -1.00232039497 -0.823342943044 -0.878106593804 -0.548097731680 -0.264692248783 -0.662631613892 -0.545662867915 -0.291211410617 -0.304644547375 -0.117381382510 -0.123433700936 -0.250274013515 -0.160709665177 -0.232175986854 -0.225178366773 -0.199801636570 -0.126306753816 -0.442014414927
# sel_slope_fsh_f:
 1.18979971683
# sel50_fsh_f:
 8.70276035530
# sel_slope_fsh_devs_f:
 1.80348244179e-05 8.25082206077e-05 0.000359771919374 0.000702710420226 0.00190390258559 0.00916593890796 0.0292380317184 0.0882518673930 0.207572520723 0.240650727718 -0.0235019910504 0.188103629490 0.0354948398669 0.0131856263497 -0.176567029534 0.295081803355 0.409759824364 1.00547276011 1.08063542409 0.158238005275 0.220548160937 0.273644428088 -0.0758524067134 -0.449624833425 -0.00692400140832 -0.0735639983382 -0.455068942736 -0.356394831992 -0.144746837775 0.0275668974848 -0.0464126448149 -0.108051186199 0.228760556181 -0.118492965670 0.107972954925 0.113606738666 0.111145576149 -0.131796577289 -0.120513329008 -0.507424801023 0.0378801081354 0.0544099180854 -0.329299958993 -0.359574329280 -0.187012622907 -0.0496991754793 -0.0670451714901 -0.103317405249 -0.0221988748704 -0.0772740545549 -0.112783725411 -0.340435314102 0.255933192552 -0.190958741044 -0.0546365021588 0.155503309467 -0.127906499708 -0.0700350875088 -0.115528328843 0.152807207686 0.107599868945 -0.126412033770 -0.115649930554 -0.0567296980516 -0.137127222239 -0.177355858071 -0.00149005228204 0.00611019480949
# sel50_fsh_devs_f:
 -7.34086073848e-05 -4.02727086506e-05 0.000147994154709 0.000674265826930 0.00306000089773 0.0240283821585 0.102813760157 0.255416733966 0.447192159684 0.526481627942 -0.0887548891833 0.0367975271377 0.0973135584764 0.0829217452562 0.195816756919 0.0473123579160 0.225414129035 -0.276313702765 0.168675839972 0.0817505066439 -0.242192438977 -0.0679099407562 0.0424235649788 -0.182673128465 -0.117015211889 -0.116800148403 0.00768104032987 -0.0497702217528 -0.137806168816 -0.224839276812 -0.0877876842709 -0.0500379964494 -0.128973232471 0.0478847570115 0.00188510359164 0.0664236021138 -0.00163128093483 0.0169837330012 -0.0152733572025 0.0940771955797 -0.0713731167883 -0.108733954704 -0.0582394909711 -0.0298440650269 -0.100711320622 0.0893887418264 0.0886652902292 -0.00159427391436 0.0710908174762 0.0159589693134 -0.00220930923018 -0.00577446974172 -0.294613807835 -0.0377082660635 -0.0752884273822 -0.0740266959655 -0.0463161913951 -0.0462464385540 -0.0531016805189 0.0117826416792 0.0103847250916 0.0998538787162 0.0364313857963 -0.0749819320124 -0.00147305359489 -0.0164880086838 -0.118466226741 0.00835030215852
# sel_slope_fsh_m:
 1.41743939436
# male_sel_offset:
0.00000000000
# sel_slope_fsh_devs_m:
 -1.07224697992e-05 -1.16874626155e-05 -2.06698889569e-05 -2.65580025696e-05 -8.36377681708e-05 -0.000789630503170 -0.00479624521011 -0.0215442634678 -0.0804765974752 0.350683595829 1.07902339213 0.160345306545 0.216986961390 0.314658378288 0.315505765439 0.174389256518 0.595030247799 0.445159992122 0.433298030394 0.600069560468 0.117934813596 0.272125319761 -0.183189082555 0.0560533950439 -0.289978776817 -0.203255213694 -0.850071196248 -0.692515636343 -0.275400131886 -0.102598239642 -0.0178245411817 0.0473538699508 0.175033086099 0.243438894350 0.215738698551 0.0987497695936 0.105857675233 0.168259814225 -0.0673397426534 -0.636799303402 -0.0259758967236 -0.0272719660901 -0.398177217937 -0.357801168621 0.00167271063889 -0.283127695897 -0.195967639024 -0.361978408453 0.0958938429369 0.119228735729 -0.192372408729 -0.249237377176 0.376413080519 -0.0647112101931 -0.112234088068 -0.163732642318 0.0644966203710 -0.102405069278 0.0347149872428 -0.0114049639039 0.0607349109905 -0.120622669371 -0.151532982633 -0.344052501927 -0.0713899335309 -0.117686678448 -0.165779354484 0.00534314808195
# sel50_fsh_m:
 7.94884920892
# sel50_fsh_devs_m:
 -7.04752457885e-05 -7.82008347073e-05 -0.000126285155206 -0.000125578365012 -0.000270120221707 -0.00175852596917 -0.00938774627103 -0.0358896213575 -0.268619168528 -0.360327706078 -0.716277663877 0.137627393445 0.0823814913427 -0.0463031007684 0.0177585627902 0.0999689851944 -0.128032006077 -0.0771730228939 -0.0875192970988 -0.0748890340706 0.291355005404 -0.0842254395882 0.130536692182 0.0176670103448 0.0273929952794 -0.0252261196882 0.287639175352 0.0929879690127 -0.142039175172 -0.153502323118 -0.0548615491423 -0.0604130189786 -0.0703091273435 -0.000704847231694 0.0239637652674 0.126322475474 -0.0157401769554 -0.00683418028818 -0.00168749749412 0.149301478850 -0.0267515127318 -0.0510848381180 -0.0701528385295 0.0126500902303 0.0438451726584 0.235264153027 0.183938885727 0.255073205708 0.113780396121 0.0268629976816 0.0816239727705 0.0123470346046 -0.161491122008 -0.0542973786356 -0.0244869991141 0.0516131324756 -0.0664097208871 -0.0311170571128 -0.0684554132883 0.0621896058839 0.0271390181285 0.123222139802 0.0950559420411 0.114745321493 0.0444483374880 0.0218042882071 -0.0235514270279 0.00968260671314
# sel_slope_srv:
 1.54134007581
# sel50_srv:
 5.04237593132
# sel_slope_srv_m:
 0.00883126865129
# sel50_srv_m:
 -0.00179470390641
# F40:
 0.120000000000
# F35:
 0.160000000000
# F30:
 0.210000000000
# R_logalpha:
-4.24949358573
# R_logbeta:
-6.42473308039
# sigmaR:
0.600000000000
# wt_fsh_fut_f:
 6.00000000000 8.00000000000 19.0000000000 35.0000000000 192.000000000 220.000000000 278.000000000 286.000000000 317.000000000 378.000000000 395.000000000 425.000000000 449.000000000 484.000000000 525.000000000 501.000000000 531.000000000 561.000000000 607.000000000 606.000000000
# wt_fsh_fut_m:
 0.00000000000 8.00000000000 20.0000000000 35.0000000000 186.000000000 218.000000000 252.000000000 236.000000000 292.000000000 310.000000000 327.000000000 357.000000000 374.000000000 396.000000000 371.000000000 408.000000000 370.000000000 428.000000000 503.000000000 473.000000000
# wt_pop_fut_f:
 6.00000000000 8.00000000000 20.0000000000 37.0000000000 72.0000000000 107.000000000 149.000000000 221.000000000 278.000000000 358.000000000 408.000000000 464.000000000 494.000000000 487.000000000 526.000000000 610.000000000 623.000000000 624.000000000 630.000000000 735.000000000
# wt_pop_fut_m:
 2.00000000000 8.00000000000 23.0000000000 42.0000000000 70.0000000000 94.0000000000 146.000000000 189.000000000 239.000000000 304.000000000 335.000000000 376.000000000 388.000000000 392.000000000 484.000000000 435.000000000 472.000000000 495.000000000 489.000000000 513.000000000
# log_msy_sel_f:
 -8.27958540675 -7.15303021328 -6.02773692135 -4.90626850585 -3.79635161611 -2.72031618851 -1.73446014902 -0.939423110537 -0.421920963146 -0.162256204867 -0.0573658103617 -0.0196871832327 -0.00672415584433 -0.00230664272085 -0.000797021188806 -0.000277569975176 -9.74051423148e-05 -9.74056918290e-05 -9.74054382032e-05 -9.74058513699e-05
# log_msy_sel_m:
 -9.03750861001 -7.74255758879 -6.44855605891 -5.15787293905 -3.87874482395 -2.63878781180 -1.51927091321 -0.682569844974 -0.237840187944 -0.0713907453317 -0.0203263362848 -0.00572052679687 -0.00161179354088 -0.000456153713772 -0.000129739130800 -3.70762683471e-05 -1.06410094942e-05 -1.06405393867e-05 -1.06403887540e-05 -1.06406004213e-05
# rec_dev_future:
 0.00000000000 0.00000000000 0.00000000000 0.00000000000 0.00000000000 0.00000000000 0.00000000000 0.00000000000 0.00000000000 0.00000000000
