# Number of parameters = 514 Objective function value = 1388.87545619181  Maximum gradient component = 0.000804737943536852
# ln_q_srv:
 -0.0717680000000000
# natmort_f:
0.120000000000
# natmort_m:
0.134961034055
# Linf_f:
38.0340000000
# K_f:
0.137000000000
# t0_f:
0.297000000000
# Linf_m:
34.0300000000
# K_m:
0.161000000000
# t0_m:
0.515000000000
# age_incr:
 0.00000000000 0.00000000000 0.00000000000 0.00000000000 0.00000000000 0.00000000000 0.00000000000 0.00000000000 0.00000000000 0.00000000000 0.00000000000
# yr_incr:
 0.00000000000 0.00000000000 0.00000000000 0.00000000000 0.00000000000 0.00000000000 0.00000000000 0.00000000000 0.00000000000 0.00000000000 0.00000000000 0.00000000000 0.00000000000 0.00000000000 0.00000000000 0.00000000000 0.00000000000 0.00000000000 0.00000000000 0.00000000000 0.00000000000 0.00000000000 0.00000000000 0.00000000000 0.00000000000 0.00000000000 0.00000000000 0.00000000000 0.00000000000 0.00000000000 0.00000000000 0.00000000000 0.00000000000 0.00000000000 0.00000000000 0.00000000000 0.00000000000 0.00000000000 0.00000000000 0.00000000000 0.00000000000 0.00000000000 0.00000000000 0.00000000000 0.00000000000 0.00000000000 0.00000000000 0.00000000000 0.00000000000 0.00000000000 0.00000000000 0.00000000000 0.00000000000 0.00000000000 0.00000000000 0.00000000000 0.00000000000 0.00000000000 0.00000000000 0.00000000000 0.00000000000 0.00000000000 0.00000000000 0.00000000000 0.00000000000 0.00000000000 0.00000000000
# growth_alpha:
0.380000000000
# q_alpha:
 -0.200086232686
# q_beta[1]:
 0.0566508626464 0.0123203228270 -0.00804100114284
# mean_log_rec:
0.966367819260
# rec_dev:
 -0.247842347767 -0.454218755092 -0.601761406554 0.718537906553 0.311806490373 -0.122246174318 -0.291004089465 -0.883630966224 -0.241131732298 -0.890605336518 -0.966294272643 -0.694940118616 -0.655996507900 0.103894802281 0.546255692197 0.573354206346 0.849141807082 0.949077273252 0.702985130782 0.337344167702 0.633205760398 0.782959220538 0.360996187406 0.586777002374 0.159931182176 -0.280163710980 0.393101092631 0.107551253443 1.17559715802 -0.513930447628 0.984020582043 -0.0797425879170 -0.342520060610 -0.0299884863227 0.285739711807 0.284626493058 -0.412013044050 -0.296317784437 0.498532163138 -0.0274545078557 -0.201334003260 -0.200750962192 0.692861361795 -0.151906854441 -0.343654130530 -0.146320017444 0.186796295233 -0.252492354173 0.0395864285024 -0.0101114442708 0.406549560509 -0.379700222352 -0.287927421173 -0.138868883108 -0.228176892018 -0.0342203711236 0.298815544190 -0.710329166655 -1.50974176818 -0.575054351673 -0.454457215209 0.0479931934807 0.389661313224 0.508594110794 -0.220057141291 -0.0367719440413 -0.00246013801952 -0.000155620693803
# mean_log_init:
-0.706590759963
# init_dev_m:
 0.499639648091 0.118312337413 0.00281855495065 -0.0107565783830 -0.0430383197247 -0.0513529274001 -0.0549858110427 -0.0587989361520 -0.0619457946173 -0.0645407443129 -0.0675314915825 -0.0704243280343 -0.0722052752851 -0.0729550985635 -0.0732308153217 -0.0734025852375 -0.0735373914779 -0.0736126250028 -0.0736616444950
# init_dev_f:
 1.05195962268 0.275971502031 0.0445795594379 0.0198576726864 -0.0419570541706 -0.0533856682535 -0.0570013081846 -0.0608974591982 -0.0641313903421 -0.0668008432095 -0.0698892109093 -0.0728738010009 -0.0747038507039 -0.0754698659706 -0.0757495072955 -0.0759230017996 -0.0760587760916 -0.0761342398449 -0.0761832142807
# log_avg_fmort:
 -2.43956547668
# fmort_dev:
 -2.52246605313 -2.34101031420 -1.78271656269 -1.75566987006 -1.09022493964 0.469668990226 1.71008598888 2.72659800502 4.04149655531 1.39776067145 1.28881345434 1.05052203468 1.68100013218 1.95870054244 1.85570511887 2.04423604814 2.14590674127 1.94186744147 1.28542911251 1.56348330250 0.398568920656 0.279031900670 0.246532958866 -0.529706350555 0.145516712887 -0.398419163149 -0.306280537887 -0.531866691756 -0.800444431074 -0.768750658170 -0.324729757070 0.0666841303656 -0.0169568434027 -0.0372844093876 0.194727086848 -0.0996624027285 -0.886132447503 -0.698529548850 -0.480202313573 -0.613316510899 -0.434502537455 -0.515437255466 -0.541564627562 -0.0392423490771 -0.511359455082 -0.803771308729 -0.601564632384 -0.900090758036 -0.795332110681 -0.906251794565 -0.999850122315 -0.818929005489 -0.857983059657 -0.530694036862 -0.238184067771 -0.635243026021 -0.510807857877 -0.248928877618 -0.257094789548 -0.0670834471861 -0.0697059804981 -0.197030869906 -0.0995301219362 -0.171033472621 -0.164186760951 -0.134562440885 -0.0621834333508 -0.395818049872
# sel_slope_fsh_f:
 1.20039945658
# sel50_fsh_f:
 8.64211699417
# sel_slope_fsh_devs_f:
 2.20967821196e-05 9.94790884254e-05 0.000430260401046 0.000877301398280 0.00279288329074 0.0165925050381 0.0572905118933 0.126923255205 0.212798143208 0.0250246246934 0.333093253834 0.147297268795 0.0667118003700 0.0567253326927 -0.248443423992 0.313713875411 0.381766105602 1.00190867717 1.07781477493 0.153283711151 0.214682475591 0.269393949808 -0.0800174363280 -0.460102084904 -0.0184206296190 -0.0853941184154 -0.475412196677 -0.372981191950 -0.156349724941 0.00791729126703 -0.0623718547679 -0.123757127240 0.215428033173 -0.136126157377 0.0942697651072 0.0944760394147 0.0974647941934 -0.144225806209 -0.128402150198 -0.518883389240 0.0351062205195 0.0613803421836 -0.333006552208 -0.358474215102 -0.190356390891 -0.0507764402434 -0.0682469626848 -0.101534019578 -0.0133235737603 -0.0759147530432 -0.107714278325 -0.329915739934 0.259817672411 -0.182813976329 -0.0514809892989 0.155657221846 -0.123543639366 -0.0664793559756 -0.104507819674 0.156811167678 0.115505841782 -0.115639799157 -0.0982131791572 -0.0502033831494 -0.130659990326 -0.174954610169 -0.0185047620875 0.00407537333810
# sel50_fsh_devs_f:
 -9.46361512302e-05 -5.22776280434e-05 0.000170581211087 0.000773067442463 0.00367183707696 0.0312627774244 0.128051271328 0.274999548353 0.449734413304 -0.0922522917752 -0.0769109435571 0.0708808255605 0.136236311722 0.133828079450 0.301321311260 0.0479210089590 0.232523127645 -0.270596797698 0.175616257317 0.0843055689863 -0.234722599593 -0.0608669214810 0.0504745635471 -0.168121881405 -0.105044251125 -0.104221005458 0.0287130972108 -0.0322264371375 -0.123391227936 -0.209188476434 -0.0730197735814 -0.0361978688478 -0.118391627155 0.0605290665698 0.0112533640954 0.0767052303597 0.00721367806133 0.0249442159548 -0.00932447350470 0.101024635017 -0.0666365363485 -0.106258429400 -0.0564875314396 -0.0301679934654 -0.0994338831833 0.0916104382078 0.0903780774852 -0.00274026617392 0.0701446463729 0.0158934341265 -0.00429035712373 -0.0130339103317 -0.294251562825 -0.0410531663646 -0.0756333866547 -0.0726597841645 -0.0471925012714 -0.0461167332738 -0.0544452243255 0.0145344162351 0.0128376338053 0.100772402847 0.0398115673175 -0.0650182027501 0.00994951462797 6.61020170689e-05 -0.0936413182631 0.00553225354148
# sel_slope_fsh_m:
 1.40756157866
# male_sel_offset:
0.00000000000
# sel_slope_fsh_devs_m:
 -1.24372834920e-05 -1.30155989622e-05 -2.46512354671e-05 -3.63911539800e-05 -0.000114502085263 -0.00104480421628 -0.00552457820631 -0.0167416525700 -0.351804461029 -0.0197340444362 1.11748962985 0.419965705071 0.204568387094 0.335307245336 0.315125140551 0.145727230799 0.598735327126 0.443198981538 0.439307735281 0.606514996275 0.118926186323 0.278801692364 -0.174622834673 0.0605304146762 -0.290667616889 -0.206671175535 -0.845518828399 -0.694895148330 -0.283402616237 -0.115045711062 -0.0237093542155 0.0401153830843 0.172182276650 0.237361180652 0.211595124520 0.0895417499329 0.103936780874 0.170668050575 -0.0628035804329 -0.635106384020 -0.0206040171161 -0.0205077853649 -0.390597310974 -0.350268731668 0.00997756642440 -0.275383205774 -0.183082860103 -0.351898105490 0.112604797939 0.136930632787 -0.169018057211 -0.214985273033 0.385090862091 -0.0497242699645 -0.100297242210 -0.145776374431 0.0855031561792 -0.0860250838023 0.0477666406592 -0.00156340620272 0.0800989368189 -0.0863347688679 -0.131065014949 -0.321607204303 -0.0611181554835 -0.119976376574 -0.163786792854 0.00354091759087
# sel50_fsh_m:
 7.98637292029
# sel50_fsh_devs_m:
 -8.78121829846e-05 -9.40864766701e-05 -0.000145216937117 -0.000141477344977 -0.000311782304671 -0.00211559763512 -0.0109396808814 -0.0342085402251 -0.242612985106 -0.0164618742327 -0.736370644006 0.0350726718230 0.0674402195458 -0.0620152215283 0.0261183732539 0.100483850927 -0.132327044177 -0.0799312848695 -0.0924097812455 -0.0794707160195 0.288190016042 -0.0877599964794 0.127423031730 0.0157289784815 0.0286991095331 -0.0232743315442 0.293168135199 0.100281214193 -0.135695437887 -0.148162616613 -0.0519493466161 -0.0583902517563 -0.0710641253994 -0.00138418557283 0.0214070467207 0.124902512251 -0.0185594908444 -0.0110105533603 -0.00674140298598 0.145420977277 -0.0322257965820 -0.0575104327768 -0.0787495832144 0.00429122788863 0.0364597342855 0.227027340002 0.174387679567 0.245099762769 0.103962523773 0.0168406924676 0.0680090575186 -0.00526272953518 -0.169390340368 -0.0656617317068 -0.0344661102857 0.0399804139555 -0.0772445131866 -0.0419262404101 -0.0776613613143 0.0539825556698 0.0185280232317 0.111621698502 0.0886761211877 0.110370491551 0.0451735321973 0.0302097276617 -0.0113861524545 0.00616366400069
# sel_slope_srv:
 1.54742654850
# sel50_srv:
 5.04183236499
# sel_slope_srv_m:
 0.00882379961775
# sel50_srv_m:
 -0.00189609016234
# F40:
 0.120000000000
# F35:
 0.160000000000
# F30:
 0.210000000000
# R_logalpha:
-4.18775647841
# R_logbeta:
-6.41197553708
# sigmaR:
0.600000000000
# wt_fsh_fut_f:
 6.00000000000 8.00000000000 19.0000000000 35.0000000000 192.000000000 220.000000000 278.000000000 286.000000000 317.000000000 378.000000000 395.000000000 425.000000000 449.000000000 484.000000000 525.000000000 501.000000000 531.000000000 561.000000000 607.000000000 606.000000000
# wt_fsh_fut_m:
 0.00000000000 8.00000000000 20.0000000000 35.0000000000 186.000000000 218.000000000 252.000000000 236.000000000 292.000000000 310.000000000 327.000000000 357.000000000 374.000000000 396.000000000 371.000000000 408.000000000 370.000000000 428.000000000 503.000000000 473.000000000
# wt_pop_fut_f:
 6.00000000000 8.00000000000 20.0000000000 37.0000000000 72.0000000000 107.000000000 149.000000000 221.000000000 278.000000000 358.000000000 408.000000000 464.000000000 494.000000000 487.000000000 526.000000000 610.000000000 623.000000000 624.000000000 630.000000000 735.000000000
# wt_pop_fut_m:
 2.00000000000 8.00000000000 23.0000000000 42.0000000000 70.0000000000 94.0000000000 146.000000000 189.000000000 239.000000000 304.000000000 335.000000000 376.000000000 388.000000000 392.000000000 484.000000000 435.000000000 472.000000000 495.000000000 489.000000000 513.000000000
# log_msy_sel_f:
 -8.35550581069 -7.22559582644 -6.09682489016 -4.97152019947 -3.85672854974 -2.77302238815 -1.77373459421 -0.960292446059 -0.429054523280 -0.164150327807 -0.0578448281135 -0.0197929370094 -0.00673595297859 -0.00230027928563 -0.000790484658883 -0.000273539373915 -9.53014008336e-05 -9.53009362904e-05 -9.52962786247e-05 -9.53031834267e-05
# log_msy_sel_m:
 -9.06887523805 -7.78393026031 -6.49985272399 -5.21879763960 -3.94824975376 -2.71339728804 -1.58953218166 -0.733186620207 -0.263078674608 -0.0808704290591 -0.0234444982066 -0.00669725512354 -0.00191234007781 -0.000547938440060 -0.000157676129863 -4.55493334563e-05 -1.32098769367e-05 -1.32205967276e-05 -1.32186396029e-05 -1.32084833530e-05
# rec_dev_future:
 0.00000000000 0.00000000000 0.00000000000 0.00000000000 0.00000000000 0.00000000000 0.00000000000 0.00000000000 0.00000000000 0.00000000000
