# Number of parameters = 495 Objective function value = 1400.05373650041  Maximum gradient component = 0.000116313453849929
# ln_q_srv:
 0.00000000000000
# natmort_f:
0.120000000000
# natmort_m:
0.120000000000
# Linf_f:
38.0340000000
# K_f:
0.137000000000
# t0_f:
0.297000000000
# Linf_m:
34.0300000000
# K_m:
0.161000000000
# t0_m:
0.515000000000
# age_incr:
 0.00000000000 0.00000000000 0.00000000000 0.00000000000 0.00000000000 0.00000000000 0.00000000000 0.00000000000 0.00000000000 0.00000000000 0.00000000000
# yr_incr:
 0.00000000000 0.00000000000 0.00000000000 0.00000000000 0.00000000000 0.00000000000 0.00000000000 0.00000000000 0.00000000000 0.00000000000 0.00000000000 0.00000000000 0.00000000000 0.00000000000 0.00000000000 0.00000000000 0.00000000000 0.00000000000 0.00000000000 0.00000000000 0.00000000000 0.00000000000 0.00000000000 0.00000000000 0.00000000000 0.00000000000 0.00000000000 0.00000000000 0.00000000000 0.00000000000 0.00000000000 0.00000000000 0.00000000000 0.00000000000 0.00000000000 0.00000000000 0.00000000000 0.00000000000 0.00000000000 0.00000000000 0.00000000000 0.00000000000 0.00000000000 0.00000000000 0.00000000000 0.00000000000 0.00000000000 0.00000000000 0.00000000000 0.00000000000 0.00000000000 0.00000000000 0.00000000000 0.00000000000 0.00000000000 0.00000000000 0.00000000000 0.00000000000 0.00000000000 0.00000000000 0.00000000000 0.00000000000 0.00000000000 0.00000000000
# growth_alpha:
0.380000000000
# q_alpha:
 -0.128597849633
# q_beta[1]:
 0.0603039130443 0.0141849725101 -0.00960796789010
# mean_log_rec:
0.857063644328
# rec_dev:
 -0.188878189374 -0.530727252284 -0.908895068024 0.313204918416 -0.00218017612973 -0.263288180853 -0.318981688287 -0.865823720281 -0.223365499671 -0.864837850232 -0.942045113999 -0.685434330005 -0.667514600903 0.0720649498659 0.495410346672 0.518203107992 0.794207679140 0.899741468950 0.659048856144 0.291699662185 0.588040871650 0.749272415334 0.330639967556 0.560990791892 0.137806363001 -0.310082830817 0.349942331305 0.0563739027673 1.11981567513 -0.567113918423 0.930452969643 -0.131666061904 -0.395815631853 -0.0842132091317 0.230726889143 0.230436911108 -0.463576221826 -0.347110153647 0.449616746058 -0.0668307886815 -0.236924259777 -0.231197742237 0.670488342669 -0.169814061917 -0.357429694607 -0.155252222177 0.192035903635 -0.260083516487 0.0596297418672 0.0306278521497 0.493421234328 -0.336620980860 -0.148605226775 0.0959252533770 -0.00907970477309 0.131825299102 0.425770969472 -0.689222243604 -1.16007386873 -0.133248767926 0.476451547263 0.366924122624 0.00711797806684 -0.0117874893556 -0.000194772373042
# mean_log_init:
-0.632170693403
# init_dev_m:
 0.973560627944 0.260590428959 0.0684849453975 0.0239208458243 -0.0377891482791 -0.0491966656405 -0.0530200037440 -0.0577335741707 -0.0609878525672 -0.0633044422691 -0.0663188711927 -0.0686209675502 -0.0700088906509 -0.0706105446029 -0.0708444534083 -0.0709934820438 -0.0711116789766 -0.0711780417064 -0.0712214224167
# init_dev_f:
 0.462401284524 0.110686093755 0.0149797938503 -0.00718224191168 -0.0397624932831 -0.0490410153104 -0.0529880084904 -0.0577283679977 -0.0609724209435 -0.0632851715866 -0.0662986272279 -0.0686005146711 -0.0699884011089 -0.0705900545934 -0.0708239671511 -0.0709729982895 -0.0710911975146 -0.0711575602817 -0.0712009422104
# log_avg_fmort:
 -2.38669837948
# fmort_dev:
 -2.65294534211 -2.47997214202 -1.93040707105 -1.91236828278 -1.25663354768 0.286840773442 1.48125595181 2.32751226787 3.98724392026 1.26994187888 1.11890846943 0.965372297328 1.57871647385 1.88228104561 1.66411033126 2.00248045554 2.08699428594 1.91890424121 1.28114008771 1.59066203492 0.484441246617 0.345034730029 0.307588771537 -0.463263938404 0.213787120698 -0.327515493193 -0.201474064003 -0.447248486316 -0.741489171996 -0.713162016019 -0.271595499424 0.124402639748 0.0409045535724 0.0243671856275 0.261942255966 -0.0292603695896 -0.863036885820 -0.745874596157 -0.257437265250 -0.539934881669 -0.369190202242 -0.511212818990 -0.432695939804 -0.0335490894654 -0.593951143317 -0.853539689945 -0.654064697096 -0.948980837496 -0.844623705490 -0.888306376376 -0.965381058034 -0.677510297510 -0.728494817702 -0.424025337861 -0.294476503469 -0.568368267645 -0.504783262332 -0.240824843767 -0.269054399531 -0.0497025337235 -0.0570669342562 -0.110641011205 -0.0973279425934 -0.175375018079 -0.118067267351
# sel_slope_fsh_f:
 1.19283130306
# sel50_fsh_f:
 8.65593069731
# sel_slope_fsh_devs_f:
 -1.28645241757e-05 -1.21695912068e-05 -2.09488322165e-05 -3.35056487311e-05 -9.95192599991e-05 -0.000555547515676 -0.00203073362986 0.00478015929941 0.106516122774 0.0200979055419 0.237162706115 0.0637329343933 0.0588610839856 0.127549038258 -0.190610817382 0.342789015086 0.403241688552 0.954481377135 1.06838693417 0.147349945933 0.0311120845639 0.238256783887 -0.0974822860630 -0.453777807513 -0.0222601292589 -0.0787958261175 -0.477817915400 -0.371536312796 -0.147112780295 0.00771928066262 -0.0669462535492 -0.147141404718 0.204865188441 -0.144124285614 0.0783125655817 0.0964547428628 0.118626065482 -0.114623359530 -0.133141884102 -0.505560723105 0.0361077323706 0.0718278395902 -0.327082574496 -0.376096234070 -0.176820570024 -0.0254409128479 -0.0458386666888 -0.0775307797048 0.0325584353145 -0.0471382017131 -0.0809870335467 -0.298642273638 0.276447678878 -0.152902916307 -0.0249334221463 0.179596362256 -0.0897864399870 -0.0514636030025 -0.0904750738180 0.179365068659 0.117698735374 -0.137665130033 -0.204967208055 -0.0440263367766 0.00159697524990
# sel50_fsh_devs_f:
 -8.64962473042e-05 -8.93536599698e-05 -0.000130579378720 -0.000120855407591 -0.000267290295030 -0.00172123809284 -0.00754447154702 -0.0173019273929 0.00449823134397 -0.00356921973320 0.0186928686684 0.196745763329 0.188887034538 0.165241831218 0.311285307761 0.0521714509431 0.234448329476 -0.264975016035 0.174385781613 0.0848199323049 0.137381166597 -0.0547872010835 0.0532814194664 -0.170709983844 -0.100890559712 -0.104031961070 0.0383019330396 -0.0268587976280 -0.124931471051 -0.209153734762 -0.0707665312361 -0.0254282192630 -0.114963218930 0.0637581741599 0.0163764690933 0.0759162500344 3.38456041238e-05 0.0141201862783 -0.00447622650435 0.0957157613797 -0.0671501367650 -0.109955287270 -0.0594251932186 -0.0213182244660 -0.104330785790 0.0832298099177 0.0824349260322 -0.0111408033597 0.0564032704080 0.00602617217213 -0.0137217486824 -0.0251915343344 -0.298736639218 -0.0485885479249 -0.0797153575626 -0.0744924617365 -0.0481584263823 -0.0394272942143 -0.0458893265155 0.0195340982058 0.0273589854111 0.126803687537 0.0752365064762 -0.0579697644518 0.00492667518916
# sel_slope_fsh_m:
 1.37511902532
# male_sel_offset:
0.00000000000
# sel_slope_fsh_devs_m:
 2.07414928513e-05 9.14164222081e-05 0.000394219802462 0.000772963759927 0.00235966969285 0.0122869739434 0.0400744052208 0.0919677527733 0.186679502957 -0.0626719894573 1.13450248398 0.426352364812 0.165484767661 0.303717145697 0.308598604114 0.160837306934 0.607895286804 0.563734691642 0.460348546699 0.605112606958 0.0811154723166 0.310653644939 -0.137853127580 0.0752121001019 -0.273287346519 -0.214887283756 -0.849900207630 -0.726421091591 -0.299616817275 -0.131329771735 -0.0153558135073 0.0698157107439 0.191427722237 0.249299487449 0.231778593449 0.0997575348746 0.0958933738053 0.175012727527 -0.0615918025621 -0.649163384389 -0.0153674776303 -0.0155168054429 -0.378579158677 -0.325954087234 0.000307504056035 -0.300234829968 -0.204530369086 -0.382769488511 0.0933233919366 0.116661541075 -0.201037769998 -0.240765175013 0.381529131326 -0.0499055427940 -0.101958148748 -0.166319924684 0.0324480303303 -0.126838037907 0.00967714344767 -0.0139119195178 -0.0792827187344 -0.399647807740 -0.343300632560 -0.517778544200 0.000632565623309
# sel50_fsh_m:
 8.16433132766
# sel50_fsh_devs_m:
 -7.23381429371e-05 -2.08702187532e-05 0.000262434168432 0.000936583273726 0.00413990308262 0.0336593804075 0.133385688682 0.275548944204 0.489103690139 -0.134583418553 -0.767956982915 -0.00657077028227 0.0455672957028 -0.0799363464998 -0.00476209590215 0.0696410453413 -0.154129309716 -0.135591026983 -0.114807462589 -0.0971163063265 -0.179331746042 -0.111300483584 0.102602270601 -0.00210233568121 0.00631637887497 -0.0359752464792 0.295064815008 0.105015244882 -0.147055634236 -0.162962029577 -0.0755083676713 -0.0896407537172 -0.0983380020167 -0.0255450414983 -0.00481473783513 0.103760224223 -0.0358687460153 -0.0325492592431 -0.0292564252337 0.136019811618 -0.0552423163278 -0.0792701168331 -0.102059962126 -0.0237761153426 0.0206358059674 0.220122303127 0.163689807214 0.241810205632 0.0910519624963 0.00104983576304 0.0600650471301 -0.0134167324005 -0.186607754438 -0.0781785717263 -0.0434294649240 0.0369733433344 -0.0749536441286 -0.0310387190464 -0.0656280480631 0.0636334119236 0.0578103807721 0.197020132297 0.142627470251 0.174661709707 0.00722205778555
# sel_slope_srv:
 1.63667395802
# sel50_srv:
 4.99842415431
# sel_slope_srv_m:
 -0.0633836311794
# sel50_srv_m:
 0.0218892888891
# F40:
 0.120000000000
# F35:
 0.160000000000
# F30:
 0.210000000000
# R_logalpha:
-4.42770115417
# R_logbeta:
-6.41981071267
# sigmaR:
0.600000000000
# wt_fsh_fut_f:
 6.00000000000 8.00000000000 20.0000000000 31.0000000000 55.0000000000 133.000000000 204.000000000 244.000000000 288.000000000 327.000000000 368.000000000 382.000000000 404.000000000 412.000000000 449.000000000 459.000000000 486.000000000 469.000000000 510.000000000 530.000000000
# wt_fsh_fut_m:
 0.00000000000 4.00000000000 15.0000000000 34.0000000000 60.0000000000 134.000000000 191.000000000 241.000000000 257.000000000 293.000000000 312.000000000 328.000000000 341.000000000 358.000000000 360.000000000 368.000000000 376.000000000 410.000000000 383.000000000 413.000000000
# wt_pop_fut_f:
 6.00000000000 9.00000000000 18.0000000000 56.0000000000 65.0000000000 155.000000000 129.000000000 156.000000000 250.000000000 357.000000000 402.000000000 413.000000000 454.000000000 459.000000000 487.000000000 512.000000000 521.000000000 542.000000000 551.000000000 590.000000000
# wt_pop_fut_m:
 4.00000000000 9.00000000000 26.0000000000 58.0000000000 76.0000000000 94.0000000000 103.000000000 149.000000000 207.000000000 291.000000000 316.000000000 336.000000000 338.000000000 343.000000000 380.000000000 376.000000000 424.000000000 433.000000000 421.000000000 460.000000000
# log_msy_sel_f:
 -8.49269204107 -7.39048113883 -6.28914451920 -5.19043232428 -4.09959275788 -3.03196070288 -2.02854039436 -1.17530403211 -0.574673364178 -0.242879897325 -0.0937266581485 -0.0346271023688 -0.0125972062415 -0.00457289175155 -0.00166505858688 -0.000609107987741 -0.000223902840965 -0.000223904101084 -0.000223904362351 -0.000223904801217
# log_msy_sel_m:
 -8.43248285276 -7.37605028017 -6.32042638823 -5.26696195127 -4.21953314853 -3.18970130495 -2.21130999601 -1.36454006507 -0.748020053888 -0.372466525749 -0.171957303498 -0.0755670646607 -0.0324055992250 -0.0137740412438 -0.00584808886569 -0.00248829371019 -0.00106224847429 -0.00106224834081 -0.00106224814820 -0.00106224884960
# rec_dev_future:
 0.00000000000 0.00000000000 0.00000000000 0.00000000000 0.00000000000 0.00000000000 0.00000000000 0.00000000000 0.00000000000 0.00000000000
