# Number of parameters = 518 Objective function value = 1345.46098106037  Maximum gradient component = 0.000874272100706667
# ln_q_srv:
 -0.0717680000000000
# natmort_f:
0.120000000000
# natmort_m:
0.139351115858
# Linf_f:
38.0340000000
# K_f:
0.137000000000
# t0_f:
0.297000000000
# Linf_m:
34.0300000000
# K_m:
0.161000000000
# t0_m:
0.515000000000
# age_incr:
 0.00000000000 0.00000000000 0.00000000000 0.00000000000 0.00000000000 0.00000000000 0.00000000000 0.00000000000 0.00000000000 0.00000000000 0.00000000000
# yr_incr:
 0.00000000000 0.00000000000 0.00000000000 0.00000000000 0.00000000000 0.00000000000 0.00000000000 0.00000000000 0.00000000000 0.00000000000 0.00000000000 0.00000000000 0.00000000000 0.00000000000 0.00000000000 0.00000000000 0.00000000000 0.00000000000 0.00000000000 0.00000000000 0.00000000000 0.00000000000 0.00000000000 0.00000000000 0.00000000000 0.00000000000 0.00000000000 0.00000000000 0.00000000000 0.00000000000 0.00000000000 0.00000000000 0.00000000000 0.00000000000 0.00000000000 0.00000000000 0.00000000000 0.00000000000 0.00000000000 0.00000000000 0.00000000000 0.00000000000 0.00000000000 0.00000000000 0.00000000000 0.00000000000 0.00000000000 0.00000000000 0.00000000000 0.00000000000 0.00000000000 0.00000000000 0.00000000000 0.00000000000 0.00000000000 0.00000000000 0.00000000000 0.00000000000 0.00000000000 0.00000000000 0.00000000000 0.00000000000 0.00000000000 0.00000000000 0.00000000000 0.00000000000 0.00000000000 0.00000000000
# growth_alpha:
0.380000000000
# q_alpha:
 -0.246064625732
# q_beta[1]:
 0.0649492867180 0.0110334515383 -0.00968302268499
# mean_log_rec:
0.997308344619
# rec_dev:
 -0.276763241054 -0.483108179314 -0.631376699379 0.686585772925 0.282607213171 -0.145212648070 -0.308982203679 -0.898278646114 -0.253041093125 -0.902703234384 -0.981624527236 -0.708308741572 -0.661372575660 0.101747565747 0.548056973341 0.583911979549 0.864280521331 0.971596690673 0.728945332138 0.361822627487 0.648834756495 0.812657692442 0.379719958318 0.593987019968 0.180901539052 -0.272398847076 0.396464761170 0.101878021717 1.18390990370 -0.592451116249 0.951832811809 -0.149756213642 -0.403520968836 -0.0467795772459 0.281468917515 0.326691887461 -0.446949487780 -0.311974786586 0.486048583621 -0.0652901027522 -0.222218095824 -0.223167454083 0.683251386316 -0.189572696488 -0.360587429351 -0.149814063421 0.195930256224 -0.221674650484 0.0640836742876 0.0285322894901 0.453824901305 -0.369883515759 -0.299644675438 -0.198607204267 -0.262646060346 -0.0982194597758 0.231653513405 -0.767574344413 -1.56434657939 -0.794157800210 -0.825629484080 -0.169073038592 0.151899883846 1.12002894438 -0.0570329556996 1.03166336133 -0.109577922527 -0.0114502182562 -4.83402934606e-05
# mean_log_init:
-0.686645104584
# init_dev_m:
 0.492433259743 0.114797464582 0.00341464294851 -0.00970768763088 -0.0421783054381 -0.0503315278607 -0.0538745693623 -0.0575798883719 -0.0606494520912 -0.0631877950855 -0.0661401527105 -0.0689534546669 -0.0706758055720 -0.0714016427823 -0.0716687632727 -0.0718350704657 -0.0719657807794 -0.0720384156265 -0.0720857558967
# init_dev_f:
 1.03612805211 0.267842823622 0.0446995876388 0.0207817504604 -0.0415420949494 -0.0528472330100 -0.0564129494476 -0.0602404082201 -0.0634263487398 -0.0660620014617 -0.0691407156882 -0.0720702750251 -0.0738544290452 -0.0746006768596 -0.0748727659551 -0.0750412201850 -0.0751731442623 -0.0752460700284 -0.0752933705476
# log_avg_fmort:
 -2.44838945571
# fmort_dev:
 -2.53301961604 -2.34957987546 -1.78936611242 -1.76044271147 -1.09317850522 0.467989299666 1.70817076093 2.72050651493 4.06146252115 1.40407652865 1.29685057887 1.05557688051 1.68768861093 1.96739348898 1.86166936539 2.04970738739 2.16130031580 1.95913403029 1.28939763558 1.55947518619 0.393143526492 0.281043874578 0.247401019714 -0.522762244763 0.137349138491 -0.412186823671 -0.316220315682 -0.549106210828 -0.822481098905 -0.795109036099 -0.352840189990 0.0357425236962 -0.0508484843538 -0.0704083252130 0.157055709641 -0.139887331721 -0.858977663697 -0.651429271966 -0.517165673859 -0.622725189587 -0.359992401906 -0.486957923549 -0.541999495478 -0.0414640738679 -0.446670299539 -0.780678505891 -0.644138694494 -0.931060526651 -0.770364722497 -0.914568935215 -0.988712668805 -0.812223677317 -0.784277248290 -0.498940474677 -0.260446848456 -0.649863810993 -0.530213710088 -0.265220309483 -0.251009472892 -0.101835592508 -0.0739279223219 -0.215271203276 -0.122039201225 -0.158504221963 -0.166254984922 -0.137264799978 -0.0397509641050 -0.298805761965 -0.0219414700582
# sel_slope_fsh_f:
 1.20848580332
# sel50_fsh_f:
 8.61671399919
# sel_slope_fsh_devs_f:
 2.15475159981e-05 9.67439409836e-05 0.000417770797001 0.000847943310300 0.00268518161289 0.0158526139297 0.0548381232781 0.123455404754 0.210400179642 0.0267299688090 0.331399026385 0.145305610888 0.0611978991893 0.0417936492379 -0.258101792852 0.318569045324 0.368395731155 1.03003571192 1.07945060162 0.144457279328 0.207359489872 0.260043991657 -0.0872490298525 -0.495131801471 -0.0348556117422 -0.104656836012 -0.501239102796 -0.397557696627 -0.178248595138 -0.0140656188641 -0.0819096949071 -0.138647582522 0.203413206841 -0.159374823095 0.0684435307527 0.0662798707036 0.107901255145 -0.655711878578 -0.114697918926 -0.469323543227 0.105205941149 0.0225165109977 0.199548650635 -0.214978720878 -0.0458756229897 -0.107444424982 0.0407222731762 -0.154427518008 -0.0347821686934 -0.0540625711581 -0.117008888385 -0.293016805315 0.0673006094621 -0.276250227597 0.0161410951938 0.230108042515 -0.0739685431874 -0.0214320029550 -0.213253317609 0.0377577403790 0.0597217117599 -0.144464916565 -0.0322856706445 -0.273772624777 -0.0801160766303 -0.129498698461 0.223734290679 0.0840173184068 0.00124497465666
# sel50_fsh_devs_f:
 -9.55818254784e-05 -5.41011566231e-05 0.000164733687285 0.000759203266817 0.00360327179111 0.0307099098030 0.126664169166 0.273915825724 0.452241906894 -0.0906399674085 -0.0739329713338 0.0724823996209 0.138541220213 0.135993435421 0.302997695043 0.0484459641950 0.236466752073 -0.272166797378 0.178295160017 0.0822320048350 -0.228693647634 -0.0545532232457 0.0576983143343 -0.144295190478 -0.0953254937439 -0.0935236337712 0.0447010696450 -0.0188587249700 -0.112774768000 -0.201080588068 -0.0652517035473 -0.0289203541554 -0.112379959183 0.0699414059912 0.0194467615589 0.0836053325463 0.0158895306142 0.122066853648 -0.0500994100417 0.0697352341889 -0.0195894000219 -0.0869926124827 -0.0725139718890 0.0194738239329 -0.0183981092574 0.0763992638986 0.0291836266286 0.0180736358780 0.0839087180446 -0.0141854071033 -0.00399184966718 -0.0291885743092 -0.163628494792 0.0182106473715 -0.135195911160 -0.111008210803 -0.0877803974441 -0.0784552437412 -0.0227901424941 -0.00459961612188 0.0195267464774 0.0868491158598 0.00604926968514 0.00888740571327 -0.0364379942025 -0.0662546119610 -0.180165448025 -0.160240351186 0.000902149236225
# sel_slope_fsh_m:
 1.37518942269
# male_sel_offset:
0.00000000000
# sel_slope_fsh_devs_m:
 -1.28995845756e-05 -1.34730077335e-05 -2.53623935098e-05 -3.66122204163e-05 -0.000113313660351 -0.00103750276002 -0.00554098569965 -0.0175050499537 -0.331755148298 -0.0196930931737 1.13248693758 0.420891705225 0.219464840291 0.350655399605 0.337739058876 0.143023055398 0.622191604126 0.379465067780 0.456947104510 0.629808525356 0.129123353473 0.302989718413 -0.145441484505 0.0789508912724 -0.275014950425 -0.189760890963 -0.819163347748 -0.671262798843 -0.263850588104 -0.0929659932592 -0.00241083935606 0.0592351792055 0.201110706959 0.274750033163 0.248997374689 0.139430477007 -0.0817605976366 -0.491203257669 -0.0483087228900 -0.644791816508 -0.350732544242 -0.222303373979 -0.0721213193861 0.378229688898 -0.321810901871 -0.401629464735 -0.144685307444 -0.203755509408 0.0232307071823 0.158177155947 -0.145962991253 -0.223875415939 0.0779081323294 -0.00777610420722 -0.0760692878447 -0.202907773329 0.0729853262448 -0.126583198496 0.0916489127743 -0.0238862047545 0.0908257754062 -0.00967300973416 -0.0915788176541 -0.0383723345052 -0.0565910855318 -0.0481941863025 -0.0387240748219 -0.112490472748 0.00112578769708
# sel50_fsh_m:
 8.04698760339
# sel50_fsh_devs_m:
 -8.11811493548e-05 -8.77505037060e-05 -0.000136683384989 -0.000134512702699 -0.000299520835529 -0.00204413153708 -0.0105623772272 -0.0337592430785 -0.241360465822 -0.0167083052228 -0.742911163359 0.0303366010117 0.0608340969528 -0.0680715377600 0.0182074964969 0.0973456151473 -0.140651700897 -0.0586861597108 -0.0989293554560 -0.0859762567535 0.282615014455 -0.0937753073292 0.119846790319 0.0117771223771 0.0257788197234 -0.0279618585154 0.286015267210 0.0927860121387 -0.143506477094 -0.157841183532 -0.0619738996262 -0.0697346748507 -0.0850997390741 -0.0156827685982 0.00652729823923 0.107625388151 0.0853859626283 -0.0675251555757 -0.0200618584371 0.199828573992 0.158616979395 0.0329327037274 -0.0145750836828 -0.0458075679878 0.157079303036 0.296496520042 0.140701546856 0.140705804096 0.132681420389 0.00759390842230 0.0717778530076 0.00235035061248 -0.0540945705927 -0.0676615140026 -0.0528185828679 0.0543616581524 -0.0802559137019 -0.0382478290305 -0.0969674131596 -0.0228643420623 0.00361182586968 0.0870158074514 0.0601991057325 0.00967430633430 0.0374533391959 -0.0181061214349 -0.0448654282428 -0.0398201303941 0.00148530018610
# sel_slope_srv:
 1.61377954010
# sel50_srv:
 4.91300430016
# sel_slope_srv_m:
 0.00000000000
# sel50_srv_m:
 0.00000000000
# F40:
 0.120000000000
# F35:
 0.160000000000
# F30:
 0.210000000000
# R_logalpha:
-4.41987402014
# R_logbeta:
-6.55338786945
# sigmaR:
0.600000000000
# wt_fsh_fut_f:
 6.00000000000 8.00000000000 19.0000000000 35.0000000000 192.000000000 220.000000000 278.000000000 286.000000000 317.000000000 378.000000000 395.000000000 425.000000000 449.000000000 484.000000000 525.000000000 501.000000000 531.000000000 561.000000000 607.000000000 606.000000000
# wt_fsh_fut_m:
 0.00000000000 8.00000000000 20.0000000000 35.0000000000 186.000000000 218.000000000 252.000000000 236.000000000 292.000000000 310.000000000 327.000000000 357.000000000 374.000000000 396.000000000 371.000000000 408.000000000 370.000000000 428.000000000 503.000000000 473.000000000
# wt_pop_fut_f:
 6.00000000000 6.00000000000 21.0000000000 43.0000000000 103.000000000 188.000000000 248.000000000 321.000000000 365.000000000 453.000000000 438.000000000 478.000000000 540.000000000 564.000000000 592.000000000 637.000000000 602.000000000 635.000000000 650.000000000 667.000000000
# wt_pop_fut_m:
 4.00000000000 8.00000000000 24.0000000000 59.0000000000 110.000000000 180.000000000 232.000000000 250.000000000 267.000000000 332.000000000 331.000000000 374.000000000 420.000000000 428.000000000 435.000000000 455.000000000 462.000000000 449.000000000 431.000000000 448.000000000
# log_msy_sel_f:
 -8.97530955763 -7.63040605677 -6.28663177869 -4.94725793235 -3.62496562643 -2.36572598228 -1.29702826396 -0.583838041273 -0.220655174153 -0.0725337774895 -0.0220716046541 -0.00652790033215 -0.00191680481929 -0.000562671813259 -0.000165425658349 -4.87224253351e-05 -1.43723591722e-05 -1.43671813234e-05 -1.43709342495e-05 -1.43699694830e-05
# log_msy_sel_m:
 -8.94946781375 -7.64034011476 -6.33224389152 -5.02787210317 -3.73683879434 -2.49186327573 -1.38756952696 -0.596003089789 -0.198904504419 -0.0576273546575 -0.0158989125986 -0.00433648350499 -0.00118265254862 -0.000323502286690 -8.88243142842e-05 -2.44842366919e-05 -6.78055242065e-06 -6.77049939914e-06 -6.77803477428e-06 -6.77699051093e-06
# rec_dev_future:
 0.00000000000 0.00000000000 0.00000000000 0.00000000000 0.00000000000 0.00000000000 0.00000000000 0.00000000000 0.00000000000 0.00000000000
