ParName   Value   Gradient
natmort_m     0.139351  2.46258e-07
q_alpha(1)    -0.246065  3.51306e-06
q_beta[1](1)    0.0649493 -5.06175e-06
q_beta[1](2)    0.0110335 -2.66473e-06
q_beta[1](3)  -0.00968302  4.24428e-07
mean_log_rec     0.997308 -7.53147e-06
rec_dev(1954)    -0.276763 -2.74918e-05
rec_dev(1955)    -0.483108 -2.08086e-05
rec_dev(1956)    -0.631377 -2.74843e-05
rec_dev(1957)     0.686586 -7.91523e-05
rec_dev(1958)     0.282607  1.35831e-05
rec_dev(1959)    -0.145213  4.68836e-05
rec_dev(1960)    -0.308982  2.86026e-05
rec_dev(1961)    -0.898279  3.92147e-06
rec_dev(1962)    -0.253041   8.6242e-07
rec_dev(1963)    -0.902703 -6.60032e-06
rec_dev(1964)    -0.981625 -2.99064e-06
rec_dev(1965)    -0.708309 -2.35213e-05
rec_dev(1966)    -0.661373 -1.29914e-05
rec_dev(1967)     0.101748 -4.88729e-05
rec_dev(1968)     0.548057 -4.76702e-05
rec_dev(1969)     0.583912 -2.08584e-05
rec_dev(1970)     0.864281  -2.5054e-05
rec_dev(1971)     0.971597 -1.37584e-05
rec_dev(1972)     0.728945 -8.71813e-06
rec_dev(1973)     0.361823 -8.00522e-06
rec_dev(1974)     0.648835  9.75435e-07
rec_dev(1975)     0.812658  -2.2332e-06
rec_dev(1976)      0.37972  -2.7992e-06
rec_dev(1977)     0.593987  4.29683e-06
rec_dev(1978)     0.180902 -3.55349e-07
rec_dev(1979)    -0.272399  2.52681e-07
rec_dev(1980)     0.396465 -1.83672e-06
rec_dev(1981)     0.101878  1.69974e-06
rec_dev(1982)      1.18391  -3.4121e-05
rec_dev(1983)    -0.592451 -1.28214e-06
rec_dev(1984)     0.951833 -1.20182e-05
rec_dev(1985)    -0.149756  7.30491e-07
rec_dev(1986)    -0.403521  3.02653e-06
rec_dev(1987)   -0.0467796 -4.15087e-06
rec_dev(1988)     0.281469 -3.01861e-06
rec_dev(1989)     0.326692 -4.74438e-06
rec_dev(1990)    -0.446949  1.32093e-06
rec_dev(1991)    -0.311975  6.86648e-06
rec_dev(1992)     0.486049  3.30996e-06
rec_dev(1993)   -0.0652901  7.36884e-06
rec_dev(1994)    -0.222218 -1.36187e-06
rec_dev(1995)    -0.223167  8.42657e-06
rec_dev(1996)     0.683251  9.32146e-06
rec_dev(1997)    -0.189573 -3.78376e-07
rec_dev(1998)    -0.360587  6.00711e-06
rec_dev(1999)    -0.149814 -1.25868e-06
rec_dev(2000)      0.19593  1.76137e-06
rec_dev(2001)    -0.221675  9.33923e-07
rec_dev(2002)    0.0640837  6.01135e-06
rec_dev(2003)    0.0285323  7.90743e-06
rec_dev(2004)     0.453825  1.52167e-05
rec_dev(2005)    -0.369884  1.15173e-05
rec_dev(2006)    -0.299645  1.35721e-05
rec_dev(2007)    -0.198607  4.79958e-06
rec_dev(2008)    -0.262646  4.78477e-06
rec_dev(2009)   -0.0982195  1.58557e-05
rec_dev(2010)     0.231654  3.96788e-07
rec_dev(2011)    -0.767574  4.21835e-06
rec_dev(2012)     -1.56435  4.85281e-06
rec_dev(2013)    -0.794158 -7.01461e-06
rec_dev(2014)    -0.825629 -2.90751e-06
rec_dev(2015)    -0.169073  1.39812e-05
rec_dev(2016)       0.1519  9.91398e-06
rec_dev(2017)      1.12003  8.51837e-06
rec_dev(2018)    -0.057033  -1.3197e-06
rec_dev(2019)      1.03166 -1.84504e-06
rec_dev(2020)    -0.109578  1.91054e-07
rec_dev(2021)   -0.0114502   2.0138e-07
rec_dev(2022) -4.83403e-05  9.20212e-07
mean_log_init    -0.686645 -4.85935e-06
init_dev_m(2)     0.492433 -1.97844e-06
init_dev_m(3)     0.114797  -2.2988e-06
init_dev_m(4)   0.00341464  -1.7629e-06
init_dev_m(5)  -0.00970769 -7.31787e-07
init_dev_m(6)   -0.0421783 -1.81112e-06
init_dev_m(7)   -0.0503315 -8.48709e-07
init_dev_m(8)   -0.0538746 -2.76289e-06
init_dev_m(9)   -0.0575799 -2.06177e-06
init_dev_m(10)   -0.0606495 -5.19861e-06
init_dev_m(11)   -0.0631878 -3.61895e-06
init_dev_m(12)   -0.0661402 -1.79815e-06
init_dev_m(13)   -0.0689535 -3.84241e-06
init_dev_m(14)   -0.0706758 -3.05722e-06
init_dev_m(15)   -0.0714016 -3.97031e-06
init_dev_m(16)   -0.0716688 -2.08029e-06
init_dev_m(17)   -0.0718351 -3.79113e-06
init_dev_m(18)   -0.0719658 -4.67082e-06
init_dev_m(19)   -0.0720384 -3.78235e-06
init_dev_m(20)   -0.0720858 -3.54721e-06
init_dev_f(2)      1.03613 -6.02672e-06
init_dev_f(3)     0.267843 -1.06683e-05
init_dev_f(4)    0.0446996 -5.12074e-06
init_dev_f(5)    0.0207818  -6.8591e-07
init_dev_f(6)   -0.0415421 -1.19541e-06
init_dev_f(7)   -0.0528472 -1.27268e-06
init_dev_f(8)   -0.0564129 -4.69215e-07
init_dev_f(9)   -0.0602404 -2.38433e-06
init_dev_f(10)   -0.0634263 -1.95582e-06
init_dev_f(11)    -0.066062 -3.48371e-06
init_dev_f(12)   -0.0691407 -3.60544e-06
init_dev_f(13)   -0.0720703 -4.45525e-06
init_dev_f(14)   -0.0738544  -3.6718e-06
init_dev_f(15)   -0.0746007 -5.21705e-06
init_dev_f(16)   -0.0748728 -3.87894e-06
init_dev_f(17)   -0.0750412 -2.96446e-06
init_dev_f(18)   -0.0751731 -4.79813e-06
init_dev_f(19)   -0.0752461 -3.68388e-06
init_dev_f(20)   -0.0752934 -4.27629e-06
log_avg_fmort(1)     -2.44839 -6.51564e-06
fmort_dev(1,1954)     -2.53302 -1.40861e-05
fmort_dev(1,1955)     -2.34958 -1.34207e-05
fmort_dev(1,1956)     -1.78937  -7.0053e-06
fmort_dev(1,1957)     -1.76044 -6.06497e-06
fmort_dev(1,1958)     -1.09318 -6.22559e-06
fmort_dev(1,1959)     0.467989 -1.32378e-05
fmort_dev(1,1960)      1.70817  5.41504e-05
fmort_dev(1,1961)      2.72051  8.72515e-06
fmort_dev(1,1962)      4.06146 -3.02362e-05
fmort_dev(1,1963)      1.40408 -6.36245e-05
fmort_dev(1,1964)      1.29685  6.98811e-05
fmort_dev(1,1965)      1.05558 -0.000101268
fmort_dev(1,1966)      1.68769 -2.09567e-05
fmort_dev(1,1967)      1.96739 -2.96171e-06
fmort_dev(1,1968)      1.86167  3.66857e-05
fmort_dev(1,1969)      2.04971  4.75065e-05
fmort_dev(1,1970)       2.1613  3.32266e-05
fmort_dev(1,1971)      1.95913  7.13579e-05
fmort_dev(1,1972)       1.2894 -1.81354e-05
fmort_dev(1,1973)      1.55948  6.53983e-05
fmort_dev(1,1974)     0.393144 -0.000194625
fmort_dev(1,1975)     0.281044 -1.29717e-05
fmort_dev(1,1976)     0.247401  3.73286e-06
fmort_dev(1,1977)    -0.522762  1.12172e-05
fmort_dev(1,1978)     0.137349 -6.24077e-06
fmort_dev(1,1979)    -0.412187 -3.19398e-06
fmort_dev(1,1980)     -0.31622 -9.33704e-06
fmort_dev(1,1981)    -0.549106 -3.57699e-06
fmort_dev(1,1982)    -0.822481 -1.42476e-07
fmort_dev(1,1983)    -0.795109  2.70748e-06
fmort_dev(1,1984)     -0.35284    2.669e-06
fmort_dev(1,1985)    0.0357425  2.01544e-06
fmort_dev(1,1986)   -0.0508485  2.51302e-06
fmort_dev(1,1987)   -0.0704083  5.03263e-06
fmort_dev(1,1988)     0.157056  7.92156e-06
fmort_dev(1,1989)    -0.139887 -3.29501e-06
fmort_dev(1,1990)    -0.858978 -1.04003e-05
fmort_dev(1,1991)    -0.651429 -5.89156e-06
fmort_dev(1,1992)    -0.517166 -7.35312e-06
fmort_dev(1,1993)    -0.622725 -4.71751e-06
fmort_dev(1,1994)    -0.359992 -8.33901e-06
fmort_dev(1,1995)    -0.486958 -4.63643e-06
fmort_dev(1,1996)    -0.541999 -2.70829e-06
fmort_dev(1,1997)   -0.0414641 -4.69748e-06
fmort_dev(1,1998)     -0.44667   -5.888e-06
fmort_dev(1,1999)    -0.780679 -9.12598e-06
fmort_dev(1,2000)    -0.644139 -8.74502e-06
fmort_dev(1,2001)    -0.931061 -5.86993e-06
fmort_dev(1,2002)    -0.770365 -3.75595e-06
fmort_dev(1,2003)    -0.914569 -5.22688e-06
fmort_dev(1,2004)    -0.988713 -7.11594e-07
fmort_dev(1,2005)    -0.812224  -2.1452e-06
fmort_dev(1,2006)    -0.784277  5.91985e-06
fmort_dev(1,2007)     -0.49894  1.63767e-06
fmort_dev(1,2008)    -0.260447 -2.16153e-06
fmort_dev(1,2009)    -0.649864  -9.1963e-07
fmort_dev(1,2010)    -0.530214  1.00305e-06
fmort_dev(1,2011)     -0.26522 -4.20247e-07
fmort_dev(1,2012)    -0.251009  9.82919e-07
fmort_dev(1,2013)    -0.101836  1.01734e-06
fmort_dev(1,2014)   -0.0739279  2.59839e-06
fmort_dev(1,2015)    -0.215271  2.59227e-06
fmort_dev(1,2016)    -0.122039 -5.59846e-07
fmort_dev(1,2017)    -0.158504  6.18549e-06
fmort_dev(1,2018)    -0.166255 -1.02256e-05
fmort_dev(1,2019)    -0.137265 -6.62753e-06
fmort_dev(1,2020)    -0.039751 -1.36924e-05
fmort_dev(1,2021)    -0.298806 -1.64766e-05
fmort_dev(1,2022)   -0.0219415   9.1566e-05
sel_slope_fsh_f(1)      1.20849   3.3973e-05
sel50_fsh_f(1)      8.61671  1.15534e-05
sel_slope_fsh_devs_f(1,1954)  2.15475e-05  1.55397e-07
sel_slope_fsh_devs_f(1,1955)  9.67439e-05 -8.26271e-08
sel_slope_fsh_devs_f(1,1956)  0.000417771 -6.15103e-08
sel_slope_fsh_devs_f(1,1957)  0.000847943 -3.49915e-07
sel_slope_fsh_devs_f(1,1958)   0.00268518 -5.77044e-08
sel_slope_fsh_devs_f(1,1959)    0.0158526 -7.88229e-07
sel_slope_fsh_devs_f(1,1960)    0.0548381 -1.92235e-07
sel_slope_fsh_devs_f(1,1961)     0.123455  2.91254e-06
sel_slope_fsh_devs_f(1,1962)       0.2104 -1.52338e-06
sel_slope_fsh_devs_f(1,1963)      0.02673  3.84342e-06
sel_slope_fsh_devs_f(1,1964)     0.331399 -4.18146e-06
sel_slope_fsh_devs_f(1,1965)     0.145306  6.28834e-06
sel_slope_fsh_devs_f(1,1966)    0.0611979  1.93932e-06
sel_slope_fsh_devs_f(1,1967)    0.0417936 -2.51583e-06
sel_slope_fsh_devs_f(1,1968)    -0.258102 -6.01273e-06
sel_slope_fsh_devs_f(1,1969)     0.318569 -1.14741e-05
sel_slope_fsh_devs_f(1,1970)     0.368396  3.95937e-07
sel_slope_fsh_devs_f(1,1971)      1.03004 -1.10898e-06
sel_slope_fsh_devs_f(1,1972)      1.07945 -1.23236e-06
sel_slope_fsh_devs_f(1,1973)     0.144457 -1.68074e-05
sel_slope_fsh_devs_f(1,1974)     0.207359  1.95659e-05
sel_slope_fsh_devs_f(1,1975)     0.260044  5.93604e-07
sel_slope_fsh_devs_f(1,1976)    -0.087249  4.63878e-08
sel_slope_fsh_devs_f(1,1977)    -0.495132  1.57134e-06
sel_slope_fsh_devs_f(1,1978)   -0.0348556  1.14347e-06
sel_slope_fsh_devs_f(1,1979)    -0.104657  6.85827e-07
sel_slope_fsh_devs_f(1,1980)    -0.501239  1.34663e-06
sel_slope_fsh_devs_f(1,1981)    -0.397558  8.96711e-08
sel_slope_fsh_devs_f(1,1982)    -0.178249 -1.08362e-06
sel_slope_fsh_devs_f(1,1983)   -0.0140656  1.46623e-06
sel_slope_fsh_devs_f(1,1984)   -0.0819097   6.6238e-07
sel_slope_fsh_devs_f(1,1985)    -0.138648 -1.05615e-06
sel_slope_fsh_devs_f(1,1986)     0.203413 -6.57619e-08
sel_slope_fsh_devs_f(1,1987)    -0.159375  1.93191e-07
sel_slope_fsh_devs_f(1,1988)    0.0684435  5.36822e-07
sel_slope_fsh_devs_f(1,1989)    0.0662799   2.0569e-06
sel_slope_fsh_devs_f(1,1990)     0.107901  3.68323e-07
sel_slope_fsh_devs_f(1,1991)    -0.655712 -1.48542e-06
sel_slope_fsh_devs_f(1,1992)    -0.114698  6.28239e-07
sel_slope_fsh_devs_f(1,1993)    -0.469324 -2.01907e-07
sel_slope_fsh_devs_f(1,1994)     0.105206  6.36143e-07
sel_slope_fsh_devs_f(1,1995)    0.0225165  9.44002e-07
sel_slope_fsh_devs_f(1,1996)     0.199549  1.69112e-06
sel_slope_fsh_devs_f(1,1997)    -0.214979  1.43383e-07
sel_slope_fsh_devs_f(1,1998)   -0.0458756  5.39181e-07
sel_slope_fsh_devs_f(1,1999)    -0.107444 -7.68951e-07
sel_slope_fsh_devs_f(1,2000)    0.0407223  7.75528e-07
sel_slope_fsh_devs_f(1,2001)    -0.154428  3.21574e-06
sel_slope_fsh_devs_f(1,2002)   -0.0347822  1.83244e-06
sel_slope_fsh_devs_f(1,2003)   -0.0540626   1.4303e-06
sel_slope_fsh_devs_f(1,2004)    -0.117009  2.98129e-07
sel_slope_fsh_devs_f(1,2005)    -0.293017  3.00456e-06
sel_slope_fsh_devs_f(1,2006)    0.0673006  6.00337e-07
sel_slope_fsh_devs_f(1,2007)     -0.27625   1.2709e-06
sel_slope_fsh_devs_f(1,2008)    0.0161411 -1.12601e-06
sel_slope_fsh_devs_f(1,2009)     0.230108  6.69934e-07
sel_slope_fsh_devs_f(1,2010)   -0.0739685  6.66808e-07
sel_slope_fsh_devs_f(1,2011)    -0.021432  7.43174e-07
sel_slope_fsh_devs_f(1,2012)    -0.213253  8.76589e-07
sel_slope_fsh_devs_f(1,2013)    0.0377577  6.90399e-07
sel_slope_fsh_devs_f(1,2014)    0.0597217  1.27164e-06
sel_slope_fsh_devs_f(1,2015)    -0.144465  1.91479e-07
sel_slope_fsh_devs_f(1,2016)   -0.0322857  1.01408e-06
sel_slope_fsh_devs_f(1,2017)    -0.273773  4.35526e-07
sel_slope_fsh_devs_f(1,2018)   -0.0801161  8.16329e-07
sel_slope_fsh_devs_f(1,2019)    -0.129499  8.72564e-08
sel_slope_fsh_devs_f(1,2020)     0.223734  9.63608e-05
sel_slope_fsh_devs_f(1,2021)    0.0840173  0.000100578
sel_slope_fsh_devs_f(1,2022)   0.00124497  0.000117682
sel50_fsh_devs_f(1,1954) -9.55818e-05    9.879e-07
sel50_fsh_devs_f(1,1955) -5.41012e-05  7.13888e-07
sel50_fsh_devs_f(1,1956)  0.000164734  1.08956e-06
sel50_fsh_devs_f(1,1957)  0.000759203  7.25154e-07
sel50_fsh_devs_f(1,1958)   0.00360327  1.22922e-06
sel50_fsh_devs_f(1,1959)    0.0307099 -3.16779e-06
sel50_fsh_devs_f(1,1960)     0.126664 -2.14448e-05
sel50_fsh_devs_f(1,1961)     0.273916 -2.90623e-06
sel50_fsh_devs_f(1,1962)     0.452242 -2.99688e-05
sel50_fsh_devs_f(1,1963)     -0.09064  0.000114975
sel50_fsh_devs_f(1,1964)    -0.073933 -0.000158909
sel50_fsh_devs_f(1,1965)    0.0724824  0.000259292
sel50_fsh_devs_f(1,1966)     0.138541  3.89264e-05
sel50_fsh_devs_f(1,1967)     0.135993 -3.65918e-05
sel50_fsh_devs_f(1,1968)     0.302998 -7.06209e-05
sel50_fsh_devs_f(1,1969)     0.048446 -0.000115354
sel50_fsh_devs_f(1,1970)     0.236467 -5.00947e-05
sel50_fsh_devs_f(1,1971)    -0.272167 -0.000156716
sel50_fsh_devs_f(1,1972)     0.178295  3.85355e-06
sel50_fsh_devs_f(1,1973)     0.082232  -0.00010929
sel50_fsh_devs_f(1,1974)    -0.228694  0.000351066
sel50_fsh_devs_f(1,1975)   -0.0545532  1.26557e-05
sel50_fsh_devs_f(1,1976)    0.0576983 -8.30717e-06
sel50_fsh_devs_f(1,1977)    -0.144295  1.74226e-07
sel50_fsh_devs_f(1,1978)   -0.0953255  1.16942e-05
sel50_fsh_devs_f(1,1979)   -0.0935236  4.44269e-06
sel50_fsh_devs_f(1,1980)    0.0447011  1.06196e-05
sel50_fsh_devs_f(1,1981)   -0.0188587 -1.36415e-06
sel50_fsh_devs_f(1,1982)    -0.112775 -9.08377e-06
sel50_fsh_devs_f(1,1983)    -0.201081  5.53502e-07
sel50_fsh_devs_f(1,1984)   -0.0652517 -4.60836e-06
sel50_fsh_devs_f(1,1985)   -0.0289204 -5.73516e-06
sel50_fsh_devs_f(1,1986)     -0.11238  2.16062e-06
sel50_fsh_devs_f(1,1987)    0.0699414 -4.64134e-06
sel50_fsh_devs_f(1,1988)    0.0194468 -6.56434e-06
sel50_fsh_devs_f(1,1989)    0.0836053 -2.34434e-06
sel50_fsh_devs_f(1,1990)    0.0158895 -4.32268e-07
sel50_fsh_devs_f(1,1991)     0.122067 -7.93754e-08
sel50_fsh_devs_f(1,1992)   -0.0500994   5.0823e-09
sel50_fsh_devs_f(1,1993)    0.0697352  3.20349e-06
sel50_fsh_devs_f(1,1994)   -0.0195894   4.5229e-06
sel50_fsh_devs_f(1,1995)   -0.0869926   3.1965e-06
sel50_fsh_devs_f(1,1996)    -0.072514 -3.36048e-07
sel50_fsh_devs_f(1,1997)    0.0194738 -1.11539e-06
sel50_fsh_devs_f(1,1998)   -0.0183981  1.63517e-06
sel50_fsh_devs_f(1,1999)    0.0763993 -1.48148e-06
sel50_fsh_devs_f(1,2000)    0.0291836 -4.24326e-07
sel50_fsh_devs_f(1,2001)    0.0180736   5.3088e-06
sel50_fsh_devs_f(1,2002)    0.0839087  3.74433e-06
sel50_fsh_devs_f(1,2003)   -0.0141854 -1.17075e-06
sel50_fsh_devs_f(1,2004)  -0.00399185  3.64144e-06
sel50_fsh_devs_f(1,2005)   -0.0291886 -1.44024e-06
sel50_fsh_devs_f(1,2006)    -0.163628  6.99756e-07
sel50_fsh_devs_f(1,2007)    0.0182106  6.01863e-06
sel50_fsh_devs_f(1,2008)    -0.135196  -3.0198e-07
sel50_fsh_devs_f(1,2009)    -0.111008  2.29117e-07
sel50_fsh_devs_f(1,2010)   -0.0877804 -3.74028e-06
sel50_fsh_devs_f(1,2011)   -0.0784552 -3.88953e-06
sel50_fsh_devs_f(1,2012)   -0.0227901 -3.97781e-08
sel50_fsh_devs_f(1,2013)  -0.00459962 -1.19179e-06
sel50_fsh_devs_f(1,2014)    0.0195267  1.37957e-06
sel50_fsh_devs_f(1,2015)    0.0868491 -2.46276e-06
sel50_fsh_devs_f(1,2016)   0.00604927 -2.66649e-06
sel50_fsh_devs_f(1,2017)   0.00888741 -4.29783e-06
sel50_fsh_devs_f(1,2018)    -0.036438  1.11257e-06
sel50_fsh_devs_f(1,2019)   -0.0662546 -3.21458e-06
sel50_fsh_devs_f(1,2020)    -0.180165  0.000503561
sel50_fsh_devs_f(1,2021)     -0.16024  0.000463403
sel50_fsh_devs_f(1,2022)  0.000902149  0.000609913
sel_slope_fsh_m(1)      1.37519 -3.82675e-05
sel_slope_fsh_devs_m(1,1954) -1.28996e-05 -4.41777e-07
sel_slope_fsh_devs_m(1,1955)  -1.3473e-05  3.40465e-07
sel_slope_fsh_devs_m(1,1956) -2.53624e-05  1.70224e-08
sel_slope_fsh_devs_m(1,1957) -3.66122e-05 -1.18163e-07
sel_slope_fsh_devs_m(1,1958) -0.000113314 -1.95346e-07
sel_slope_fsh_devs_m(1,1959)   -0.0010375  1.22957e-07
sel_slope_fsh_devs_m(1,1960)  -0.00554099 -9.52308e-07
sel_slope_fsh_devs_m(1,1961)    -0.017505  -1.7306e-06
sel_slope_fsh_devs_m(1,1962)    -0.331755   1.6298e-05
sel_slope_fsh_devs_m(1,1963)   -0.0196931  5.14966e-07
sel_slope_fsh_devs_m(1,1964)      1.13249 -1.49942e-06
sel_slope_fsh_devs_m(1,1965)     0.420892   2.3593e-06
sel_slope_fsh_devs_m(1,1966)     0.219465   2.9073e-06
sel_slope_fsh_devs_m(1,1967)     0.350655  1.47055e-06
sel_slope_fsh_devs_m(1,1968)     0.337739 -1.93336e-06
sel_slope_fsh_devs_m(1,1969)     0.143023 -6.65047e-06
sel_slope_fsh_devs_m(1,1970)     0.622192  1.69948e-07
sel_slope_fsh_devs_m(1,1971)     0.379465 -9.72227e-06
sel_slope_fsh_devs_m(1,1972)     0.456947  -3.4492e-06
sel_slope_fsh_devs_m(1,1973)     0.629809 -1.09716e-05
sel_slope_fsh_devs_m(1,1974)     0.129123  4.32534e-06
sel_slope_fsh_devs_m(1,1975)      0.30299  2.06621e-06
sel_slope_fsh_devs_m(1,1976)    -0.145441  7.25861e-07
sel_slope_fsh_devs_m(1,1977)    0.0789509   1.2442e-08
sel_slope_fsh_devs_m(1,1978)    -0.275015  1.82847e-06
sel_slope_fsh_devs_m(1,1979)    -0.189761   7.9204e-07
sel_slope_fsh_devs_m(1,1980)    -0.819163  1.24767e-06
sel_slope_fsh_devs_m(1,1981)    -0.671263  5.38543e-07
sel_slope_fsh_devs_m(1,1982)    -0.263851 -2.59916e-07
sel_slope_fsh_devs_m(1,1983)    -0.092966 -5.00718e-07
sel_slope_fsh_devs_m(1,1984)  -0.00241084   3.7363e-07
sel_slope_fsh_devs_m(1,1985)    0.0592352  5.04075e-07
sel_slope_fsh_devs_m(1,1986)     0.201111  7.62434e-08
sel_slope_fsh_devs_m(1,1987)      0.27475  1.77031e-07
sel_slope_fsh_devs_m(1,1988)     0.248997 -1.70333e-06
sel_slope_fsh_devs_m(1,1989)      0.13943  -1.3666e-07
sel_slope_fsh_devs_m(1,1990)   -0.0817606 -8.01803e-07
sel_slope_fsh_devs_m(1,1991)    -0.491203  5.62798e-08
sel_slope_fsh_devs_m(1,1992)   -0.0483087 -4.06543e-07
sel_slope_fsh_devs_m(1,1993)    -0.644792 -1.03797e-07
sel_slope_fsh_devs_m(1,1994)    -0.350733  -2.9273e-07
sel_slope_fsh_devs_m(1,1995)    -0.222303  2.02142e-06
sel_slope_fsh_devs_m(1,1996)   -0.0721213  3.12469e-07
sel_slope_fsh_devs_m(1,1997)      0.37823  3.25952e-07
sel_slope_fsh_devs_m(1,1998)    -0.321811 -4.13469e-07
sel_slope_fsh_devs_m(1,1999)    -0.401629 -8.24867e-07
sel_slope_fsh_devs_m(1,2000)    -0.144685 -1.19148e-06
sel_slope_fsh_devs_m(1,2001)    -0.203756 -7.56521e-07
sel_slope_fsh_devs_m(1,2002)    0.0232307  6.42749e-08
sel_slope_fsh_devs_m(1,2003)     0.158177  9.93361e-10
sel_slope_fsh_devs_m(1,2004)    -0.145963 -1.51352e-06
sel_slope_fsh_devs_m(1,2005)    -0.223875  1.28149e-06
sel_slope_fsh_devs_m(1,2006)    0.0779081 -1.12981e-06
sel_slope_fsh_devs_m(1,2007)   -0.0077761  -2.9763e-07
sel_slope_fsh_devs_m(1,2008)   -0.0760693  4.54748e-07
sel_slope_fsh_devs_m(1,2009)    -0.202908 -5.53927e-07
sel_slope_fsh_devs_m(1,2010)    0.0729853  8.62128e-08
sel_slope_fsh_devs_m(1,2011)    -0.126583  5.91835e-08
sel_slope_fsh_devs_m(1,2012)    0.0916489 -3.49472e-07
sel_slope_fsh_devs_m(1,2013)   -0.0238862  6.11467e-07
sel_slope_fsh_devs_m(1,2014)    0.0908258 -4.11039e-07
sel_slope_fsh_devs_m(1,2015)  -0.00967301  2.87315e-08
sel_slope_fsh_devs_m(1,2016)   -0.0915788  1.50557e-07
sel_slope_fsh_devs_m(1,2017)   -0.0383723 -1.19295e-07
sel_slope_fsh_devs_m(1,2018)   -0.0565911  3.75422e-08
sel_slope_fsh_devs_m(1,2019)   -0.0481942 -1.47657e-06
sel_slope_fsh_devs_m(1,2020)   -0.0387241 -0.000122814
sel_slope_fsh_devs_m(1,2021)     -0.11249 -9.42493e-05
sel_slope_fsh_devs_m(1,2022)   0.00112579 -0.000167323
sel50_fsh_m(1)      8.04699 -1.89734e-05
sel50_fsh_devs_m(1,1954) -8.11811e-05  1.59461e-06
sel50_fsh_devs_m(1,1955) -8.77505e-05  2.95888e-06
sel50_fsh_devs_m(1,1956) -0.000136683  7.39627e-07
sel50_fsh_devs_m(1,1957) -0.000134513  1.09153e-06
sel50_fsh_devs_m(1,1958) -0.000299521  1.12454e-06
sel50_fsh_devs_m(1,1959)  -0.00204413  2.41873e-08
sel50_fsh_devs_m(1,1960)   -0.0105624  -1.1382e-05
sel50_fsh_devs_m(1,1961)   -0.0337592 -2.33169e-05
sel50_fsh_devs_m(1,1962)     -0.24136  0.000108231
sel50_fsh_devs_m(1,1963)   -0.0167083 -1.13418e-05
sel50_fsh_devs_m(1,1964)    -0.742911  9.77494e-06
sel50_fsh_devs_m(1,1965)    0.0303366  0.000131704
sel50_fsh_devs_m(1,1966)    0.0608341  3.75979e-05
sel50_fsh_devs_m(1,1967)   -0.0680715  2.19637e-05
sel50_fsh_devs_m(1,1968)    0.0182075 -0.000105213
sel50_fsh_devs_m(1,1969)    0.0973456 -6.19672e-05
sel50_fsh_devs_m(1,1970)    -0.140652 -1.85269e-05
sel50_fsh_devs_m(1,1971)   -0.0586862 -0.000184271
sel50_fsh_devs_m(1,1972)   -0.0989294 -1.32458e-05
sel50_fsh_devs_m(1,1973)   -0.0859763 -0.000237573
sel50_fsh_devs_m(1,1974)     0.282615  5.95961e-05
sel50_fsh_devs_m(1,1975)   -0.0937753  3.63763e-05
sel50_fsh_devs_m(1,1976)     0.119847  6.83511e-06
sel50_fsh_devs_m(1,1977)    0.0117771 -1.43833e-05
sel50_fsh_devs_m(1,1978)    0.0257788  1.10884e-05
sel50_fsh_devs_m(1,1979)   -0.0279619  5.76771e-06
sel50_fsh_devs_m(1,1980)     0.286015  1.01682e-05
sel50_fsh_devs_m(1,1981)     0.092786  7.34812e-06
sel50_fsh_devs_m(1,1982)    -0.143506  1.58082e-06
sel50_fsh_devs_m(1,1983)    -0.157841  2.01468e-06
sel50_fsh_devs_m(1,1984)   -0.0619739 -9.49824e-07
sel50_fsh_devs_m(1,1985)   -0.0697347  1.93232e-06
sel50_fsh_devs_m(1,1986)   -0.0850997    3.336e-06
sel50_fsh_devs_m(1,1987)   -0.0156828 -1.01362e-06
sel50_fsh_devs_m(1,1988)    0.0065273 -1.06272e-05
sel50_fsh_devs_m(1,1989)     0.107625  4.44798e-06
sel50_fsh_devs_m(1,1990)     0.085386  -3.8978e-06
sel50_fsh_devs_m(1,1991)   -0.0675252 -5.00544e-07
sel50_fsh_devs_m(1,1992)   -0.0200619  3.57852e-06
sel50_fsh_devs_m(1,1993)     0.199829  2.24489e-07
sel50_fsh_devs_m(1,1994)     0.158617 -1.56607e-06
sel50_fsh_devs_m(1,1995)    0.0329327  7.19951e-06
sel50_fsh_devs_m(1,1996)   -0.0145751   2.8578e-06
sel50_fsh_devs_m(1,1997)   -0.0458076  3.48272e-07
sel50_fsh_devs_m(1,1998)     0.157079  9.85266e-07
sel50_fsh_devs_m(1,1999)     0.296497  2.18023e-06
sel50_fsh_devs_m(1,2000)     0.140702 -1.26324e-06
sel50_fsh_devs_m(1,2001)     0.140706 -6.19942e-07
sel50_fsh_devs_m(1,2002)     0.132681  8.52519e-06
sel50_fsh_devs_m(1,2003)   0.00759391   5.8909e-06
sel50_fsh_devs_m(1,2004)    0.0717779  -1.5941e-06
sel50_fsh_devs_m(1,2005)   0.00235035  4.53026e-06
sel50_fsh_devs_m(1,2006)   -0.0540946 -1.43893e-06
sel50_fsh_devs_m(1,2007)   -0.0676615  6.28315e-07
sel50_fsh_devs_m(1,2008)   -0.0528186   3.0626e-06
sel50_fsh_devs_m(1,2009)    0.0543617  9.28682e-07
sel50_fsh_devs_m(1,2010)   -0.0802559  2.53333e-06
sel50_fsh_devs_m(1,2011)   -0.0382478  7.26174e-06
sel50_fsh_devs_m(1,2012)   -0.0969674 -2.18279e-06
sel50_fsh_devs_m(1,2013)   -0.0228643   4.2424e-06
sel50_fsh_devs_m(1,2014)   0.00361183 -4.51936e-06
sel50_fsh_devs_m(1,2015)    0.0870158 -4.97443e-07
sel50_fsh_devs_m(1,2016)    0.0601991 -1.50755e-06
sel50_fsh_devs_m(1,2017)   0.00967431  2.21732e-06
sel50_fsh_devs_m(1,2018)    0.0374533  8.13806e-07
sel50_fsh_devs_m(1,2019)   -0.0181061 -4.16445e-06
sel50_fsh_devs_m(1,2020)   -0.0448654 -0.000652525
sel50_fsh_devs_m(1,2021)   -0.0398201  -0.00069887
sel50_fsh_devs_m(1,2022)    0.0014853 -0.000844416
sel_slope_srv(1)      1.61378 -6.18379e-07
sel50_srv(1)        4.913 -9.59384e-07
R_logalpha     -4.41987  1.23788e-06
R_logbeta     -6.55339 -2.55029e-06
log_msy_sel_f(1)     -8.97531  1.38383e-06
log_msy_sel_f(2)     -7.63041   3.7202e-06
log_msy_sel_f(3)     -6.28663 -1.41881e-06
log_msy_sel_f(4)     -4.94726  1.40927e-06
log_msy_sel_f(5)     -3.62497  1.46441e-07
log_msy_sel_f(6)     -2.36573  1.73369e-06
log_msy_sel_f(7)     -1.29703  1.11574e-06
log_msy_sel_f(8)    -0.583838  2.71337e-06
log_msy_sel_f(9)    -0.220655  2.55112e-06
log_msy_sel_f(10)   -0.0725338  7.14917e-07
log_msy_sel_f(11)   -0.0220716  7.70202e-07
log_msy_sel_f(12)   -0.0065279 -3.92817e-07
log_msy_sel_f(13)   -0.0019168  1.51495e-06
log_msy_sel_f(14) -0.000562672  1.43424e-06
log_msy_sel_f(15) -0.000165426  6.21598e-07
log_msy_sel_f(16) -4.87224e-05  6.26666e-07
log_msy_sel_f(17) -1.43724e-05  9.37699e-07
log_msy_sel_f(18) -1.43672e-05  3.00884e-06
log_msy_sel_f(19) -1.43709e-05  1.50767e-06
log_msy_sel_f(20)   -1.437e-05  1.89357e-06
log_msy_sel_m(1)     -8.94947  1.05658e-06
log_msy_sel_m(2)     -7.64034 -1.17389e-06
log_msy_sel_m(3)     -6.33224 -3.43444e-06
log_msy_sel_m(4)     -5.02787 -1.08906e-06
log_msy_sel_m(5)     -3.73684 -4.08751e-06
log_msy_sel_m(6)     -2.49186 -5.04721e-06
log_msy_sel_m(7)     -1.38757  -1.4884e-06
log_msy_sel_m(8)    -0.596003  -4.5203e-07
log_msy_sel_m(9)    -0.198905  1.76057e-06
log_msy_sel_m(10)   -0.0576274  4.79375e-07
log_msy_sel_m(11)   -0.0158989  2.34098e-06
log_msy_sel_m(12)  -0.00433648  1.56573e-06
log_msy_sel_m(13)  -0.00118265 -2.80078e-06
log_msy_sel_m(14) -0.000323502  -6.2272e-07
log_msy_sel_m(15) -8.88243e-05  2.36914e-06
log_msy_sel_m(16) -2.44842e-05  2.37086e-06
log_msy_sel_m(17) -6.78055e-06 -6.37485e-07
log_msy_sel_m(18)  -6.7705e-06  3.38372e-06
log_msy_sel_m(19) -6.77803e-06  3.69573e-07
log_msy_sel_m(20) -6.77699e-06  7.87279e-07
rec_dev_future(2023)            0            0
rec_dev_future(2024)            0            0
rec_dev_future(2025)            0            0
rec_dev_future(2026)            0            0
rec_dev_future(2027)            0            0
rec_dev_future(2028)            0            0
rec_dev_future(2029)            0            0
rec_dev_future(2030)            0            0
rec_dev_future(2031)            0            0
rec_dev_future(2032)            0            0
